2459998.87533 19.664 0.079 5.26 380.0
2460003.86687 19.830 0.092 5.07 397.0
2460007.85898 19.654 0.076 5.06 387.0
2460012.85378 19.923 0.096 4.57 478.0
2460015.85327 19.869 0.098 4.86 475.0
2460021.90779 19.958 0.125 4.57 757.0
2460024.88810 19.897 0.068 4.80 225.0
2460027.86259 19.913 0.086 5.27 284.0
2460030.81451 19.922 0.069 4.46 254.0
2460032.90466 19.782 0.069 4.59 265.0
2460035.85566 19.829 0.086 5.66 280.0
2460038.85490 19.767 0.066 4.47 294.0
2460040.90134 19.843 0.071 3.95 427.0
2460043.80190 19.758 0.079 4.82 461.0
2460049.84225 19.687 0.069 5.67 262.0
2460053.83024 19.973 0.072 4.68 245.0
2460057.78243 19.834 0.083 5.53 269.0
2460059.84338 19.833 0.094 6.08 301.0
2460061.89025 19.793 0.062 4.60 261.0
2460063.90009 19.680 0.067 4.61 351.0
2460067.84406 19.984 0.093 4.84 353.0
2460069.80732 19.656 0.101 5.41 589.0
2460071.74831 19.876 0.150 5.41 922.0
2460076.93287 20.040 0.153 5.11 777.0
2460086.80207 19.699 0.093 6.49 272.0
2460087.88323 19.707 0.072 5.27 323.0
2460088.78501 19.864 0.083 5.61 256.0
2460090.84651 19.959 0.121 6.38 324.0
2460095.87291 19.767 0.085 5.27 325.0
2460110.67653 19.827 0.072 5.29 230.0
2460111.90779 19.758 0.102 4.48 628.0
2460112.90516 20.155 0.121 5.17 357.0
2460114.87330 19.968 0.159 6.68 458.0
2460119.64548 20.036 0.124 6.45 284.0
2460120.81833 19.713 0.076 5.36 260.0
2460122.78845 19.572 0.066 5.19 260.0
2460124.61081 19.810 0.112 5.76 437.0
2460125.73614 19.827 0.123 5.87 455.0
2460126.59097 19.667 0.103 4.88 741.0
2460130.78897 19.537 0.130 6.79 731.0
2460133.56953 19.831 0.166 8.52 416.0
2460139.50570 19.826 0.116 5.97 410.0
2460140.80311 19.774 0.076 4.99 278.0
2460142.71509 19.935 0.101 6.33 218.0
2460148.59012 19.726 0.069 5.46 241.0
2460151.69958 19.680 0.076 5.30 282.0
2460153.71540 19.829 0.099 4.92 448.0
2460158.68807 19.653 0.105 4.89 848.0
2460160.63638 19.827 0.099 5.67 326.0
2460165.63698 19.839 0.073 5.05 257.0
2460169.53298 19.718 0.094 7.52 210.0
2460170.74322 19.843 0.076 4.61 263.0
2460173.63214 19.814 0.086 6.15 227.0
2460178.60954 19.785 0.090 6.36 219.0
2460180.66350 19.863 0.093 5.45 322.0
2460186.63159 19.805 0.131 5.29 739.0
2460193.62236 19.869 0.089 5.21 305.0
2460202.62085 19.806 0.085 5.15 297.0
2460206.49715 19.647 0.083 5.43 364.0
2460208.54954 19.844 0.141 7.35 361.0
2460215.55770 19.917 0.206 7.83 574.0
2460220.57797 20.061 0.163 7.13 345.0
2460224.55795 19.749 0.118 7.05 337.0
2460230.57162 19.917 0.141 5.96 468.0
2460243.55941 20.059 0.200 6.62 636.0
2460369.88845 19.845 0.088 4.19 468.0
2460378.86512 19.788 0.076 4.85 326.0
2460382.86162 19.780 0.090 5.41 341.0
2460385.84608 19.835 0.087 5.34 310.0
2460388.86660 19.861 0.088 5.46 306.0
2460392.81350 19.860 0.106 5.31 467.0
2460395.80539 19.754 0.094 4.91 585.0
2460397.82643 19.664 0.127 5.61 847.0
2460399.85247 19.732 0.093 4.89 511.0
2460405.91379 20.024 0.107 5.28 339.0
2460409.86711 19.730 0.065 4.48 300.0
2460417.78439 19.759 0.077 5.15 320.0
2460420.89668 19.834 0.092 5.73 272.0
2460425.78382 20.044 0.131 5.60 493.0
2460434.77333 19.983 0.105 5.51 340.0
2460437.73442 20.072 0.137 6.76 270.0
2460448.86518 19.758 0.086 5.70 307.0
2460450.78099 19.854 0.087 5.30 325.0
2460459.72491 19.786 0.085 5.53 388.0
2460461.91170 19.714 0.092 5.65 510.0
2460464.70365 19.745 0.063 4.94 317.0
2460466.91548 19.715 0.097 5.89 411.0
2460469.88983 19.736 0.085 5.75 346.0
2460476.91290 19.873 0.149 7.12 476.0
2460479.68931 19.615 0.085 5.72 385.0
2460481.69754 19.693 0.097 5.30 616.0
2460488.86539 19.669 0.096 5.68 465.0
2460495.64673 19.813 0.106 7.68 187.0
2460499.56680 19.842 0.079 5.70 207.0
2460501.55756 19.924 0.118 6.80 259.0
2460502.79511 19.742 0.092 6.38 268.0
2460504.77308 19.750 0.109 7.72 221.0
2460506.73224 19.694 0.071 5.58 226.0
2460507.83973 19.795 0.075 5.41 227.0
2460508.71004 19.775 0.117 6.99 353.0
2460515.74129 20.112 0.201 8.04 381.0
2460517.71550 19.727 0.091 5.77 300.0
2460519.77210 20.027 0.122 6.04 287.0
2460528.61991 19.866 0.091 6.03 224.0
2460532.71529 19.810 0.080 5.47 217.0
2460534.77693 19.766 0.072 4.79 272.0
2460536.48810 20.010 0.120 5.85 364.0
2460544.73071 19.846 0.121 5.80 482.0
2460554.51579 19.626 0.083 6.33 281.0
2460556.66297 19.736 0.124 7.67 314.0
2460559.69827 19.869 0.128 6.34 456.0
2460562.53660 19.672 0.098 5.64 442.0
2460569.53798 19.728 0.125 5.97 561.0
2460573.49858 19.965 0.099 5.39 287.0
2460576.61990 19.861 0.112 6.50 280.0
2460581.62229 19.985 0.131 6.32 324.0
2460586.54224 19.883 0.127 6.66 309.0
2460587.61808 19.849 0.089 5.00 377.0
2460609.53050 19.727 0.106 5.58 463.0
2460612.56800 20.056 0.131 4.98 541.0
2460614.54260 19.809 0.143 7.05 479.0
2460623.53019 19.983 0.183 6.96 640.0
2460625.52638 19.965 0.179 6.28 697.0
2460735.89690 19.834 0.104 6.20 379.0
2460738.89197 19.537 0.074 5.87 319.0
2460741.88535 19.701 0.093 6.56 273.0
2460744.86695 19.783 0.099 6.05 321.0
2460747.86323 19.508 0.074 5.40 475.0
2460750.84809 19.539 0.084 6.03 473.0
2460752.87858 19.365 0.079 6.52 431.0
2460754.81454 19.469 0.073 4.74 510.0
2460761.90433 19.458 0.061 5.15 331.0
2460763.89774 19.247 0.044 4.65 287.0
2460766.81222 19.160 0.050 4.67 417.0
2460768.82149 19.149 0.050 6.27 276.0
2460770.85053 19.130 0.039 4.56 286.0
2460772.87266 19.112 0.047 5.37 359.0
2460774.87000 18.975 0.032 4.61 246.0
2460777.86338 18.940 0.039 4.79 375.0
2460779.84491 18.974 0.043 4.71 477.0
2460781.75001 18.923 0.051 6.00 548.0
2460781.89756 18.914 0.040 4.69 490.0
2460787.81134 19.055 0.045 5.31 295.0
2460789.76852 19.023 0.037 5.19 248.0
2460790.91072 19.132 0.036 4.43 235.0
2460792.81213 19.100 0.037 4.92 264.0
2460794.73447 19.267 0.050 5.76 240.0
2460797.73319 19.220 0.053 5.82 300.0
2460798.87000 19.380 0.049 4.76 273.0
2460800.71525 19.326 0.070 6.87 285.0
2460801.83103 19.484 0.054 4.84 274.0
2460803.79749 19.394 0.079 6.56 350.0
2460805.88016 19.390 0.066 5.23 406.0
2460807.69803 19.351 0.081 5.60 674.0
2460808.84528 19.573 0.093 4.85 732.0
2460814.92333 19.485 0.093 6.47 431.0
2460816.78814 19.466 0.053 5.23 224.0
2460817.92583 19.906 0.102 5.31 326.0
2460819.75494 19.690 0.060 5.06 231.0
2460820.91783 19.667 0.088 4.87 418.0
2460822.89458 19.686 0.098 6.37 342.0
2460824.66076 19.705 0.077 5.50 296.0
2460825.72672 19.770 0.065 4.87 233.0
2460827.72896 19.624 0.048 4.57 211.0
2460828.88437 19.752 0.070 4.81 291.0
2460831.74470 19.764 0.084 6.14 260.0
2460833.68234 19.864 0.124 6.72 339.0
2460834.87401 19.696 0.079 4.88 402.0
2460836.75651 19.596 0.092 4.92 674.0
2460843.64687 19.715 0.109 6.67 402.0
2460844.71411 19.927 0.103 5.97 275.0
2460845.88040 19.477 0.090 6.62 394.0
2460847.58828 19.941 0.136 6.45 406.0
2460848.60023 19.770 0.080 5.40 282.0
2460849.88187 19.656 0.109 6.65 390.0
2460853.70745 19.805 0.081 5.49 256.0
2460854.76134 19.723 0.069 5.55 199.0
2460856.57085 19.710 0.069 5.25 273.0
2460857.88048 20.049 0.136 6.40 357.0
2460859.68963 19.789 0.059 4.50 194.0
2460860.74718 19.659 0.059 4.76 230.0
2460862.59552 19.759 0.104 6.51 349.0
2460863.66144 19.722 0.092 5.40 466.0
2460869.54542 19.443 0.117 7.46 570.0
2460870.70505 19.906 0.085 5.07 281.0
2460872.71485 19.757 0.080 5.63 225.0
2460873.82164 19.992 0.102 4.90 340.0
2460875.56845 19.756 0.073 5.46 268.0
2460876.70674 19.773 0.067 5.04 193.0
2460878.72847 19.664 0.051 4.20 199.0
2460880.67706 19.796 0.083 5.99 220.0
2460881.80205 19.800 0.088 5.48 336.0
2460885.62491 19.662 0.054 5.09 180.0
2460896.56173 19.689 0.120 5.50 742.0
2460898.65471 20.078 0.207 5.13 1079.0
2460900.50169 19.833 0.086 5.18 334.0
2460901.65148 19.749 0.086 5.40 309.0
2460904.66135 19.668 0.083 6.61 222.0
2460912.55784 19.927 0.110 6.23 283.0
2460913.73513 19.958 0.113 5.88 324.0
2460914.72364 19.824 0.080 5.24 222.0
2460915.73074 19.613 0.074 5.64 261.0
2460919.62720 19.526 0.163 7.13 1059.0
2460936.61425 19.986 0.099 5.79 239.0
2460942.50123 19.673 0.073 5.74 235.0
2460944.54113 20.224 0.157 6.50 300.0
2460951.59962 19.880 0.151 6.54 559.0
2460954.60614 20.012 0.187 6.52 622.0
2460960.55483 20.350 0.211 6.81 384.0
2460967.57252 20.098 0.138 6.07 338.0
