2459993.88366 18.706 0.049 4.19 769.0
2459999.85166 18.678 0.049 5.36 390.0
2460003.83978 18.595 0.045 5.17 389.0
2460007.83185 18.672 0.042 4.57 421.0
2460012.82643 18.674 0.042 4.28 551.0
2460015.80766 18.606 0.048 4.95 623.0
2460021.84392 18.680 0.066 8.14 277.0
2460024.83790 18.617 0.033 4.09 260.0
2460027.79122 18.583 0.048 6.47 268.0
2460029.85689 18.451 0.039 5.74 280.0
2460032.78861 18.580 0.038 4.71 273.0
2460034.83253 18.568 0.041 5.29 259.0
2460037.76445 18.680 0.052 5.60 390.0
2460039.88417 18.601 0.040 4.81 372.0
2460041.91111 18.582 0.056 6.30 518.0
2460043.88425 18.639 0.049 4.68 588.0
2460043.89714 18.577 0.045 4.56 624.0
2460049.85713 18.590 0.033 4.28 256.0
2460052.83517 18.528 0.037 4.85 277.0
2460056.75852 18.754 0.055 6.26 283.0
2460058.85111 18.582 0.044 5.89 245.0
2460060.85107 18.675 0.040 4.87 306.0
2460062.89838 18.642 0.038 4.32 301.0
2460066.81052 18.497 0.034 4.77 287.0
2460068.80972 18.585 0.042 4.66 478.0
2460070.80023 18.628 0.064 5.65 1060.0
2460076.74750 18.717 0.046 5.13 397.0
2460086.66647 18.596 0.058 6.83 328.0
2460087.70740 18.536 0.039 4.86 281.0
2460088.64976 18.642 0.066 7.45 309.0
2460089.83173 18.494 0.045 5.35 303.0
2460091.87917 18.536 0.047 5.30 447.0
2460094.82488 18.440 0.036 5.15 257.0
2460096.75217 18.491 0.043 4.52 426.0
2460098.66834 18.570 0.060 5.27 921.0
2460104.85864 18.493 0.052 5.92 463.0
2460106.72946 18.571 0.047 6.09 195.0
2460108.59074 18.511 0.046 5.64 254.0
2460109.90630 18.462 0.052 5.79 654.0
2460111.67096 18.564 0.042 5.33 268.0
2460112.77703 18.441 0.039 4.88 401.0
2460114.78387 18.485 0.060 6.89 392.0
2460119.60179 18.494 0.051 6.38 299.0
2460120.77470 18.578 0.042 4.85 239.0
2460122.67196 18.521 0.046 5.24 271.0
2460124.52801 18.589 0.070 6.55 637.0
2460125.74752 18.608 0.055 5.01 562.0
2460130.65991 18.568 0.067 7.30 634.0
2460132.62457 18.675 0.068 6.48 604.0
2460134.69942 18.502 0.053 7.10 370.0
2460140.50444 18.691 0.066 6.63 309.0
2460141.77961 18.537 0.048 5.59 304.0
2460144.50947 18.565 0.044 5.79 352.0
2460149.71849 18.583 0.043 5.10 255.0
2460157.73486 18.414 0.051 5.02 1158.0
2460159.69301 18.614 0.063 6.25 504.0
2460161.67536 18.533 0.047 5.02 327.0
2460168.58964 18.595 0.051 5.90 248.0
2460170.61767 18.546 0.040 4.78 195.0
2460173.50435 18.671 0.068 7.68 249.0
2460177.67195 18.486 0.046 5.61 267.0
2460180.53989 18.588 0.058 5.70 483.0
2460186.54593 18.563 0.061 5.96 633.0
2460191.64849 18.540 0.072 7.26 539.0
2460202.54018 18.718 0.059 5.91 289.0
2460204.62712 18.533 0.053 5.45 373.0
2460213.54312 18.717 0.081 6.98 535.0
2460219.49799 18.566 0.050 5.37 362.0
2460227.52276 18.535 0.058 5.90 479.0
2460232.52662 18.546 0.057 5.52 546.0
2460248.51632 18.796 0.088 7.20 515.0
2460368.88118 18.595 0.046 4.91 461.0
2460376.89247 18.527 0.041 4.58 465.0
2460380.86413 18.563 0.047 4.83 427.0
2460383.83597 18.541 0.047 5.84 282.0
2460386.84523 18.563 0.042 4.87 312.0
2460390.83752 18.593 0.042 4.82 364.0
2460392.88924 18.739 0.056 5.23 344.0
2460395.79320 18.507 0.041 4.40 596.0
2460397.78560 18.608 0.058 5.89 588.0
2460403.85183 18.602 0.046 4.94 287.0
2460406.77956 18.519 0.060 7.06 338.0
2460409.88884 18.596 0.043 4.72 343.0
2460416.93130 18.758 0.112 6.50 1858.0
2460420.75823 18.612 0.046 4.64 345.0
2460424.89819 18.669 0.065 5.99 651.0
2460432.82464 18.585 0.052 5.67 388.0
2460434.85853 18.615 0.059 6.07 404.0
2460436.86174 18.577 0.058 6.49 341.0
2460442.71751 18.637 0.062 6.81 296.0
2460448.89061 18.641 0.059 6.34 356.0
2460450.76923 18.574 0.042 4.67 353.0
2460458.92705 18.613 0.069 6.69 716.0
2460461.73926 18.524 0.037 4.49 326.0
2460463.84152 18.589 0.055 6.63 310.0
2460468.63288 18.523 0.044 5.44 246.0
2460473.78323 18.633 0.051 5.84 245.0
2460478.66758 18.610 0.058 6.18 415.0
2460480.60378 18.622 0.062 6.11 577.0
2460486.65381 18.585 0.050 5.32 416.0
2460488.76516 18.563 0.050 5.76 299.0
2460491.64796 18.596 0.045 5.40 253.0
2460493.51430 18.674 0.055 6.13 348.0
2460494.82288 18.756 0.065 6.81 314.0
2460496.70476 18.634 0.062 6.24 460.0
2460498.51448 18.688 0.051 5.44 350.0
2460499.82817 18.567 0.050 6.19 277.0
2460501.78543 18.502 0.051 6.18 304.0
2460505.76630 18.612 0.056 6.66 255.0
2460507.65364 18.621 0.050 5.33 354.0
2460515.57893 18.568 0.065 7.40 347.0
2460517.54240 18.548 0.050 6.02 238.0
2460519.55100 18.561 0.047 6.05 271.0
2460527.69245 18.671 0.062 7.20 242.0
2460531.67197 18.647 0.065 6.59 396.0
2460534.69265 18.654 0.052 5.67 285.0
2460544.57654 18.523 0.056 6.44 344.0
2460549.53015 18.726 0.061 5.93 314.0
2460555.61747 18.604 0.042 4.80 250.0
2460558.65296 18.593 0.047 4.93 323.0
2460561.57878 18.527 0.044 5.15 259.0
2460569.48530 18.578 0.064 6.24 567.0
2460571.61779 18.692 0.076 6.45 687.0
2460576.52838 18.591 0.070 7.46 363.0
2460581.52496 18.717 0.067 6.72 324.0
2460585.58268 18.562 0.058 6.12 383.0
2460603.54269 18.779 0.077 6.79 449.0
2460612.53305 18.634 0.059 5.11 638.0
2460720.87920 18.714 0.064 5.94 655.0
2460726.87097 18.673 0.058 6.18 452.0
2460735.84905 18.636 0.064 7.47 344.0
2460738.84094 18.693 0.060 6.55 349.0
2460741.83707 18.735 0.062 6.37 310.0
2460743.88522 18.599 0.044 5.18 292.0
2460746.89175 18.546 0.039 5.03 323.0
2460749.80463 18.768 0.061 5.23 655.0
2460751.83173 18.679 0.053 5.43 487.0
2460753.79844 18.631 0.066 6.14 636.0
2460761.77612 18.577 0.056 6.77 319.0
2460763.77170 18.670 0.056 5.97 346.0
2460765.77468 18.789 0.055 5.14 295.0
2460767.77934 18.681 0.047 5.21 311.0
2460769.77246 18.458 0.043 5.46 381.0
2460771.80749 18.636 0.053 5.92 275.0
2460773.75547 18.547 0.049 5.93 398.0
2460775.78769 18.717 0.069 6.76 396.0
2460778.74137 18.646 0.069 6.61 699.0
2460779.92048 18.600 0.056 5.23 724.0
2460786.76642 18.787 0.066 6.25 378.0
2460787.92474 18.509 0.048 6.19 324.0
2460789.72471 18.654 0.053 6.63 271.0
2460790.86355 18.605 0.038 4.69 242.0
2460792.75336 18.570 0.042 5.09 288.0
2460793.85112 18.629 0.042 4.96 261.0
2460795.74409 18.606 0.054 6.73 281.0
2460798.67565 18.632 0.061 7.59 290.0
2460799.78773 18.572 0.049 5.83 267.0
2460800.88609 18.466 0.039 5.09 277.0
2460802.68385 18.554 0.047 5.82 384.0
2460805.76835 18.596 0.047 5.43 437.0
2460806.88770 18.704 0.067 6.36 550.0
2460808.75855 18.443 0.047 5.16 782.0
2460814.83810 18.466 0.045 5.25 499.0
2460815.93753 18.448 0.043 4.74 629.0
2460817.78563 18.514 0.042 5.18 321.0
2460818.88623 18.434 0.044 5.74 324.0
2460820.73491 18.511 0.039 5.17 298.0
2460821.81619 18.509 0.041 5.26 280.0
2460823.78475 18.621 0.057 6.99 234.0
2460824.86914 18.468 0.045 5.37 325.0
2460825.93023 18.497 0.045 5.52 306.0
2460827.89476 18.477 0.042 4.90 365.0
2460830.87310 18.368 0.051 7.63 333.0
2460832.62383 18.523 0.055 7.12 328.0
2460833.81122 18.320 0.041 5.77 464.0
2460835.58885 18.334 0.043 5.55 658.0
2460841.77259 18.327 0.042 5.32 560.0
2460843.75757 18.307 0.037 5.32 379.0
2460844.82771 18.279 0.046 6.93 398.0
2460846.55588 18.397 0.044 5.97 387.0
2460847.55738 18.332 0.039 5.54 352.0
2460848.56652 18.298 0.040 5.80 343.0
2460850.55866 18.335 0.043 6.18 400.0
2460851.56207 18.427 0.040 5.59 230.0
2460853.76365 18.220 0.034 5.71 285.0
2460854.78776 18.250 0.034 5.49 254.0
2460856.52582 18.169 0.035 6.14 303.0
2460857.83535 18.123 0.032 5.71 308.0
2460859.63384 18.158 0.025 4.59 242.0
2460860.64543 18.091 0.026 4.94 266.0
2460861.78258 18.049 0.037 6.99 436.0
2460868.57466 17.613 0.029 6.96 719.0
2460869.66237 17.350 0.020 6.51 437.0
2460870.82262 16.603 0.013 7.98 477.0
2460873.50551 17.375 0.017 5.46 332.0
2460874.65004 17.390 0.015 5.08 252.0
2460875.75300 17.439 0.017 5.34 255.0
2460878.49060 17.286 0.014 5.05 317.0
2460879.72805 17.223 0.013 4.64 228.0
2460881.54590 17.092 0.015 6.48 252.0
2460885.53571 16.943 0.011 5.74 234.0
2460895.58572 17.470 0.022 5.32 692.0
2460896.73115 17.559 0.031 6.88 989.0
2460899.53258 17.719 0.020 5.35 240.0
2460900.71987 17.714 0.022 5.69 398.0
2460903.58363 17.996 0.037 6.78 390.0
2460911.55361 18.305 0.043 6.34 283.0
2460913.60151 18.183 0.034 5.72 224.0
2460915.57551 18.212 0.036 6.25 249.0
2460935.59503 18.455 0.046 5.97 274.0
2460937.62399 18.589 0.064 7.15 328.0
2460943.56930 18.569 0.056 7.00 286.0
2460950.59192 18.515 0.061 6.13 707.0
2460954.55395 18.477 0.060 6.50 602.0
2460958.55143 18.553 0.067 6.76 427.0
2460967.54179 18.535 0.059 5.72 425.0
