2457792.87920 15.919 0.006 6.32 786.0
2457793.88598 15.913 0.006 4.62 1013.0
2457797.86261 15.916 0.006 5.49 889.0
2457799.85790 15.915 0.007 6.87 676.0
2457801.84517 15.905 0.007 6.70 805.0
2457802.89304 15.919 0.007 6.39 878.0
2457807.89212 15.917 0.005 4.57 491.0
2457809.85732 15.920 0.005 5.84 416.0
2457810.85328 15.905 0.005 4.77 426.0
2457812.90338 15.915 0.005 4.05 720.0
2457814.87320 15.920 0.005 4.05 394.0
2457815.90118 15.918 0.005 4.43 422.0
2457816.89137 15.923 0.005 5.32 366.0
2457817.88792 15.918 0.004 4.09 439.0
2457818.87403 15.926 0.004 4.17 397.0
2457819.85380 15.919 0.005 4.76 363.0
2457820.86325 15.909 0.005 4.27 430.0
2457821.86123 15.920 0.005 4.87 455.0
2457822.85688 15.920 0.005 4.93 514.0
2457823.84222 15.915 0.005 5.04 624.0
2457824.83823 15.913 0.006 5.16 641.0
2457825.82989 15.917 0.005 4.70 629.0
2457826.78833 15.916 0.006 6.02 760.0
2457826.87805 15.917 0.005 5.53 577.0
2457827.86503 15.916 0.005 5.16 481.0
2457828.83445 15.914 0.005 4.87 544.0
2457829.81185 15.923 0.006 5.92 705.0
2457830.82651 15.913 0.006 4.67 971.0
2457830.90819 15.921 0.005 4.44 956.0
2457835.86023 15.928 0.006 6.78 345.0
2457837.76467 15.913 0.005 6.06 333.0
2457838.83540 15.914 0.005 4.91 368.0
2457839.89849 15.920 0.004 4.06 293.0
2457841.78376 15.911 0.006 7.63 326.0
2457842.82372 15.921 0.005 5.38 321.0
2457843.86566 15.915 0.005 5.17 282.0
2457844.91180 15.915 0.005 6.84 342.0
2457846.77027 15.927 0.005 5.02 307.0
2457847.79604 15.915 0.005 4.88 332.0
2457848.82470 15.912 0.005 5.08 292.0
2457849.86419 15.914 0.004 3.61 312.0
2457850.89351 15.917 0.005 4.76 311.0
2457852.73760 15.917 0.007 7.22 527.0
2457854.72966 15.916 0.005 4.59 676.0
2457855.77539 15.919 0.005 4.20 621.0
2457856.80140 15.919 0.006 5.88 552.0
2457857.91453 15.919 0.006 5.59 1048.0
2457858.88982 15.928 0.005 5.39 479.0
2457862.68169 15.916 0.006 6.66 459.0
2457863.73345 15.922 0.005 5.81 364.0
2457864.71089 15.923 0.004 4.65 342.0
2457865.73094 15.930 0.005 5.07 362.0
2457866.74280 15.914 0.004 3.95 351.0
2457867.76195 15.913 0.004 3.94 312.0
2457868.84931 15.911 0.005 6.14 380.0
2457869.87080 15.916 0.004 3.79 350.0
2457870.89797 15.912 0.005 3.84 334.0
2457871.92465 15.914 0.005 4.38 447.0
2457873.66779 15.915 0.005 4.72 402.0
2457873.92607 15.920 0.005 4.14 414.0
2457874.89923 15.931 0.005 5.07 411.0
2457876.68543 15.917 0.005 5.72 501.0
2457877.66363 15.910 0.005 5.13 472.0
2457878.65492 15.916 0.005 5.30 610.0
2457879.67637 15.922 0.006 6.13 479.0
2457880.72068 15.923 0.005 5.68 452.0
2457881.81512 15.914 0.005 5.35 513.0
2457882.82313 15.912 0.005 4.92 540.0
2457890.72244 15.918 0.005 5.76 506.0
2457893.71630 15.906 0.006 6.29 377.0
2457894.61274 15.922 0.006 7.27 482.0
2457894.85945 15.918 0.005 4.30 380.0
2457901.75780 15.921 0.004 5.41 443.0
2457902.72459 15.915 0.005 5.05 338.0
2457903.80572 15.914 0.005 5.38 330.0
2457904.71852 15.917 0.004 3.96 288.0
2457905.58448 15.923 0.005 6.20 436.0
2457905.84006 15.915 0.005 4.50 405.0
2457906.73872 15.912 0.004 3.99 363.0
2457907.62537 15.910 0.005 4.90 588.0
2457908.58251 15.926 0.007 6.79 714.0
2457908.83565 15.914 0.005 4.15 372.0
2457909.71020 15.909 0.005 4.07 485.0
2457909.93569 15.914 0.006 5.59 738.0
2457910.75441 15.910 0.005 4.60 486.0
2457911.62033 15.914 0.006 6.14 633.0
2457917.65142 15.921 0.005 5.39 518.0
2457917.88936 15.923 0.006 5.63 770.0
2457922.59741 15.906 0.006 6.30 442.0
2457923.61223 15.923 0.005 6.10 413.0
2457923.88216 15.916 0.006 5.86 489.0
2457924.70666 15.910 0.004 4.38 367.0
2457925.60477 15.915 0.005 5.72 349.0
2457925.87498 15.914 0.005 6.25 431.0
2457926.80911 15.909 0.006 7.27 397.0
2457928.60313 15.911 0.005 5.50 412.0
2457932.63315 15.912 0.005 4.94 346.0
2457933.77187 15.921 0.006 7.10 296.0
2457935.52909 15.917 0.005 5.33 431.0
2457935.78586 15.917 0.004 4.04 296.0
2457936.67876 15.918 0.005 4.84 300.0
2457937.51018 15.910 0.005 5.62 542.0
2457937.76870 15.915 0.005 5.25 337.0
2457944.47188 15.922 0.006 5.78 1002.0
2457944.56632 15.908 0.005 4.75 698.0
2457944.67806 15.917 0.005 4.77 597.0
2457944.78995 15.920 0.006 5.89 769.0
2457945.62062 15.911 0.005 3.80 460.0
2457946.46866 15.918 0.006 6.62 572.0
2457946.72581 15.919 0.006 5.97 415.0
2457947.62852 15.923 0.005 5.45 365.0
2457948.54331 15.912 0.004 4.53 345.0
2457948.81620 15.924 0.006 6.20 504.0
2457949.75131 15.928 0.006 5.64 650.0
2457953.51748 15.916 0.005 5.05 373.0
2457953.79417 15.914 0.005 5.95 348.0
2457954.72515 15.921 0.004 4.28 392.0
2457956.54075 15.919 0.005 5.07 388.0
2457957.53666 15.929 0.006 6.69 383.0
2457958.64341 15.925 0.005 6.34 314.0
2457959.54304 15.922 0.005 4.32 337.0
2457960.69863 15.917 0.005 5.19 279.0
2457961.67532 15.907 0.004 5.09 330.0
2457962.79485 15.929 0.005 6.09 486.0
2457964.70653 15.916 0.004 4.88 333.0
2457966.54598 15.921 0.006 7.52 409.0
2457967.58454 15.926 0.006 6.13 464.0
2457971.67078 15.916 0.007 5.40 1280.0
2457972.51692 15.917 0.007 6.38 689.0
2457972.60794 15.912 0.006 5.30 632.0
2457972.72688 15.909 0.006 5.87 795.0
2457974.47054 15.910 0.006 5.43 867.0
2457974.72360 15.915 0.005 4.86 591.0
2457979.62280 15.921 0.004 4.04 343.0
2457981.47321 15.919 0.007 6.80 854.0
2457982.55259 15.919 0.005 4.99 332.0
2457983.60614 15.926 0.005 4.64 324.0
2457984.66375 15.923 0.005 5.75 338.0
2457986.59276 15.917 0.004 4.51 330.0
2457987.65721 15.917 0.005 4.29 358.0
2457991.52487 15.914 0.005 5.57 375.0
2457998.50054 15.910 0.005 4.21 968.0
2458000.52917 15.930 0.006 6.49 527.0
2458000.63591 15.916 0.007 6.60 683.0
2458002.54088 15.915 0.008 6.09 1732.0
2458012.55159 15.924 0.005 5.08 457.0
2458014.58079 15.914 0.005 5.32 418.0
2458017.51796 15.914 0.005 5.34 389.0
2458020.50218 15.916 0.006 5.63 401.0
2458026.51578 15.911 0.006 5.08 1787.0
2458030.49804 15.912 0.005 4.35 604.0
2458040.51009 15.916 0.006 6.78 544.0
2458041.50547 15.913 0.005 5.50 456.0
2458049.52559 15.917 0.004 4.69 675.0
2458056.50135 15.925 0.008 7.62 854.0
2458161.86771 15.921 0.006 6.21 539.0
2458162.86473 15.913 0.005 4.94 461.0
2458163.87536 15.909 0.005 5.61 511.0
2458165.87834 15.911 0.005 4.93 452.0
2458167.86042 15.914 0.005 5.12 458.0
2458168.89179 15.921 0.005 4.78 517.0
2458170.85078 15.918 0.004 4.31 440.0
2458171.87238 15.915 0.004 3.92 423.0
2458172.89367 15.914 0.005 3.82 600.0
2458174.82846 15.910 0.005 5.29 613.0
2458175.85034 15.907 0.005 4.53 428.0
2458176.85597 15.919 0.005 4.30 467.0
2458181.86238 15.925 0.005 4.31 644.0
2458183.81625 15.913 0.005 4.44 668.0
2458184.88680 15.913 0.005 5.01 573.0
2458185.89543 15.927 0.005 4.58 629.0
2458190.83516 15.927 0.004 4.34 322.0
2458192.81151 15.927 0.006 6.44 425.0
2458194.77543 15.919 0.005 4.80 362.0
2458195.86876 15.917 0.005 5.55 349.0
2458197.76589 15.927 0.005 6.28 419.0
2458198.82896 15.923 0.004 3.88 358.0
2458200.75654 15.924 0.005 5.70 456.0
2458201.80576 15.914 0.005 5.23 362.0
2458202.85802 15.916 0.004 4.12 385.0
2458203.90755 15.902 0.004 3.87 371.0
2458205.77003 15.931 0.006 6.95 505.0
2458206.82606 15.913 0.004 4.21 450.0
2458207.86833 15.912 0.004 3.66 429.0
2458208.90496 15.927 0.005 3.61 526.0
2458209.92379 15.916 0.005 3.80 1082.0
2458211.73405 15.917 0.006 6.72 705.0
2458212.72835 15.920 0.005 5.16 850.0
2458217.75929 15.913 0.005 5.81 400.0
2458220.80288 15.916 0.005 4.98 306.0
2458221.85189 15.925 0.004 4.58 314.0
2458222.88252 15.925 0.005 4.52 349.0
2458224.75245 15.919 0.005 4.88 393.0
2458226.84858 15.914 0.005 6.34 340.0
2458227.88029 15.918 0.004 4.36 321.0
2458229.70676 15.913 0.005 5.50 368.0
2458230.72435 15.930 0.005 5.69 358.0
2458232.86592 15.917 0.004 4.10 340.0
2458236.70956 15.924 0.005 4.23 595.0
2458238.84189 15.926 0.005 4.24 693.0
2458244.83423 15.909 0.005 4.61 513.0
2458245.89479 15.923 0.005 5.04 539.0
2458246.89183 15.914 0.006 5.98 531.0
2458247.80982 15.916 0.005 4.77 462.0
2458249.67185 15.910 0.005 6.59 407.0
2458249.92708 15.914 0.005 4.48 550.0
2458250.87393 15.911 0.004 3.24 366.0
2458251.79169 15.919 0.005 5.50 361.0
2458253.62869 15.923 0.006 7.11 436.0
2458254.63991 15.919 0.005 4.85 408.0
2458254.93667 15.920 0.004 3.51 525.0
2458255.89982 15.921 0.005 4.46 426.0
2458256.81767 15.922 0.005 5.85 414.0
2458257.77172 15.913 0.005 4.81 328.0
2458258.76812 15.916 0.004 4.04 309.0
2458259.75557 15.913 0.005 4.69 448.0
2458260.80792 15.931 0.004 3.85 348.0
2458261.85017 15.914 0.004 4.34 361.0
2458262.82596 15.918 0.004 4.04 284.0
2458263.74591 15.911 0.004 3.95 351.0
2458264.78087 15.919 0.005 3.88 491.0
2458265.69105 15.919 0.005 4.79 567.0
2458266.71163 15.924 0.007 6.97 622.0
2458272.76468 15.918 0.005 4.23 446.0
2458273.63167 15.921 0.005 5.33 443.0
2458273.88027 15.914 0.005 4.79 431.0
2458274.75422 15.911 0.005 6.27 406.0
2458275.65005 15.918 0.005 4.97 339.0
2458275.91724 15.915 0.005 4.75 610.0
2458276.78934 15.915 0.004 3.70 354.0
2458277.72720 15.906 0.005 5.12 294.0
2458278.55985 15.907 0.005 5.35 444.0
2458282.60984 15.907 0.004 4.09 307.0
2458282.89058 15.911 0.005 4.88 418.0
2458283.73862 15.930 0.005 5.34 327.0
2458284.57459 15.916 0.005 5.01 369.0
2458284.83719 15.907 0.005 4.85 310.0
2458286.58894 15.908 0.005 5.76 294.0
2458286.88096 15.912 0.005 4.53 374.0
2458287.74908 15.917 0.004 3.81 260.0
2458288.62284 15.917 0.004 4.43 288.0
2458288.90475 15.915 0.006 7.09 566.0
2458289.78986 15.915 0.004 4.35 326.0
2458290.67730 15.921 0.005 5.19 368.0
2458291.60617 15.918 0.005 4.59 644.0
2458291.88896 15.915 0.005 5.29 468.0
2458292.79818 15.919 0.005 4.85 417.0
2458293.71531 15.917 0.005 4.91 511.0
2458294.74632 15.910 0.007 7.33 667.0
2458301.57518 15.920 0.007 7.50 602.0
2458301.84254 15.915 0.006 5.81 1175.0
2458304.61167 15.908 0.006 7.38 421.0
2458305.60451 15.919 0.006 7.05 308.0
2458306.67091 15.917 0.005 6.05 346.0
2458307.48741 15.925 0.006 6.29 502.0
2458307.74063 15.910 0.004 4.04 317.0
2458308.60517 15.920 0.004 4.61 281.0
2458309.49054 15.914 0.005 4.77 380.0
2458309.74638 15.909 0.004 3.82 358.0
2458310.58408 15.915 0.004 4.90 346.0
2458310.79831 15.929 0.005 4.87 370.0
2458311.66624 15.916 0.004 4.05 283.0
2458312.54399 15.916 0.005 5.17 368.0
2458312.82505 15.919 0.004 5.37 368.0
2458313.69937 15.920 0.004 3.76 328.0
2458314.57585 15.920 0.005 5.11 349.0
2458316.46944 15.911 0.006 6.05 554.0
2458316.72585 15.915 0.006 7.47 366.0
2458320.67845 15.914 0.004 4.10 325.0
2458321.77660 15.922 0.007 7.63 676.0
2458328.69129 15.920 0.006 6.68 629.0
2458329.61667 15.912 0.005 5.73 519.0
2458330.55413 15.913 0.005 4.94 723.0
2458331.66072 15.914 0.004 4.31 368.0
2458332.67769 15.909 0.005 5.39 443.0
2458333.68526 15.910 0.005 4.71 344.0
2458334.75444 15.917 0.005 5.40 426.0
2458336.58242 15.920 0.004 4.52 283.0
2458338.61147 15.925 0.005 5.49 332.0
2458339.72100 15.920 0.005 4.87 285.0
2458341.52370 15.917 0.004 4.01 371.0
2458342.59888 15.925 0.005 4.85 355.0
2458344.61541 15.913 0.005 4.93 352.0
2458345.70049 15.917 0.004 4.37 289.0
2458347.50171 15.923 0.005 5.03 319.0
2458348.58203 15.916 0.005 5.12 370.0
2458348.58608 15.923 0.005 4.44 359.0
2458355.63926 15.918 0.005 3.89 553.0
2458357.49227 15.906 0.005 5.18 517.0
2458358.65686 15.922 0.005 4.98 495.0
2458360.52603 15.916 0.006 6.75 383.0
2458363.52440 15.916 0.005 4.90 383.0
2458364.67276 15.922 0.004 4.99 306.0
2458367.65414 15.915 0.004 4.04 332.0
2458369.60487 15.919 0.005 3.96 341.0
2458371.55155 15.913 0.004 3.82 326.0
2458373.51740 15.913 0.005 6.14 357.0
2458376.49506 15.925 0.006 7.46 410.0
2458377.59800 15.916 0.006 5.22 967.0
2458382.57837 15.921 0.004 3.35 646.0
2458383.54964 15.915 0.005 4.94 590.0
2458384.49118 15.925 0.006 5.51 580.0
2458384.59743 15.920 0.005 4.61 658.0
2458385.52456 15.919 0.004 3.17 551.0
2458385.61878 15.918 0.004 4.12 637.0
2458387.50229 15.930 0.005 4.64 482.0
2458392.50683 15.930 0.006 6.44 391.0
2458393.49051 15.920 0.006 6.58 410.0
2458393.58394 15.911 0.006 7.03 398.0
2458394.57180 15.903 0.005 5.29 360.0
2458398.51909 15.916 0.005 5.43 371.0
2458401.51897 15.909 0.005 5.66 442.0
2458404.55298 15.916 0.006 6.05 527.0
2458409.55983 15.908 0.006 6.19 704.0
2458411.55255 15.914 0.006 6.14 735.0
2458413.54995 15.908 0.006 5.12 837.0
2458415.49982 15.911 0.007 6.01 830.0
2458418.51890 15.912 0.006 6.62 548.0
2458423.51778 15.911 0.006 6.62 552.0
2458425.52087 15.924 0.006 5.69 514.0
2458530.87087 15.920 0.004 4.54 404.0
2458532.87188 15.918 0.005 5.43 574.0
2458534.87080 15.930 0.005 4.64 643.0
2458535.88065 15.930 0.005 5.46 593.0
2458537.86875 15.926 0.006 6.18 478.0
2458539.88016 15.917 0.005 4.81 459.0
2458544.88842 15.922 0.004 4.46 339.0
2458546.90728 15.918 0.006 4.98 1207.0
2458548.83640 15.915 0.004 4.07 447.0
2458549.83157 15.915 0.005 5.51 359.0
2458550.85562 15.913 0.004 4.27 346.0
2458551.86736 15.919 0.006 7.62 341.0
2458552.89974 15.929 0.005 6.07 359.0
2458554.87997 15.916 0.004 5.01 337.0
2458555.84243 15.911 0.004 4.70 356.0
2458556.82529 15.926 0.004 4.25 367.0
2458557.78766 15.917 0.005 6.42 368.0
2458557.89752 15.914 0.004 4.73 356.0
2458558.84942 15.904 0.004 4.94 376.0
2458559.80475 15.917 0.005 5.08 381.0
2458559.89653 15.918 0.004 4.28 345.0
2458560.86701 15.929 0.004 3.92 357.0
2458561.82250 15.921 0.004 3.94 520.0
2458562.78077 15.929 0.005 5.38 704.0
2458562.88004 15.900 0.005 5.44 559.0
2458563.84409 15.911 0.005 4.21 612.0
2458564.78397 15.910 0.005 4.41 622.0
2458564.89653 15.916 0.004 3.73 530.0
2458565.85487 15.913 0.005 4.29 557.0
2458566.82616 15.914 0.004 3.74 570.0
2458567.77127 15.930 0.005 4.32 758.0
2458567.85287 15.919 0.005 4.11 547.0
2458573.88962 15.922 0.005 6.43 375.0
2458574.85309 15.921 0.005 5.79 319.0
2458575.75851 15.923 0.005 5.93 368.0
2458575.84762 15.934 0.005 6.41 338.0
2458576.78626 15.917 0.005 6.03 337.0
2458576.87325 15.914 0.005 6.10 308.0
2458577.81510 15.911 0.006 7.70 414.0
2458578.72064 15.929 0.005 5.78 411.0
2458578.81662 15.921 0.004 4.82 376.0
2458578.92838 15.918 0.007 5.28 1321.0
2458579.80381 15.928 0.005 5.58 434.0
2458579.90904 15.917 0.005 4.51 471.0
2458580.79740 15.920 0.005 5.24 366.0
2458580.89821 15.917 0.004 4.28 396.0
2458581.84877 15.922 0.004 4.24 341.0
2458582.80067 15.918 0.005 5.99 367.0
2458583.75116 15.917 0.004 4.96 355.0
2458584.72956 15.908 0.005 5.59 378.0
2458585.71725 15.913 0.004 5.01 383.0
2458586.71096 15.918 0.005 5.37 365.0
2458586.88943 15.912 0.004 3.55 306.0
2458587.81920 15.910 0.005 5.17 357.0
2458588.77950 15.908 0.004 3.97 346.0
2458589.72807 15.910 0.005 4.45 567.0
2458590.70745 15.917 0.005 4.77 654.0
2458591.70101 15.921 0.005 4.51 737.0
2458591.92094 15.912 0.005 4.29 489.0
2458593.68612 15.914 0.007 6.32 1298.0
2458594.68093 15.921 0.005 4.80 926.0
2458594.85737 15.917 0.005 4.24 621.0
2458595.81718 15.911 0.006 6.19 732.0
2458599.76499 15.918 0.005 5.87 517.0
2458599.88865 15.914 0.004 3.70 407.0
2458600.71080 15.904 0.004 4.71 390.0
2458601.67634 15.917 0.004 4.54 368.0
2458602.66110 15.912 0.004 4.26 375.0
2458602.88197 15.912 0.004 3.59 369.0
2458603.79177 15.919 0.004 4.18 320.0
2458604.75846 15.905 0.005 5.80 339.0
2458605.68072 15.919 0.005 7.02 364.0
2458606.66367 15.912 0.004 4.93 407.0
2458606.87211 15.917 0.004 3.46 367.0
2458607.78645 15.909 0.004 3.97 373.0
2458608.68148 15.922 0.005 4.87 494.0
2458611.84422 15.920 0.004 4.79 337.0
2458612.91060 15.924 0.005 5.89 408.0
2458613.79196 15.917 0.004 3.72 352.0
2458614.67468 15.918 0.006 6.60 432.0
2458614.93984 15.921 0.005 4.92 819.0
2458615.87069 15.917 0.004 4.30 356.0
2458616.76425 15.915 0.004 3.36 369.0
2458617.66914 15.919 0.005 4.83 462.0
2458618.62057 15.916 0.005 6.07 581.0
2458618.83700 15.918 0.004 3.96 486.0
2458619.70940 15.927 0.005 5.66 456.0
2458620.64596 15.915 0.006 6.67 568.0
2458620.90807 15.909 0.004 4.26 486.0
2458621.87608 15.923 0.005 4.34 749.0
2458626.68379 15.919 0.007 7.08 976.0
2458626.78345 15.913 0.005 4.40 596.0
2458626.88721 15.918 0.005 4.28 669.0
2458627.64788 15.919 0.005 5.26 666.0
2458635.63732 15.917 0.004 4.73 301.0
2458635.83794 15.912 0.004 4.45 377.0
2458636.64991 15.909 0.005 5.06 346.0
2458636.90152 15.912 0.004 3.81 409.0
2458637.70944 15.920 0.004 4.16 337.0
2458638.63414 15.913 0.004 5.58 357.0
2458638.89832 15.914 0.004 4.48 495.0
2458639.91184 15.919 0.004 4.19 467.0
2458640.74425 15.922 0.004 4.47 369.0
2458641.61642 15.902 0.005 6.00 441.0
2458642.76590 15.907 0.004 4.33 397.0
2458643.60911 15.918 0.004 4.58 362.0
2458643.88738 15.917 0.004 4.28 399.0
2458644.72400 15.909 0.004 4.39 335.0
2458646.58959 15.909 0.006 6.93 447.0
2458646.80088 15.921 0.005 5.20 353.0
2458647.68716 15.931 0.005 5.31 451.0
2458648.62637 15.919 0.005 5.42 599.0
2458648.87588 15.918 0.005 5.76 488.0
2458654.53117 15.914 0.005 4.60 1216.0
2458655.86936 15.917 0.006 5.32 1004.0
2458656.82574 15.922 0.005 4.78 459.0
2458657.67900 15.916 0.004 4.93 342.0
2458658.54420 15.915 0.005 7.27 324.0
2458660.57254 15.917 0.004 4.80 308.0
2458660.84470 15.912 0.005 4.61 483.0
2458661.70133 15.912 0.005 5.59 296.0
2458662.80853 15.907 0.006 6.65 491.0
2458664.68888 15.908 0.004 4.19 252.0
2458666.50175 15.923 0.006 6.45 637.0
2458666.67301 15.913 0.004 4.65 297.0
2458667.55776 15.919 0.005 5.64 455.0
2458667.79762 15.914 0.004 4.82 331.0
2458668.64110 15.927 0.004 5.19 254.0
2458669.70214 15.920 0.004 4.10 331.0
2458670.51628 15.917 0.004 4.68 394.0
2458670.76361 15.915 0.004 3.54 277.0
2458673.65291 15.914 0.004 4.46 319.0
2458674.59855 15.926 0.005 5.88 332.0
2458674.83237 15.907 0.005 5.89 505.0
2458675.66142 15.916 0.004 3.99 428.0
2458676.52533 15.910 0.005 5.21 500.0
2458676.77445 15.902 0.005 4.10 514.0
2458676.84287 15.926 0.005 5.61 492.0
2458677.59897 15.909 0.005 4.97 603.0
2458681.53388 15.924 0.007 5.98 1137.0
2458681.76295 15.913 0.007 6.30 1023.0
2458682.51854 15.925 0.005 5.57 670.0
2458682.78812 15.926 0.006 5.51 690.0
2458683.53604 15.919 0.006 6.69 508.0
2458683.79826 15.924 0.005 4.93 511.0
2458684.53995 15.916 0.005 5.13 402.0
2458685.55331 15.908 0.004 5.47 389.0
2458688.58462 15.924 0.006 7.36 341.0
2458689.53017 15.919 0.005 6.77 379.0
2458689.70763 15.921 0.004 5.29 275.0
2458690.49892 15.910 0.005 5.93 417.0
2458690.73269 15.920 0.004 4.81 304.0
2458691.52580 15.918 0.004 4.05 297.0
2458691.78818 15.909 0.004 4.74 378.0
2458692.53243 15.916 0.004 4.98 497.0
2458692.77928 15.916 0.005 5.97 413.0
2458693.53009 15.921 0.005 6.52 321.0
2458694.52350 15.925 0.005 5.02 363.0
2458694.66015 15.923 0.004 3.58 273.0
2458695.50151 15.925 0.004 4.90 351.0
2458695.78734 15.917 0.005 5.19 361.0
2458697.77026 15.910 0.005 6.62 298.0
2458698.53512 15.917 0.004 4.87 303.0
2458699.68288 15.919 0.004 3.99 299.0
2458700.59365 15.922 0.004 4.10 321.0
2458701.73622 15.914 0.004 4.53 370.0
2458702.65010 15.925 0.005 5.04 322.0
2458704.68704 15.915 0.005 5.73 509.0
2458711.61246 15.911 0.005 4.98 555.0
2458711.73923 15.928 0.006 6.17 936.0
2458712.66705 15.908 0.006 6.75 489.0
2458713.69719 15.912 0.005 4.99 435.0
2458715.72793 15.916 0.005 5.79 474.0
2458716.69246 15.913 0.004 3.91 366.0
2458717.71021 15.926 0.006 6.94 404.0
2458718.72515 15.930 0.005 4.66 486.0
2458719.65214 15.925 0.005 5.28 328.0
2458722.70680 15.914 0.004 5.87 282.0
2458723.69300 15.916 0.004 4.64 349.0
2458724.68723 15.913 0.005 5.59 382.0
2458725.69182 15.918 0.005 5.48 318.0
2458726.67862 15.923 0.004 4.84 302.0
2458727.67564 15.910 0.005 5.68 382.0
2458728.68047 15.910 0.004 4.42 325.0
2458729.68701 15.923 0.005 5.19 346.0
2458730.66570 15.911 0.005 5.64 308.0
2458736.66269 15.924 0.006 6.54 733.0
2458737.65607 15.917 0.006 6.41 696.0
2458738.64298 15.913 0.006 6.54 750.0
2458739.63894 15.927 0.006 6.48 615.0
2458740.59924 15.909 0.006 6.42 562.0
2458741.65001 15.912 0.005 5.67 566.0
2458742.64539 15.909 0.005 5.90 555.0
2458747.59314 15.921 0.005 6.61 304.0
2458752.59527 15.922 0.005 5.62 366.0
2458755.60133 15.912 0.004 4.06 376.0
2458763.56810 15.912 0.006 5.74 646.0
2458899.85709 15.918 0.005 5.72 405.0
2458900.86233 15.910 0.004 5.07 368.0
2458901.85737 15.918 0.004 5.36 345.0
2458902.85446 15.919 0.004 5.23 344.0
2458903.85257 15.923 0.005 6.45 415.0
2458904.84484 15.912 0.004 5.82 315.0
2458905.83915 15.924 0.004 4.86 357.0
2458906.85147 15.927 0.004 5.41 379.0
2458907.84818 15.920 0.004 5.00 421.0
2458908.85081 15.922 0.005 6.18 394.0
2458909.84471 15.913 0.004 5.30 323.0
2458911.86790 15.926 0.005 5.77 348.0
2458913.82182 15.933 0.005 6.25 372.0
2458915.83133 15.910 0.004 5.15 415.0
2458916.89305 15.916 0.005 4.60 529.0
2458918.84651 15.914 0.004 4.77 632.0
2458919.89635 15.917 0.004 4.75 496.0
2458921.80898 15.915 0.005 5.15 607.0
2458923.81050 15.918 0.007 5.31 2070.0
2458923.87622 15.925 0.007 4.65 2469.0
2459795.72722 15.931 0.005 6.37 383.0
2459796.66909 15.913 0.004 5.37 340.0
2459797.71957 15.921 0.005 6.24 464.0
2459804.52105 15.906 0.005 5.80 625.0
2459804.69678 15.925 0.006 6.03 636.0
2459805.65778 15.934 0.005 4.85 502.0
2459806.66314 15.919 0.006 6.98 459.0
2459807.63953 15.923 0.004 5.24 338.0
2459808.64983 15.919 0.005 5.71 318.0
2459809.65310 15.913 0.005 6.43 305.0
2459811.49892 15.927 0.005 5.35 304.0
2459812.51722 15.926 0.005 5.92 292.0
2459813.70014 15.913 0.005 6.40 292.0
2459814.69701 15.927 0.005 6.36 365.0
2459816.48062 15.930 0.005 5.65 428.0
2459817.51387 15.927 0.005 6.99 378.0
2459818.56598 15.928 0.006 7.51 416.0
2459820.50114 15.920 0.005 5.61 357.0
2459821.56065 15.918 0.004 5.91 306.0
2459823.58635 15.917 0.005 7.43 404.0
2459825.61397 15.925 0.006 7.81 563.0
2459831.50841 15.935 0.006 6.70 640.0
2459832.55280 15.915 0.006 6.34 667.0
2459834.63527 15.918 0.005 5.41 638.0
2459836.64296 15.932 0.006 7.49 530.0
2459840.49040 15.912 0.005 6.55 493.0
2459841.54945 15.907 0.005 6.21 417.0
2459844.52044 15.928 0.004 5.50 384.0
2459845.56738 15.930 0.004 5.92 363.0
2459848.58107 15.930 0.005 5.95 478.0
2459851.61038 15.926 0.005 6.88 441.0
2459857.52347 15.933 0.007 7.80 731.0
2459860.51219 15.896 0.006 6.91 693.0
2459863.55114 15.910 0.006 6.63 701.0
2459867.53286 15.928 0.005 5.75 525.0
2459994.86522 15.930 0.004 4.47 442.0
2459999.85955 15.911 0.005 6.02 471.0
2460003.84766 15.929 0.004 4.87 470.0
2460007.83972 15.934 0.004 4.81 490.0
2460012.83431 15.922 0.004 3.97 606.0
2460015.82744 15.919 0.004 5.10 629.0
2460021.88180 15.930 0.004 4.00 376.0
2460024.85624 15.922 0.004 3.87 340.0
2460027.79907 15.911 0.005 6.36 365.0
2460029.86478 15.910 0.004 4.99 359.0
2460032.79652 15.916 0.004 4.75 352.0
2460034.84043 15.928 0.004 5.22 339.0
2460037.77651 15.922 0.004 4.92 463.0
2460039.90263 15.925 0.004 4.29 444.0
2460042.76326 15.929 0.004 4.72 632.0
2460048.77753 15.919 0.004 5.29 391.0
2460051.77476 15.920 0.005 6.67 330.0
2460054.74500 15.926 0.004 5.12 326.0
2460057.85055 15.930 0.004 5.30 377.0
2460059.90199 15.914 0.004 5.60 394.0
2460062.72138 15.928 0.004 5.46 387.0
2460065.87109 15.922 0.004 5.07 372.0
2460067.93317 15.920 0.005 4.70 1155.0
2460069.87565 15.908 0.005 5.27 842.0
2460075.92346 15.938 0.005 4.76 874.0
2460085.67488 15.928 0.006 6.69 384.0
2460089.66038 15.933 0.005 4.89 493.0
2460091.74688 15.925 0.005 4.71 441.0
2460093.90780 15.927 0.006 6.99 569.0
2460095.91518 15.924 0.005 5.36 478.0
2460097.74162 15.923 0.005 4.93 594.0
2460098.80758 15.912 0.008 5.65 1517.0
2460105.61217 15.924 0.005 5.28 357.0
2460106.84031 15.912 0.005 5.95 402.0
2460108.71017 15.924 0.005 6.16 377.0
2460110.61341 15.915 0.005 5.55 375.0
2460111.84454 15.917 0.005 4.78 584.0
2460113.56740 15.923 0.005 5.72 416.0
2460116.73911 15.926 0.005 5.03 367.0
2460119.66140 15.926 0.006 6.34 375.0
2460120.82666 15.929 0.005 5.76 370.0
2460122.77439 15.913 0.005 5.52 358.0
2460124.58347 15.933 0.006 6.00 608.0
2460125.62853 15.925 0.006 6.21 584.0
2460130.59744 15.926 0.006 5.81 885.0
2460132.55991 15.912 0.005 6.46 425.0
2460134.64226 15.923 0.005 5.84 373.0
2460139.81722 15.912 0.005 5.66 440.0
2460141.76102 15.928 0.005 5.25 361.0
2460143.80677 15.919 0.005 5.60 367.0
2460149.68188 15.915 0.005 5.64 333.0
2460153.51560 15.935 0.006 6.25 584.0
2460153.77870 15.929 0.006 4.95 1401.0
2460158.73693 15.929 0.006 5.51 1060.0
2460160.67377 15.924 0.005 5.03 498.0
2460165.68269 15.922 0.005 6.31 342.0
2460169.57062 15.922 0.005 5.33 298.0
2460171.58076 15.909 0.005 5.16 319.0
2460174.54652 15.926 0.006 6.48 355.0
2460178.70754 15.923 0.006 7.55 418.0
2460185.50887 15.925 0.008 7.23 826.0
2460187.69545 15.919 0.006 4.98 991.0
2460201.54216 15.927 0.005 5.38 355.0
2460203.63184 15.923 0.005 5.60 436.0
2460206.61991 15.925 0.005 5.92 504.0
2460213.62650 15.928 0.007 7.62 773.0
2460219.54904 15.926 0.006 6.61 487.0
2460227.53420 15.921 0.006 6.00 551.0
2460255.51923 15.921 0.007 7.78 707.0
2460370.87740 15.917 0.005 4.46 504.0
2460377.89376 15.922 0.005 4.92 386.0
2460381.83529 15.909 0.005 4.47 453.0
2460384.82899 15.917 0.005 4.99 480.0
2460387.84738 15.925 0.005 4.52 458.0
2460390.90567 15.925 0.004 4.33 432.0
2460393.85710 15.913 0.005 5.71 509.0
2460396.78856 15.931 0.005 4.66 702.0
2460398.85829 15.917 0.005 4.27 591.0
2460404.89147 15.929 0.005 4.47 423.0
2460407.87238 15.922 0.004 4.34 367.0
2460411.80046 15.919 0.005 5.68 372.0
2460418.77207 15.921 0.005 5.28 372.0
2460423.76435 15.921 0.005 5.92 582.0
2460425.87147 15.924 0.005 4.49 655.0
2460433.81234 15.926 0.005 5.06 448.0
2460435.93268 15.917 0.006 5.53 975.0
2460439.82871 15.924 0.004 5.22 446.0
2460448.69377 15.921 0.006 7.70 445.0
2460449.83449 15.920 0.005 5.53 357.0
2460458.70070 15.920 0.005 5.19 474.0
2460460.81222 15.928 0.005 5.54 436.0
2460463.63554 15.927 0.005 5.49 323.0
2460467.68797 15.928 0.005 5.07 510.0
2460469.91723 15.914 0.005 5.71 509.0
2460476.90084 15.924 0.006 6.56 630.0
2460478.87231 15.916 0.006 6.96 473.0
2460486.60782 15.916 0.006 6.83 547.0
2460488.70442 15.927 0.005 5.50 355.0
2460491.56881 15.922 0.005 5.00 331.0
2460493.51920 15.925 0.005 5.55 428.0
2460494.82763 15.928 0.005 6.09 419.0
2460496.71432 15.909 0.006 7.15 576.0
2460498.52868 15.926 0.005 4.67 408.0
2460500.52927 15.930 0.005 6.13 357.0
2460502.48450 15.916 0.007 7.17 531.0
2460503.72525 15.932 0.005 5.59 340.0
2460506.52084 15.926 0.005 5.15 454.0
2460508.50042 15.917 0.006 5.81 696.0
2460515.64569 15.923 0.006 6.40 432.0
2460517.60484 15.934 0.006 7.33 314.0
2460519.67846 15.935 0.005 5.51 312.0
2460528.56089 15.936 0.005 6.31 331.0
2460532.56110 15.918 0.005 5.06 329.0
2460534.74902 15.920 0.005 5.66 357.0
2460544.59871 15.931 0.005 6.25 415.0
2460549.54375 15.922 0.005 6.32 396.0
2460555.66719 15.907 0.005 4.62 349.0
2460558.67539 15.928 0.005 4.98 359.0
2460561.58669 15.929 0.005 5.16 349.0
2460569.50649 15.923 0.006 6.55 610.0
2460571.63818 15.925 0.007 6.60 861.0
2460576.57855 15.937 0.006 6.85 416.0
2460581.57511 15.921 0.005 6.21 407.0
2460586.50125 15.923 0.006 7.11 441.0
2460596.55584 15.911 0.006 5.64 865.0
2460597.56712 15.917 0.006 6.40 811.0
2460598.53817 15.924 0.006 6.48 757.0
2460599.55308 15.923 0.005 4.77 742.0
2460600.54019 15.924 0.006 5.00 943.0
2460601.55287 15.928 0.006 5.15 891.0
2460609.55545 15.925 0.006 6.01 650.0
2460721.88773 15.911 0.005 5.69 716.0
2460733.84520 15.919 0.005 5.66 458.0
2460736.83987 15.917 0.005 5.88 408.0
2460739.83865 15.914 0.005 4.92 478.0
2460742.82224 15.915 0.005 5.14 396.0
2460744.82719 15.917 0.005 5.38 438.0
2460747.81917 15.912 0.005 4.71 591.0
2460749.84324 15.893 0.005 4.64 618.0
2460751.87214 15.897 0.005 4.74 502.0
2460753.86049 15.902 0.005 4.93 599.0
2460761.82372 15.905 0.005 6.61 412.0
2460763.81372 15.891 0.005 6.08 409.0
2460765.81540 15.913 0.005 5.34 358.0
2460767.81937 15.891 0.005 5.30 385.0
2460769.81637 15.894 0.005 4.95 465.0
2460771.85040 15.895 0.005 6.88 355.0
2460773.79376 15.901 0.005 5.07 407.0
2460775.84651 15.893 0.005 6.20 438.0
2460778.78038 15.892 0.005 5.64 722.0
2460780.77157 15.874 0.005 5.14 658.0
2460781.69890 15.893 0.005 5.59 805.0
2460781.84255 15.886 0.005 5.83 624.0
2460787.75173 15.883 0.004 4.87 379.0
2460788.87538 15.881 0.005 5.23 390.0
2460790.71994 15.883 0.004 5.29 373.0
2460791.85947 15.888 0.004 4.41 364.0
2460793.73184 15.889 0.004 5.07 365.0
2460794.85902 15.881 0.004 4.72 327.0
2460797.81051 15.881 0.004 5.01 429.0
2460798.91014 15.883 0.004 4.86 357.0
2460800.75507 15.877 0.005 5.82 378.0
2460801.87098 15.876 0.004 4.28 419.0
2460803.83566 15.875 0.005 5.52 400.0
2460805.91656 15.883 0.005 5.24 401.0
2460807.67779 15.880 0.006 6.02 844.0
2460808.81080 15.863 0.005 4.83 909.0
2460813.90240 15.868 0.005 4.90 635.0
2460815.77709 15.863 0.004 4.33 367.0
2460817.64790 15.864 0.004 5.28 386.0
2460818.76681 15.864 0.004 4.42 331.0
2460819.87693 15.857 0.004 4.59 428.0
2460821.67871 15.863 0.005 6.83 352.0
2460822.92353 15.851 0.005 5.94 513.0
2460824.69091 15.843 0.005 5.75 373.0
2460825.71766 15.851 0.004 4.21 313.0
2460827.68463 15.852 0.004 4.64 316.0
2460828.78164 15.859 0.004 4.17 312.0
2460831.65629 15.851 0.005 5.79 417.0
2460832.78364 15.856 0.005 6.27 500.0
2460833.91713 15.861 0.005 5.97 595.0
2460835.71260 15.854 0.005 4.65 652.0
2460841.84020 15.859 0.006 5.88 682.0
2460843.80136 15.852 0.005 4.85 500.0
2460844.87109 15.864 0.006 6.98 565.0
2460846.68338 15.858 0.004 5.22 357.0
2460847.69031 15.859 0.005 5.99 390.0
2460848.71040 15.872 0.004 5.35 351.0
2460850.63342 15.868 0.005 6.35 370.0
2460851.66151 15.857 0.004 6.24 366.0
2460853.83520 15.862 0.005 6.11 391.0
2460854.85207 15.853 0.006 7.19 406.0
2460856.58666 15.860 0.005 5.92 387.0
2460858.68999 15.874 0.004 5.30 296.0
2460859.75596 15.866 0.004 4.34 320.0
2460860.78175 15.863 0.004 5.12 311.0
2460862.58467 15.875 0.006 7.13 481.0
2460863.55460 15.874 0.007 7.81 705.0
2460868.74622 15.889 0.006 6.11 835.0
2460870.54068 15.888 0.005 6.62 356.0
2460872.53374 15.887 0.005 6.93 370.0
2460873.65115 15.882 0.005 5.73 323.0
2460874.75896 15.878 0.004 4.70 360.0
2460876.48967 15.888 0.004 4.89 353.0
2460878.52023 15.881 0.004 4.91 362.0
2460879.78860 15.889 0.004 5.57 412.0
2460881.58063 15.892 0.004 5.42 313.0
2460885.57647 15.892 0.004 5.44 306.0
2460896.51824 15.890 0.006 6.08 736.0
2460898.60573 15.906 0.005 5.61 427.0
2460899.71626 15.901 0.005 5.45 471.0
2460901.57579 15.895 0.005 6.00 389.0
2460904.58552 15.903 0.005 6.25 363.0
2460911.68787 15.912 0.006 7.31 426.0
2460913.71424 15.915 0.005 5.81 373.0
2460915.68458 15.916 0.005 5.92 325.0
2460924.64181 15.915 0.006 6.88 785.0
2460925.52274 15.908 0.006 6.47 615.0
2460926.52338 15.925 0.006 6.43 645.0
2460927.51931 15.916 0.005 5.38 509.0
2460928.52158 15.915 0.005 5.59 380.0
2460929.54733 15.917 0.004 5.12 372.0
2460930.52407 15.917 0.005 5.37 415.0
2460931.53560 15.905 0.004 5.80 374.0
2460932.55827 15.916 0.005 6.30 387.0
2460933.55011 15.911 0.005 5.67 470.0
2460934.55089 15.911 0.004 4.47 480.0
2460936.61210 15.904 0.005 5.99 357.0
2460942.49581 15.913 0.005 6.03 362.0
2460944.53434 15.920 0.005 6.13 426.0
2460951.57753 15.923 0.006 6.99 632.0
2460956.50159 15.908 0.005 5.73 562.0
2460961.53271 15.912 0.006 6.77 568.0
2460968.51167 15.904 0.005 5.66 489.0
