2457790.86809 19.197 0.070 6.26 435.0
2457791.86319 19.171 0.056 5.19 392.0
2457792.85947 19.362 0.087 6.15 565.0
2457793.85690 19.047 0.063 5.41 644.0
2457793.88830 19.352 0.093 4.89 1032.0
2457794.85764 19.261 0.109 6.62 779.0
2457795.86263 19.066 0.087 6.50 788.0
2457796.86656 19.226 0.067 5.00 607.0
2457797.87181 19.167 0.074 5.10 756.0
2457798.87149 19.149 0.061 4.89 498.0
2457799.86674 19.232 0.087 6.18 552.0
2457800.85073 19.249 0.070 5.51 477.0
2457801.84121 19.113 0.087 5.86 737.0
2457801.88654 19.213 0.079 5.24 652.0
2457802.88443 19.134 0.094 7.43 606.0
2457803.86770 19.234 0.092 4.68 1219.0
2457807.82750 19.169 0.060 5.85 346.0
2457807.87412 19.243 0.060 5.55 333.0
2457808.83066 19.134 0.065 6.02 371.0
2457809.83752 19.063 0.058 5.90 416.0
2457809.88517 19.167 0.058 5.77 335.0
2457810.83432 19.094 0.053 5.22 397.0
2457810.88176 19.072 0.051 5.18 336.0
2457811.83993 19.154 0.054 5.21 358.0
2457811.88520 19.222 0.055 5.22 316.0
2457812.85614 19.108 0.048 4.71 379.0
2457812.90097 19.157 0.056 4.69 459.0
2457813.84555 19.296 0.064 4.90 448.0
2457814.85551 19.136 0.044 4.49 333.0
2457814.90313 19.103 0.064 4.64 831.0
2457815.86914 19.109 0.046 4.56 345.0
2457816.81377 19.117 0.067 6.45 373.0
2457816.85895 19.152 0.052 5.36 336.0
2457817.81019 19.124 0.052 4.94 428.0
2457817.85547 19.225 0.051 4.70 396.0
2457817.90067 19.203 0.054 4.37 505.0
2457818.84167 19.209 0.052 4.52 367.0
2457818.88676 19.202 0.049 4.82 326.0
2457819.82145 19.212 0.053 5.19 342.0
2457819.87323 19.158 0.045 4.80 306.0
2457820.83012 19.166 0.054 4.90 399.0
2457820.87595 19.096 0.048 4.85 373.0
2457821.81451 19.198 0.065 4.84 488.0
2457821.85884 19.063 0.053 4.98 393.0
2457822.80688 19.150 0.074 5.51 633.0
2457822.85150 19.027 0.060 5.74 474.0
2457822.89625 19.114 0.050 4.99 354.0
2457823.83682 19.146 0.059 4.53 565.0
2457823.88140 19.384 0.069 4.54 471.0
2457824.83279 19.255 0.081 5.67 587.0
2457824.87754 19.370 0.091 6.02 523.0
2457825.82449 19.265 0.070 5.20 603.0
2457825.86911 19.026 0.055 5.15 511.0
2457826.78293 19.158 0.078 5.57 703.0
2457826.82802 19.313 0.096 5.88 620.0
2457826.87270 19.046 0.069 5.99 557.0
2457827.80203 19.228 0.066 4.87 542.0
2457827.84635 19.119 0.057 4.96 477.0
2457827.89113 19.135 0.055 4.77 451.0
2457828.81568 19.108 0.061 5.12 546.0
2457828.86014 19.175 0.057 4.61 483.0
2457828.90501 19.225 0.061 4.91 469.0
2457829.84214 19.023 0.066 5.39 648.0
2457830.80072 19.000 0.085 5.24 1545.0
2457830.84177 19.207 0.076 5.08 767.0
2457830.88011 19.296 0.072 4.76 677.0
2457834.83371 19.239 0.059 5.75 329.0
2457834.88089 19.229 0.064 5.78 310.0
2457835.75505 19.305 0.071 6.61 275.0
2457835.82751 19.141 0.086 8.02 300.0
2457835.87927 19.163 0.058 5.98 292.0
2457836.75970 19.319 0.088 7.18 341.0
2457836.81658 19.114 0.070 7.37 282.0
2457836.86564 19.150 0.053 5.90 268.0
2457836.91357 19.230 0.078 6.27 452.0
2457837.78370 19.202 0.055 5.96 274.0
2457837.83003 19.139 0.053 5.96 256.0
2457837.87689 19.095 0.042 4.90 278.0
2457838.75333 19.254 0.068 6.16 362.0
2457838.79941 19.290 0.065 5.84 327.0
2457838.85494 19.218 0.053 5.25 329.0
2457838.90277 19.278 0.051 4.86 307.0
2457839.76117 19.181 0.046 4.71 263.0
2457839.82055 19.194 0.043 4.73 246.0
2457839.86969 19.118 0.038 4.31 242.0
2457840.74186 19.209 0.060 5.64 329.0
2457840.78949 19.206 0.053 5.29 260.0
2457840.84609 19.152 0.046 5.05 270.0
2457840.89362 19.290 0.047 4.58 267.0
2457841.77100 19.248 0.085 8.16 283.0
2457841.81706 19.195 0.071 7.13 269.0
2457841.86247 19.212 0.076 7.26 281.0
2457842.76429 19.187 0.062 6.48 280.0
2457842.81069 19.106 0.052 5.77 273.0
2457842.85721 19.154 0.058 6.04 300.0
2457842.91128 19.182 0.058 5.83 316.0
2457843.76873 19.062 0.047 5.74 263.0
2457843.82412 19.156 0.054 6.09 245.0
2457843.87105 19.185 0.046 5.15 234.0
2457843.92051 19.157 0.056 5.46 355.0
2457844.76529 19.091 0.045 5.49 262.0
2457844.82071 19.073 0.065 7.09 263.0
2457844.86632 19.084 0.062 7.30 263.0
2457844.92057 19.307 0.092 5.93 547.0
2457845.75854 19.238 0.063 6.23 288.0
2457845.81387 19.112 0.051 5.67 278.0
2457845.86054 19.132 0.052 5.85 269.0
2457845.91187 19.305 0.050 4.66 270.0
2457846.76023 19.119 0.049 5.48 266.0
2457846.80644 19.137 0.051 5.79 252.0
2457846.85187 19.224 0.053 5.47 260.0
2457846.90319 19.149 0.054 5.66 278.0
2457847.73994 19.220 0.062 5.92 293.0
2457847.78595 19.187 0.052 5.39 272.0
2457847.84206 19.136 0.049 5.40 268.0
2457847.89157 19.274 0.055 5.17 269.0
2457848.72343 19.059 0.058 5.93 385.0
2457848.76888 19.153 0.056 6.14 271.0
2457848.81475 19.218 0.047 5.04 247.0
2457848.87181 19.185 0.041 4.45 247.0
2457848.92042 19.128 0.050 4.96 355.0
2457849.75124 19.190 0.054 5.38 369.0
2457849.79758 19.122 0.045 5.06 279.0
2457849.85329 19.152 0.040 4.13 270.0
2457849.90425 19.088 0.040 4.69 269.0
2457850.73283 19.294 0.081 5.91 427.0
2457850.77970 19.257 0.077 6.45 370.0
2457850.82536 19.152 0.048 4.97 295.0
2457850.88317 19.095 0.041 4.78 269.0
2457851.71121 19.216 0.099 6.84 579.0
2457851.76589 19.152 0.070 5.98 432.0
2457851.81233 19.156 0.063 5.71 384.0
2457851.85905 19.115 0.062 5.06 302.0
2457851.91929 19.130 0.049 5.03 334.0
2457852.84026 19.182 0.071 6.99 348.0
2457852.88956 19.262 0.069 6.48 307.0
2457853.87201 19.404 0.113 7.82 404.0
2457853.88362 19.109 0.068 6.51 392.0
2457853.91504 19.200 0.090 7.59 386.0
2457854.71954 19.044 0.065 5.39 659.0
2457854.76592 19.146 0.061 5.22 557.0
2457854.82138 19.131 0.057 4.68 494.0
2457854.87035 19.121 0.066 5.73 486.0
2457854.91885 19.163 0.053 3.89 559.0
2457855.76455 19.044 0.052 4.10 633.0
2457855.81168 19.229 0.064 4.34 592.0
2457855.86003 19.099 0.051 4.04 559.0
2457855.91847 19.098 0.060 4.64 621.0
2457856.74279 19.241 0.105 6.95 608.0
2457856.79103 19.243 0.087 6.20 548.0
2457856.83791 19.144 0.093 6.92 545.0
2457856.89827 19.301 0.117 7.51 541.0
2457857.79999 19.151 0.145 6.48 1786.0
2457857.85384 19.307 0.099 6.18 716.0
2457857.89585 19.182 0.071 5.32 591.0
2457858.77385 19.115 0.046 4.08 445.0
2457858.81067 19.119 0.050 4.39 456.0
2457858.84466 19.218 0.076 5.69 543.0
2457858.88744 19.140 0.061 5.58 420.0
2457862.68546 19.346 0.074 6.11 370.0
2457862.73283 19.252 0.065 5.74 351.0
2457862.77986 19.184 0.059 5.50 331.0
2457862.82692 19.220 0.063 5.76 344.0
2457862.87540 19.167 0.064 5.89 356.0
2457863.73723 19.146 0.052 5.34 336.0
2457863.81295 19.223 0.056 5.43 312.0
2457863.88953 19.207 0.054 5.03 351.0
2457864.71464 19.071 0.039 4.85 286.0
2457864.78678 19.185 0.039 4.01 280.0
2457864.84783 19.144 0.043 4.78 302.0
2457864.89952 19.118 0.041 4.04 343.0
2457865.68898 19.254 0.049 4.56 316.0
2457865.73466 19.108 0.045 4.75 308.0
2457865.78093 19.205 0.044 4.15 300.0
2457865.85270 19.183 0.046 4.41 350.0
2457865.90531 19.257 0.055 4.44 406.0
2457866.69999 19.200 0.054 5.19 320.0
2457866.74655 19.178 0.046 4.33 306.0
2457866.80233 19.139 0.041 4.25 299.0
2457866.86330 19.190 0.041 3.87 320.0
2457866.91086 19.115 0.039 3.76 353.0
2457867.71880 19.213 0.045 4.57 290.0
2457867.76567 19.191 0.041 4.27 270.0
2457867.83156 19.121 0.040 4.86 276.0
2457867.88143 19.196 0.048 4.87 290.0
2457867.92824 19.020 0.057 5.14 471.0
2457868.79146 19.195 0.062 5.51 299.0
2457868.85328 19.326 0.077 6.18 341.0
2457868.92177 19.095 0.073 6.69 354.0
2457869.71310 19.153 0.050 5.71 282.0
2457869.75905 19.135 0.048 5.16 284.0
2457869.81484 19.173 0.041 4.29 271.0
2457869.87453 19.166 0.042 4.00 325.0
2457869.92191 19.133 0.041 3.55 395.0
2457870.73940 19.182 0.037 4.08 256.0
2457870.79562 19.262 0.042 3.92 253.0
2457870.85374 19.112 0.042 4.55 268.0
2457870.90166 19.105 0.043 4.35 303.0
2457871.70845 19.148 0.044 4.78 309.0
2457871.75516 19.213 0.044 4.18 314.0
2457871.82082 19.111 0.034 3.56 287.0
2457871.88025 19.212 0.046 3.99 307.0
2457871.92984 19.221 0.063 4.19 682.0
2457872.72438 19.151 0.043 4.42 318.0
2457872.77069 19.119 0.036 3.73 310.0
2457872.84117 19.182 0.039 3.87 314.0
2457872.90363 19.104 0.041 3.81 348.0
2457873.67352 19.146 0.046 5.13 322.0
2457873.71942 19.224 0.048 4.98 326.0
2457873.76581 19.135 0.038 3.82 290.0
2457873.81270 19.137 0.036 3.77 295.0
2457873.88463 19.224 0.047 4.13 338.0
2457873.93124 19.298 0.073 4.86 620.0
2457874.69487 19.154 0.060 6.05 356.0
2457874.74998 19.288 0.078 6.80 332.0
2457874.80692 19.142 0.056 5.65 312.0
2457874.85723 19.032 0.053 5.29 379.0
2457874.90441 19.114 0.055 5.33 390.0
2457875.76325 19.162 0.048 4.62 324.0
2457875.84372 19.198 0.048 4.28 352.0
2457875.90103 19.058 0.047 4.61 619.0
2457875.93486 19.148 0.079 5.26 834.0
2457876.69135 19.077 0.058 5.96 400.0
2457876.73893 19.119 0.048 4.73 366.0
2457876.79810 19.175 0.047 4.59 337.0
2457876.86032 19.121 0.043 4.28 336.0
2457876.90733 19.255 0.058 4.77 390.0
2457877.66877 19.132 0.055 5.57 397.0
2457877.71529 19.258 0.053 4.62 364.0
2457877.78126 19.118 0.039 4.07 325.0
2457877.83170 19.119 0.043 3.93 400.0
2457877.88443 19.074 0.050 4.44 443.0
2457878.71229 19.126 0.042 3.93 404.0
2457878.77763 19.184 0.043 4.15 345.0
2457878.82812 19.229 0.044 3.99 339.0
2457878.88665 19.164 0.043 4.00 358.0
2457878.93272 19.092 0.059 4.34 726.0
2457879.69544 19.219 0.072 6.08 417.0
2457879.74161 19.132 0.074 6.39 435.0
2457879.78760 19.341 0.085 6.45 370.0
2457879.87932 19.132 0.077 6.90 381.0
2457880.69352 19.166 0.081 7.08 426.0
2457880.73952 19.139 0.063 5.79 416.0
2457880.78787 19.250 0.083 6.52 431.0
2457880.84608 19.178 0.080 6.81 423.0
2457880.90078 19.290 0.100 7.28 442.0
2457881.78524 19.215 0.077 5.44 573.0
2457881.83527 19.254 0.077 5.68 493.0
2457881.88368 19.162 0.101 7.18 524.0
2457881.93994 18.984 0.147 7.10 1910.0
2457882.72900 19.017 0.058 5.74 487.0
2457882.78581 19.262 0.071 5.44 508.0
2457882.84452 19.130 0.059 4.60 558.0
2457882.89155 19.234 0.067 4.68 575.0
2457883.68772 19.271 0.115 7.65 650.0
2457890.69359 19.276 0.090 6.81 452.0
2457890.75417 19.154 0.068 5.48 493.0
2457890.83860 19.371 0.083 5.17 555.0
2457893.64245 19.182 0.075 6.91 374.0
2457893.69009 19.218 0.066 6.24 330.0
2457893.73661 19.210 0.060 5.72 333.0
2457893.80364 19.173 0.062 5.72 327.0
2457893.85109 19.271 0.056 4.76 346.0
2457893.89801 19.074 0.061 5.52 423.0
2457893.94089 19.230 0.128 6.66 1096.0
2457894.62806 19.275 0.071 6.64 396.0
2457894.67429 19.156 0.046 5.10 323.0
2457894.72934 19.197 0.045 4.66 300.0
2457894.78643 19.183 0.048 4.65 310.0
2457894.83331 19.139 0.046 4.33 334.0
2457894.87989 19.165 0.057 4.98 388.0
2457894.92613 19.247 0.082 6.23 461.0
2457895.62487 19.169 0.057 6.01 450.0
2457895.77864 19.060 0.046 5.07 371.0
2457897.63738 19.115 0.059 6.29 314.0
2457897.68414 19.247 0.065 5.83 316.0
2457897.73214 19.228 0.061 5.59 352.0
2457900.90394 19.412 0.108 7.76 390.0
2457901.61558 19.233 0.072 7.19 341.0
2457901.66318 19.278 0.071 6.50 283.0
2457901.71868 19.292 0.060 5.81 318.0
2457901.80354 19.271 0.064 5.65 316.0
2457901.85081 19.257 0.066 5.38 445.0
2457902.60856 19.220 0.084 7.22 369.0
2457902.65828 19.230 0.067 6.09 323.0
2457902.71347 19.266 0.051 4.89 288.0
2457902.77421 19.271 0.054 4.91 314.0
2457902.82008 19.040 0.062 6.14 369.0
2457902.92187 19.130 0.099 7.62 549.0
2457903.77911 19.167 0.074 7.40 270.0
2457903.82651 19.199 0.056 5.22 340.0
2457903.88206 19.042 0.056 5.67 391.0
2457904.58695 19.129 0.086 8.43 375.0
2457904.63613 19.200 0.057 5.86 302.0
2457904.67968 19.221 0.046 4.96 268.0
2457904.73641 19.129 0.038 4.15 264.0
2457904.79516 19.086 0.038 4.24 251.0
2457904.84308 19.159 0.057 5.35 318.0
2457904.88914 19.228 0.058 5.19 378.0
2457905.60204 19.273 0.067 6.11 347.0
2457905.64906 19.106 0.043 4.55 304.0
2457905.70439 19.167 0.038 3.98 280.0
2457905.76227 19.158 0.047 4.37 317.0
2457905.80972 19.202 0.047 4.41 339.0
2457905.85808 19.166 0.055 4.56 427.0
2457905.92094 19.168 0.066 5.35 495.0
2457906.56624 19.170 0.064 5.48 475.0
2457906.61215 19.156 0.050 4.64 362.0
2457906.66043 19.119 0.042 4.12 313.0
2457906.71531 19.268 0.045 4.08 339.0
2457906.77522 19.118 0.043 3.94 366.0
2457906.82251 19.139 0.051 4.43 415.0
2457906.86932 19.154 0.058 5.13 456.0
2457906.91601 19.123 0.072 5.61 650.0
2457907.59508 19.079 0.065 5.40 658.0
2457907.66461 19.090 0.052 4.70 488.0
2457907.70528 19.182 0.058 4.42 570.0
2457907.74892 19.093 0.051 4.39 529.0
2457907.82545 19.184 0.057 4.60 555.0
2457908.57699 19.272 0.095 6.72 587.0
2457908.61777 19.219 0.074 5.71 500.0
2457908.66448 19.137 0.055 4.80 449.0
2457908.71970 19.193 0.048 4.31 388.0
2457908.77838 19.038 0.050 4.66 438.0
2457908.82526 19.241 0.051 4.53 343.0
2457908.87225 19.072 0.052 5.09 430.0
2457908.91438 19.168 0.083 6.15 592.0
2457909.56048 19.227 0.098 6.19 762.0
2457909.60682 19.014 0.058 5.09 563.0
2457909.65584 19.134 0.052 4.21 463.0
2457909.71192 19.125 0.047 3.99 461.0
2457909.76091 19.134 0.059 4.13 664.0
2457909.80800 19.190 0.058 4.34 518.0
2457909.84664 19.170 0.050 4.51 423.0
2457909.89762 19.340 0.071 4.85 547.0
2457910.55435 19.247 0.094 6.08 737.0
2457910.60862 19.184 0.071 5.34 531.0
2457910.65533 19.169 0.065 5.38 470.0
2457910.71261 19.126 0.047 4.15 418.0
2457910.77233 19.162 0.056 4.52 486.0
2457910.81835 19.205 0.054 4.18 501.0
2457910.87330 19.137 0.060 4.69 661.0
2457911.58146 18.996 0.079 6.32 751.0
2457911.62211 19.270 0.084 5.72 609.0
2457911.66932 19.164 0.071 5.42 577.0
2457911.71425 19.313 0.116 7.18 573.0
2457911.82305 19.172 0.094 6.18 733.0
2457916.55054 19.157 0.092 6.33 834.0
2457916.59737 19.121 0.059 4.89 649.0
2457916.63362 19.068 0.054 4.41 675.0
2457916.67477 19.267 0.064 4.46 630.0
2457916.71722 19.325 0.071 4.60 635.0
2457916.76232 19.253 0.060 4.17 614.0
2457916.80466 19.093 0.056 4.26 630.0
2457916.84837 19.018 0.068 5.22 710.0
2457917.55828 19.213 0.083 6.35 535.0
2457917.60446 19.227 0.076 5.71 491.0
2457917.65464 19.183 0.061 5.27 429.0
2457917.70371 19.180 0.060 4.92 446.0
2457917.75370 19.169 0.049 3.82 459.0
2457917.80041 19.190 0.066 4.92 532.0
2457917.84609 19.112 0.090 6.24 672.0
2457917.89250 19.411 0.128 6.31 925.0
2457918.57195 19.057 0.052 5.69 529.0
2457918.65100 19.173 0.087 5.76 754.0
2457922.61587 19.124 0.060 6.23 324.0
2457922.67136 19.198 0.052 5.09 315.0
2457922.72941 19.119 0.062 6.10 328.0
2457923.53939 19.146 0.069 6.40 427.0
2457923.58472 19.136 0.062 5.69 422.0
2457923.63088 19.226 0.051 4.96 322.0
2457923.70574 19.192 0.074 6.65 342.0
2457923.75244 19.156 0.077 6.77 366.0
2457923.80048 19.388 0.081 5.51 396.0
2457923.84581 19.215 0.090 7.13 420.0
2457923.88849 19.431 0.114 6.68 527.0
2457924.50761 19.231 0.071 6.18 437.0
2457924.55182 19.232 0.058 5.22 362.0
2457924.59769 19.144 0.051 5.51 315.0
2457924.64205 19.201 0.051 4.94 311.0
2457924.70838 19.194 0.050 4.49 325.0
2457924.75546 19.138 0.048 4.29 304.0
2457924.80146 19.122 0.050 4.84 360.0
2457924.84738 19.132 0.057 5.07 448.0
2457925.57597 19.384 0.086 6.80 344.0
2457925.62147 19.279 0.069 6.49 293.0
2457925.66833 19.262 0.044 4.34 250.0
2457925.74186 19.088 0.062 6.29 300.0
2457925.78990 19.172 0.052 5.25 274.0
2457925.84216 19.290 0.071 6.35 357.0
2457926.55788 19.143 0.067 6.63 381.0
2457926.61002 19.107 0.050 5.63 330.0
2457926.67596 19.101 0.051 5.68 285.0
2457926.73974 19.276 0.067 5.97 321.0
2457926.79221 19.303 0.087 6.88 350.0
2457926.84716 19.233 0.074 6.72 380.0
2457928.60467 19.106 0.051 5.27 351.0
2457928.65228 19.105 0.051 5.47 312.0
2457929.58997 19.411 0.075 6.01 608.0
2457932.60522 19.110 0.050 5.35 298.0
2457932.66179 19.194 0.066 6.24 321.0
2457932.71047 19.288 0.075 6.48 303.0
2457932.76985 19.183 0.060 6.08 289.0
2457932.81542 19.226 0.062 5.78 347.0
2457933.59428 19.241 0.065 6.36 287.0
2457933.64101 19.216 0.056 5.84 243.0
2457933.69078 19.218 0.057 5.93 230.0
2457933.75738 19.298 0.080 7.51 245.0
2457933.80127 19.101 0.072 7.38 298.0
2457934.49916 19.061 0.056 5.63 419.0
2457934.54505 19.150 0.052 5.62 326.0
2457934.59072 19.165 0.049 5.16 302.0
2457934.64604 19.218 0.050 4.89 305.0
2457934.74481 19.140 0.044 4.46 299.0
2457934.79075 19.123 0.059 5.91 324.0
2457934.83679 19.086 0.076 7.67 327.0
2457935.53055 19.184 0.054 5.06 380.0
2457935.58696 19.222 0.051 4.59 325.0
2457935.64391 19.098 0.043 4.44 292.0
2457935.69324 19.211 0.052 4.55 302.0
2457935.74028 19.132 0.042 4.46 248.0
2457935.78728 19.125 0.039 4.20 275.0
2457935.85613 19.194 0.053 5.20 356.0
2457936.48562 19.345 0.076 5.36 455.0
2457936.53825 19.228 0.065 5.63 354.0
2457936.58587 19.174 0.050 5.10 304.0
2457936.63381 19.043 0.044 5.25 278.0
2457936.70614 19.146 0.055 5.84 271.0
2457936.76227 19.170 0.055 5.96 244.0
2457936.81039 19.198 0.052 5.67 256.0
2457936.85713 19.289 0.110 8.95 339.0
2457937.48003 19.387 0.100 6.24 571.0
2457937.52695 19.075 0.070 6.32 480.0
2457937.57498 19.202 0.067 5.77 398.0
2457937.62217 19.147 0.046 4.73 315.0
2457937.67041 19.219 0.055 5.09 352.0
2457937.72848 19.084 0.058 6.06 318.0
2457937.78544 19.241 0.070 6.59 291.0
2457937.83187 19.268 0.093 8.02 343.0
2457938.55041 19.155 0.070 5.50 453.0
2457938.59888 19.164 0.076 6.70 401.0
2457938.65031 19.142 0.097 8.34 420.0
2457944.49075 19.097 0.069 5.13 693.0
2457944.52991 19.032 0.062 4.96 679.0
2457944.57014 19.210 0.066 4.66 612.0
2457944.60878 19.249 0.065 4.46 577.0
2457944.65698 19.074 0.057 4.56 525.0
2457944.70641 19.058 0.064 5.30 545.0
2457944.75314 19.062 0.068 5.60 586.0
2457944.79398 19.199 0.082 5.36 711.0
2457945.46705 19.386 0.149 7.86 774.0
2457945.51190 19.296 0.086 6.07 604.0
2457945.55840 19.147 0.064 5.43 461.0
2457945.60613 19.150 0.047 4.15 430.0
2457945.65465 19.172 0.054 4.86 378.0
2457945.70241 19.156 0.049 4.61 392.0
2457945.74976 19.126 0.050 4.33 469.0
2457945.79681 19.051 0.063 5.38 574.0
2457946.49267 19.151 0.059 5.93 308.0
2457946.54991 19.245 0.056 4.43 424.0
2457946.59791 19.155 0.047 4.18 415.0
2457946.66323 19.105 0.057 5.69 349.0
2457946.71077 19.094 0.057 5.59 364.0
2457946.75864 19.219 0.068 5.64 383.0
2457946.80692 19.231 0.079 6.41 437.0
2457947.50978 19.103 0.055 6.12 285.0
2457947.54849 19.262 0.063 6.14 304.0
2457947.59738 19.130 0.053 5.51 313.0
2457947.64794 19.142 0.054 5.40 308.0
2457947.74193 19.112 0.064 6.28 363.0
2457947.78935 19.370 0.105 7.53 426.0
2457948.46460 19.199 0.116 6.99 873.0
2457948.50263 19.181 0.056 5.75 295.0
2457948.56051 19.125 0.048 5.16 271.0
2457948.61818 19.168 0.048 5.03 296.0
2457948.66976 18.958 0.053 5.34 452.0
2457948.74033 19.103 0.053 5.12 397.0
2457948.78667 19.216 0.069 5.81 449.0
2457949.57382 19.258 0.084 6.08 557.0
2457949.63085 19.319 0.075 6.06 365.0
2457949.68524 19.167 0.084 6.79 472.0
2457949.73434 19.169 0.085 6.25 570.0
2457952.68644 19.105 0.049 4.85 278.0
2457952.73818 19.307 0.073 6.58 255.0
2457952.79352 19.304 0.096 7.97 306.0
2457953.47343 19.212 0.071 5.79 454.0
2457953.51875 19.224 0.053 5.09 323.0
2457953.58906 19.227 0.043 4.52 262.0
2457953.64379 19.173 0.049 5.32 243.0
2457953.69423 19.231 0.045 4.77 220.0
2457953.74616 19.166 0.047 5.40 248.0
2457953.79543 19.359 0.083 6.84 339.0
2457954.48453 19.225 0.061 5.12 544.0
2457954.53638 19.186 0.052 4.86 391.0
2457954.59831 19.125 0.039 4.34 247.0
2457954.66532 19.242 0.043 4.47 233.0
2457954.72667 19.104 0.043 4.72 311.0
2457954.78187 19.233 0.054 5.08 350.0
2457955.73860 19.308 0.055 5.10 301.0
2457955.78225 19.371 0.076 6.74 324.0
2457956.48689 19.119 0.053 4.70 399.0
2457956.54446 19.255 0.058 5.01 354.0
2457956.60064 19.178 0.037 3.80 260.0
2457956.66826 19.110 0.043 4.67 258.0
2457956.71535 19.215 0.050 5.05 287.0
2457956.76596 19.138 0.062 6.89 319.0
2457957.54032 19.337 0.082 6.67 335.0
2457957.67491 19.050 0.060 6.81 296.0
2457957.72374 19.144 0.065 6.78 321.0
2457958.57154 19.335 0.087 6.80 371.0
2457958.61465 19.128 0.065 6.45 306.0
2457958.64686 19.200 0.080 7.55 276.0
2457958.69797 19.319 0.075 6.51 281.0
2457958.74994 19.253 0.066 6.34 303.0
2457958.79053 19.268 0.095 8.04 368.0
2457959.48956 19.203 0.052 5.30 320.0
2457959.53087 19.200 0.048 4.71 316.0
2457959.57959 19.151 0.041 4.34 283.0
2457959.63174 19.214 0.047 4.79 262.0
2457959.68067 19.222 0.044 4.66 244.0
2457959.72962 19.130 0.052 5.48 276.0
2457959.78099 19.214 0.065 6.42 316.0
2457960.48272 19.126 0.064 6.58 338.0
2457960.53036 19.198 0.052 5.37 268.0
2457960.59390 19.125 0.042 4.95 259.0
2457960.65038 19.085 0.043 5.35 218.0
2457960.69984 19.153 0.048 5.43 248.0
2457960.75421 19.246 0.070 6.84 278.0
2457961.53208 19.281 0.056 5.29 334.0
2457961.59564 19.125 0.049 5.49 305.0
2457961.63199 19.106 0.044 5.20 287.0
2457961.67645 19.384 0.060 5.26 290.0
2457961.74266 19.344 0.072 6.18 395.0
2457962.49571 19.231 0.053 5.49 307.0
2457962.54019 19.196 0.046 4.71 313.0
2457962.65350 19.149 0.043 4.38 360.0
2457963.54798 19.356 0.066 4.92 427.0
2457964.53380 19.195 0.057 5.04 410.0
2457964.57159 19.160 0.056 5.44 363.0
2457964.62249 19.275 0.062 5.41 329.0
2457964.67078 19.234 0.056 5.13 333.0
2457964.75106 19.083 0.068 6.61 413.0
2457965.63736 19.142 0.051 4.78 355.0
2457965.67273 19.279 0.060 5.29 345.0
2457965.70332 19.208 0.059 5.39 421.0
2457966.52527 19.306 0.100 7.62 410.0
2457966.56000 19.260 0.072 6.26 348.0
2457966.59939 19.239 0.075 6.62 321.0
2457966.64740 19.360 0.082 6.59 305.0
2457966.69580 19.287 0.068 6.02 311.0
2457967.64878 19.320 0.109 6.21 753.0
2457967.71622 19.114 0.074 6.47 470.0
2457971.48146 19.384 0.109 5.98 701.0
2457971.52265 19.257 0.082 5.22 644.0
2457971.56106 19.158 0.076 5.72 563.0
2457971.59845 19.099 0.075 5.85 564.0
2457971.63673 19.008 0.061 5.15 582.0
2457971.67441 19.237 0.076 4.93 629.0
2457971.71492 19.397 0.125 6.68 776.0
2457972.48184 19.267 0.127 7.47 667.0
2457972.57151 19.136 0.096 6.92 596.0
2457972.61464 19.168 0.077 5.40 579.0
2457972.66072 19.207 0.097 6.52 618.0
2457972.70464 19.200 0.090 5.95 708.0
2457973.53678 19.246 0.106 7.44 566.0
2457973.58870 19.139 0.074 5.71 573.0
2457973.64556 19.125 0.073 5.65 572.0
2457973.70333 19.232 0.119 7.56 735.0
2457974.47466 19.352 0.116 7.47 505.0
2457974.52948 19.130 0.054 4.92 418.0
2457974.57967 19.193 0.058 4.81 418.0
2457974.62945 19.159 0.061 5.07 432.0
2457974.67843 19.247 0.085 6.14 501.0
2457974.72764 19.023 0.065 5.58 628.0
2457975.49443 19.169 0.082 7.57 343.0
2457975.65769 19.195 0.085 7.33 363.0
2457979.52527 19.112 0.042 4.46 315.0
2457979.57552 19.136 0.046 4.51 338.0
2457979.62811 19.116 0.043 4.44 324.0
2457980.47649 19.148 0.083 6.13 533.0
2457980.54495 19.159 0.069 6.25 391.0
2457980.59484 19.178 0.073 5.87 434.0
2457980.64254 19.228 0.077 6.08 440.0
2457981.47722 19.114 0.092 7.14 548.0
2457981.55811 19.168 0.059 5.30 407.0
2457981.61567 19.192 0.054 4.84 356.0
2457981.66270 19.242 0.070 5.58 386.0
2457982.49038 19.237 0.061 5.20 369.0
2457982.55655 19.180 0.053 5.14 300.0
2457982.60522 19.296 0.071 6.11 337.0
2457982.65145 19.179 0.062 6.00 337.0
2457983.51440 19.351 0.083 6.56 324.0
2457983.56374 19.274 0.061 5.49 313.0
2457983.61010 19.193 0.049 4.74 294.0
2457983.65999 19.186 0.052 5.49 292.0
2457984.50540 19.245 0.073 6.76 343.0
2457984.55779 19.254 0.068 5.97 297.0
2457984.60575 19.182 0.054 5.23 290.0
2457984.65233 19.166 0.058 5.58 292.0
2457985.51969 19.225 0.088 7.26 379.0
2457985.57317 19.056 0.067 6.71 342.0
2457985.61929 19.291 0.093 7.49 331.0
2457986.50881 19.137 0.042 4.35 327.0
2457986.58121 19.227 0.042 4.33 280.0
2457986.63118 19.172 0.047 4.90 289.0
2457987.47657 19.297 0.064 4.51 562.0
2457987.54204 19.177 0.047 4.43 325.0
2457987.59402 19.274 0.056 4.92 358.0
2457987.64586 19.120 0.046 5.04 356.0
2457990.49293 19.234 0.058 5.10 363.0
2457990.56026 19.236 0.065 5.85 345.0
2457990.60964 19.260 0.070 6.13 325.0
2457990.65499 19.347 0.092 7.31 334.0
2457991.51198 19.254 0.062 5.50 345.0
2457991.56984 19.256 0.081 6.98 328.0
2457991.62752 19.444 0.097 6.99 313.0
2457992.47797 19.091 0.052 4.90 463.0
2457992.52809 19.169 0.049 4.72 335.0
2457992.57449 19.169 0.057 5.53 327.0
2457992.62982 19.296 0.063 5.31 343.0
2457993.49459 19.251 0.057 4.91 365.0
2457993.54386 19.279 0.064 5.27 369.0
2457993.59092 19.143 0.053 5.44 320.0
2457993.63752 19.179 0.061 5.70 331.0
2457994.50791 19.282 0.069 5.49 402.0
2457994.55559 19.265 0.092 6.42 527.0
2457994.60449 19.159 0.069 6.48 417.0
2457994.65135 19.226 0.084 6.93 443.0
2457998.50725 19.156 0.132 5.01 2473.0
2457998.54570 19.070 0.075 5.67 669.0
2457998.58265 19.175 0.097 5.20 1214.0
2457998.62467 19.473 0.143 6.18 1078.0
2458000.49126 19.119 0.079 6.80 480.0
2458000.54284 19.128 0.081 6.65 484.0
2458000.57318 19.100 0.094 7.74 544.0
2458000.61810 19.306 0.090 5.94 651.0
2458001.49556 19.205 0.067 5.47 464.0
2458001.54339 19.256 0.066 5.04 484.0
2458001.59029 19.194 0.068 5.26 528.0
2458002.49737 19.471 0.167 6.67 1105.0
2458002.54481 19.264 0.105 6.01 694.0
2458002.63336 19.368 0.147 6.82 1227.0
2458003.55055 19.432 0.124 6.78 502.0
2458004.47893 19.264 0.103 6.53 635.0
2458004.54562 19.103 0.073 6.45 438.0
2458004.59304 19.116 0.087 7.09 478.0
2458005.54869 19.110 0.092 8.07 422.0
2458007.52984 19.166 0.063 5.89 367.0
2458007.59153 19.380 0.094 7.09 369.0
2458008.53392 19.153 0.065 6.05 338.0
2458008.59064 19.114 0.065 6.37 343.0
2458010.54833 19.205 0.066 5.40 404.0
2458011.51582 19.481 0.120 7.39 391.0
2458011.58579 19.319 0.092 7.03 386.0
2458012.52362 19.112 0.052 4.81 436.0
2458012.57125 19.319 0.067 5.05 479.0
2458013.50288 19.138 0.050 4.61 395.0
2458013.55934 19.130 0.059 5.32 423.0
2458014.49655 19.251 0.065 5.36 359.0
2458014.55260 19.162 0.059 5.60 388.0
2458015.47885 19.207 0.087 5.78 714.0
2458015.52794 19.254 0.085 6.79 380.0
2458016.48088 19.211 0.097 6.62 676.0
2458016.52753 19.160 0.074 6.80 396.0
2458017.48113 19.138 0.085 6.28 651.0
2458017.53724 19.155 0.055 5.50 378.0
2458018.48988 19.087 0.061 5.53 419.0
2458018.54753 19.299 0.069 6.32 385.0
2458019.50117 19.154 0.058 5.66 373.0
2458019.55916 19.095 0.058 5.77 362.0
2458020.53055 19.167 0.064 5.12 390.0
2458021.48474 19.317 0.101 6.02 675.0
2458021.55604 19.192 0.079 6.97 447.0
2458026.49785 19.133 0.087 5.06 1106.0
2458026.53810 19.035 0.075 5.38 939.0
2458029.50967 19.216 0.087 5.75 642.0
2458029.54087 19.315 0.106 6.11 655.0
2458030.50196 19.237 0.067 4.84 615.0
2458032.56303 19.135 0.095 6.39 788.0
2458035.56297 19.205 0.091 6.72 511.0
2458036.54017 19.379 0.105 7.27 459.0
2458037.54673 19.269 0.121 7.97 529.0
2458037.56479 19.460 0.140 7.72 574.0
2458039.53109 19.213 0.107 7.92 484.0
2458040.51410 19.076 0.083 6.59 559.0
2458040.56195 19.241 0.104 6.79 653.0
2458046.49734 19.136 0.114 8.02 714.0
2458048.51474 19.142 0.053 5.45 304.0
2458151.87494 19.338 0.100 5.47 953.0
2458152.87138 19.095 0.069 5.68 691.0
2458153.87014 19.153 0.065 5.21 610.0
2458155.86778 19.497 0.121 5.89 887.0
2458155.88526 19.531 0.126 5.05 1259.0
2458161.86523 19.275 0.061 5.29 387.0
2458162.87648 19.075 0.046 5.44 386.0
2458163.87254 19.245 0.079 6.84 414.0
2458164.86311 19.178 0.066 6.00 402.0
2458165.84835 19.254 0.061 5.51 414.0
2458165.88726 19.319 0.059 4.96 418.0
2458166.86840 19.197 0.068 6.62 352.0
2458167.84173 19.343 0.071 5.96 405.0
2458167.88010 19.206 0.061 5.49 347.0
2458168.84972 19.220 0.053 4.94 343.0
2458168.88781 19.163 0.054 5.14 351.0
2458169.85770 19.136 0.050 4.87 380.0
2458169.89522 19.151 0.060 4.65 537.0
2458170.85481 19.156 0.046 4.67 352.0
2458170.89221 19.214 0.055 4.60 456.0
2458171.85142 19.167 0.048 4.33 380.0
2458171.88890 19.149 0.048 3.99 415.0
2458172.84928 19.039 0.048 5.05 383.0
2458172.88656 19.138 0.052 4.51 398.0
2458173.84651 19.231 0.060 5.17 475.0
2458173.88570 19.142 0.047 4.76 402.0
2458174.83408 19.233 0.062 5.05 504.0
2458174.87141 19.198 0.053 4.85 443.0
2458175.81963 19.201 0.057 5.17 372.0
2458175.85749 19.151 0.050 4.97 360.0
2458175.89514 19.134 0.051 4.48 437.0
2458176.83820 19.127 0.051 4.84 396.0
2458176.87627 19.092 0.048 4.80 383.0
2458181.81486 19.199 0.078 5.85 657.0
2458181.85696 19.119 0.061 4.98 588.0
2458181.89638 19.157 0.065 4.82 568.0
2458182.86336 19.175 0.058 4.69 510.0
2458182.90967 19.086 0.075 4.63 1100.0
2458183.83567 19.107 0.063 5.85 552.0
2458183.88378 19.227 0.060 5.54 463.0
2458184.83100 19.126 0.061 4.58 613.0
2458184.86919 19.059 0.061 4.93 559.0
2458184.90827 19.236 0.115 5.42 1311.0
2458185.85154 19.241 0.085 5.70 623.0
2458185.89001 19.136 0.058 4.80 485.0
2458189.80708 19.222 0.055 5.12 351.0
2458189.85224 19.242 0.053 4.70 342.0
2458189.89866 19.216 0.051 4.60 344.0
2458190.80641 19.091 0.043 5.20 298.0
2458190.86339 19.188 0.038 4.17 286.0
2458190.90942 19.167 0.055 4.48 540.0
2458191.82479 19.065 0.052 5.56 327.0
2458191.88071 19.127 0.050 5.32 310.0
2458192.78442 19.231 0.066 6.26 338.0
2458192.83065 19.325 0.063 5.22 367.0
2458192.88809 19.183 0.047 4.86 304.0
2458193.80160 19.049 0.047 5.74 288.0
2458193.84889 19.151 0.052 5.80 277.0
2458193.89677 19.283 0.047 4.45 276.0
2458194.79539 19.164 0.058 6.15 292.0
2458194.84275 19.117 0.042 5.09 259.0
2458194.89836 19.186 0.045 4.54 292.0
2458195.78541 19.086 0.054 5.88 332.0
2458195.83101 19.334 0.064 5.82 301.0
2458195.88895 19.267 0.046 4.47 284.0
2458196.78512 19.123 0.047 5.02 303.0
2458196.83083 19.147 0.048 5.31 284.0
2458196.88686 19.083 0.044 5.23 269.0
2458197.76192 19.122 0.063 6.33 359.0
2458197.80153 19.177 0.057 5.86 311.0
2458197.84767 19.236 0.049 4.82 305.0
2458197.90256 19.165 0.037 3.95 307.0
2458198.77321 19.183 0.045 4.82 322.0
2458198.81913 19.225 0.049 5.28 311.0
2458198.87366 19.151 0.052 5.19 371.0
2458199.74825 19.098 0.053 5.67 319.0
2458199.79359 19.244 0.056 5.63 290.0
2458199.83960 19.079 0.054 6.07 292.0
2458200.74965 19.398 0.100 7.40 380.0
2458200.79973 19.100 0.046 5.38 345.0
2458200.84652 19.100 0.045 4.90 349.0
2458200.90157 19.118 0.045 4.40 370.0
2458201.75125 19.276 0.098 7.71 405.0
2458201.81115 19.234 0.056 5.34 295.0
2458201.86584 19.083 0.047 5.23 273.0
2458201.91181 19.205 0.048 4.89 288.0
2458202.77821 19.140 0.048 4.85 370.0
2458202.82371 19.286 0.052 5.16 350.0
2458202.87872 19.204 0.045 4.71 331.0
2458203.74916 19.221 0.052 5.13 309.0
2458203.79483 19.172 0.043 4.39 293.0
2458203.84057 19.202 0.044 4.70 301.0
2458203.89581 19.141 0.042 4.19 294.0
2458204.75745 19.038 0.068 6.66 473.0
2458204.80332 19.164 0.063 6.42 327.0
2458204.84874 19.144 0.053 5.45 310.0
2458204.90441 19.100 0.041 4.72 275.0
2458205.75866 19.355 0.089 6.65 431.0
2458205.80295 19.177 0.075 6.90 365.0
2458205.86228 19.096 0.051 5.38 303.0
2458205.91959 19.216 0.068 4.16 741.0
2458206.76899 19.196 0.060 5.58 483.0
2458206.81474 19.031 0.043 4.74 403.0
2458206.86015 19.159 0.042 4.47 348.0
2458206.91716 19.197 0.046 3.75 489.0
2458207.76498 19.103 0.057 5.46 548.0
2458207.81038 19.204 0.061 5.36 466.0
2458207.85689 19.107 0.043 4.26 411.0
2458207.91216 19.200 0.041 3.93 329.0
2458208.76145 19.208 0.062 4.34 722.0
2458208.80685 19.050 0.049 4.17 623.0
2458208.85261 19.284 0.072 5.47 575.0
2458208.90955 19.315 0.073 4.49 732.0
2458209.75825 19.188 0.067 4.94 642.0
2458209.80439 19.177 0.064 4.95 551.0
2458209.85032 19.098 0.052 4.53 527.0
2458209.89627 19.171 0.049 3.88 515.0
2458210.73750 19.086 0.072 5.62 717.0
2458210.78501 19.195 0.064 5.10 582.0
2458210.83122 19.159 0.058 4.86 544.0
2458210.87694 19.232 0.059 4.76 524.0
2458210.92371 19.222 0.079 4.15 1191.0
2458211.75468 19.119 0.070 5.85 617.0
2458211.80057 19.348 0.084 5.58 581.0
2458211.84626 19.201 0.065 5.11 544.0
2458211.89324 19.069 0.049 4.33 552.0
2458212.73066 19.393 0.155 5.27 2091.0
2458212.76966 19.302 0.091 4.59 1175.0
2458212.85324 19.144 0.054 4.03 647.0
2458217.78563 19.269 0.070 6.33 349.0
2458217.83789 19.143 0.043 4.54 307.0
2458217.89037 19.107 0.044 4.70 308.0
2458220.74197 19.221 0.055 5.96 270.0
2458220.77439 19.148 0.049 5.76 247.0
2458220.82067 19.145 0.041 5.05 241.0
2458220.89324 19.218 0.047 4.81 293.0
2458221.70686 19.144 0.055 5.59 297.0
2458221.72442 19.102 0.052 5.95 275.0
2458221.81759 19.102 0.047 5.52 261.0
2458221.87301 19.273 0.048 4.37 291.0
2458221.92600 19.226 0.062 3.96 656.0
2458222.73116 19.170 0.048 5.42 296.0
2458222.77942 19.118 0.040 5.14 254.0
2458222.85426 19.234 0.052 5.12 290.0
2458222.90392 19.258 0.052 4.58 332.0
2458223.79261 19.202 0.047 4.69 289.0
2458223.86118 19.114 0.046 4.82 292.0
2458223.91363 19.193 0.052 4.44 336.0
2458224.72503 19.245 0.063 5.58 354.0
2458224.77147 19.208 0.050 4.92 333.0
2458224.84418 19.189 0.050 4.82 354.0
2458224.89451 19.105 0.045 4.68 319.0
2458225.81421 19.208 0.056 5.60 289.0
2458226.79701 19.022 0.066 7.28 293.0
2458226.86878 19.245 0.062 5.66 301.0
2458226.91809 19.295 0.060 5.09 297.0
2458227.72666 19.208 0.057 5.59 287.0
2458227.78614 19.075 0.045 5.51 251.0
2458227.85190 19.163 0.041 4.18 274.0
2458227.90068 19.155 0.044 4.18 298.0
2458228.74694 19.105 0.045 5.33 302.0
2458228.79662 19.186 0.043 4.77 264.0
2458228.86321 19.093 0.047 5.20 287.0
2458228.92100 19.234 0.044 4.00 323.0
2458229.72562 19.188 0.044 5.17 284.0
2458229.79102 19.072 0.036 4.55 246.0
2458229.84264 19.205 0.042 4.56 258.0
2458229.89123 19.048 0.035 3.85 290.0
2458230.69747 19.127 0.057 5.76 345.0
2458230.74575 19.119 0.045 5.13 283.0
2458230.79206 19.114 0.038 4.36 279.0
2458230.86417 19.090 0.039 4.34 292.0
2458230.91213 19.098 0.038 4.05 276.0
2458232.82717 19.174 0.043 4.08 325.0
2458232.89935 19.158 0.046 4.47 308.0
2458233.72595 19.132 0.045 4.43 392.0
2458233.81988 19.152 0.042 4.55 306.0
2458235.73668 19.090 0.053 4.49 495.0
2458236.68056 19.254 0.074 4.95 632.0
2458236.73044 19.153 0.054 4.38 595.0
2458236.80527 19.119 0.064 5.12 552.0
2458238.70913 19.194 0.082 5.65 774.0
2458238.75758 19.057 0.057 4.65 695.0
2458238.81210 19.119 0.056 4.18 698.0
2458238.86537 19.111 0.062 4.20 732.0
2458244.65440 19.100 0.060 5.34 438.0
2458244.70206 19.175 0.054 5.12 382.0
2458244.74850 19.108 0.055 5.41 397.0
2458244.80566 18.972 0.041 4.41 415.0
2458244.85509 19.265 0.061 4.91 435.0
2458245.71543 19.302 0.103 8.10 398.0
2458245.77131 19.091 0.083 7.07 465.0
2458245.81885 19.047 0.077 6.83 477.0
2458245.86736 19.143 0.080 6.00 525.0
2458245.93867 18.943 0.101 5.82 1470.0
2458246.70828 19.369 0.078 6.35 341.0
2458246.75491 19.269 0.080 6.46 391.0
2458246.80605 19.069 0.059 5.75 421.0
2458246.85832 19.017 0.049 4.44 472.0
2458247.64498 19.210 0.066 5.72 450.0
2458247.69246 19.142 0.058 5.82 377.0
2458247.73860 19.117 0.049 5.28 310.0
2458247.78723 19.130 0.046 4.61 367.0
2458247.85404 19.100 0.048 4.29 451.0
2458247.90004 19.276 0.081 5.91 468.0
2458248.70953 19.249 0.063 5.95 298.0
2458248.76121 19.037 0.054 5.66 349.0
2458249.65989 19.155 0.065 6.24 392.0
2458249.70621 19.077 0.056 6.37 316.0
2458249.75301 19.096 0.046 5.42 295.0
2458249.80126 19.052 0.038 4.46 307.0
2458249.86845 19.167 0.047 4.14 389.0
2458249.91533 19.206 0.058 4.42 496.0
2458250.66109 19.165 0.040 4.92 274.0
2458250.71400 19.156 0.038 4.55 259.0
2458250.76084 19.120 0.034 4.10 274.0
2458250.82804 19.143 0.040 4.24 305.0
2458250.87751 19.165 0.041 3.67 347.0
2458250.92378 19.101 0.054 4.84 411.0
2458251.64020 18.996 0.053 5.74 336.0
2458251.68631 19.274 0.072 6.68 297.0
2458251.73252 19.326 0.080 6.74 307.0
2458251.79753 19.313 0.062 5.40 308.0
2458251.85379 19.256 0.060 5.20 342.0
2458251.90004 19.126 0.051 5.12 379.0
2458252.85751 19.257 0.073 6.34 388.0
2458252.91012 19.107 0.064 5.76 445.0
2458253.63378 19.172 0.063 6.39 356.0
2458253.68155 19.167 0.053 5.65 305.0
2458253.72830 19.221 0.046 4.76 280.0
2458253.78242 19.209 0.046 4.61 323.0
2458253.85327 19.246 0.051 4.62 333.0
2458254.64494 19.172 0.052 5.21 337.0
2458254.70327 19.279 0.047 4.72 286.0
2458254.76050 19.149 0.039 4.00 335.0
2458254.83738 19.134 0.037 3.59 318.0
2458254.89586 19.126 0.041 3.71 393.0
2458254.94170 19.325 0.079 4.06 943.0
2458255.67148 19.200 0.052 4.86 313.0
2458255.71944 19.239 0.055 5.17 276.0
2458255.79009 19.212 0.046 4.53 319.0
2458255.85822 19.225 0.058 4.88 370.0
2458255.90485 19.376 0.089 6.12 441.0
2458256.61595 19.407 0.095 6.96 398.0
2458256.66823 19.312 0.063 5.70 308.0
2458256.71411 19.301 0.078 6.93 287.0
2458256.77289 19.176 0.055 5.25 338.0
2458256.82281 19.066 0.054 5.24 381.0
2458256.88697 19.242 0.059 4.67 416.0
2458256.93311 19.110 0.070 5.70 538.0
2458257.68049 19.168 0.056 5.80 309.0
2458257.72754 19.027 0.043 5.26 280.0
2458257.77667 19.244 0.054 5.48 278.0
2458257.82606 19.142 0.047 4.57 301.0
2458257.87525 19.328 0.067 5.56 392.0
2458258.65072 19.049 0.046 5.43 311.0
2458258.72420 19.227 0.045 4.70 268.0
2458258.77306 19.284 0.053 4.93 272.0
2458258.83365 19.094 0.040 3.77 297.0
2458258.89590 19.194 0.041 3.99 333.0
2458259.61860 19.098 0.059 5.63 411.0
2458259.70356 19.262 0.057 5.89 353.0
2458259.76202 19.103 0.047 4.72 355.0
2458259.81741 19.181 0.056 5.23 394.0
2458259.86830 19.163 0.047 4.02 420.0
2458259.92286 19.188 0.064 5.56 456.0
2458260.63314 19.076 0.043 4.49 355.0
2458260.81510 19.283 0.046 4.11 390.0
2458260.91538 19.125 0.054 4.59 577.0
2458261.65364 19.191 0.053 4.63 361.0
2458261.71151 19.034 0.044 4.63 327.0
2458261.76411 19.188 0.047 4.23 283.0
2458261.85523 19.118 0.045 4.11 350.0
2458261.90219 19.228 0.052 4.28 391.0
2458262.65985 19.248 0.054 5.17 305.0
2458262.70829 19.194 0.042 4.39 291.0
2458262.75711 19.075 0.042 4.82 307.0
2458262.83096 19.186 0.039 3.99 243.0
2458262.87818 19.214 0.045 4.27 295.0
2458262.91598 19.183 0.053 4.77 387.0
2458263.64540 19.121 0.044 4.52 407.0
2458263.70100 19.218 0.043 4.07 353.0
2458263.75470 19.176 0.040 4.16 319.0
2458263.81666 19.188 0.039 3.53 343.0
2458263.86843 19.191 0.036 3.81 264.0
2458264.67952 19.209 0.071 4.23 1053.0
2458264.73129 19.239 0.052 4.43 451.0
2458264.78588 19.165 0.058 4.95 487.0
2458264.83539 19.017 0.045 4.01 518.0
2458264.88592 19.061 0.051 4.68 473.0
2458265.59094 19.129 0.076 5.30 749.0
2458265.64397 19.325 0.092 5.63 612.0
2458265.69633 19.130 0.061 4.95 537.0
2458265.74515 19.190 0.060 4.85 497.0
2458265.79971 19.142 0.054 4.25 514.0
2458265.87976 19.186 0.066 5.00 576.0
2458266.64153 19.197 0.115 7.51 798.0
2458266.71655 19.182 0.083 5.89 639.0
2458266.76875 19.044 0.069 5.45 688.0
2458271.59197 19.290 0.097 6.58 587.0
2458271.63543 19.146 0.080 6.23 549.0
2458271.68362 19.175 0.076 5.89 566.0
2458271.79522 19.178 0.069 5.13 546.0
2458271.82061 19.189 0.084 5.27 799.0
2458271.85671 19.273 0.078 5.13 578.0
2458272.64334 19.166 0.046 4.36 394.0
2458272.70102 19.141 0.049 4.45 387.0
2458272.75029 19.171 0.055 4.88 386.0
2458272.79942 19.194 0.050 4.14 418.0
2458272.84945 19.015 0.050 4.66 460.0
2458272.89960 19.240 0.070 5.05 520.0
2458273.61822 19.140 0.057 5.45 384.0
2458273.66569 19.042 0.041 4.55 347.0
2458273.73503 19.166 0.041 4.15 300.0
2458273.79115 19.134 0.047 4.60 328.0
2458273.83889 19.197 0.067 5.68 384.0
2458273.87421 19.216 0.061 5.06 399.0
2458273.91273 19.277 0.057 5.17 301.0
2458274.58653 19.230 0.070 6.56 333.0
2458274.63481 19.081 0.057 6.29 305.0
2458274.68375 19.106 0.068 6.98 338.0
2458274.73583 19.160 0.061 6.08 332.0
2458274.79561 19.210 0.059 5.09 388.0
2458274.84649 19.161 0.073 6.15 456.0
2458274.89492 18.997 0.077 6.52 673.0
2458275.58041 19.189 0.062 5.12 430.0
2458275.63915 19.137 0.049 5.26 308.0
2458275.68827 19.127 0.043 5.01 295.0
2458275.75406 19.221 0.063 5.54 362.0
2458275.80512 19.154 0.048 4.20 390.0
2458275.85928 19.069 0.056 5.26 439.0
2458275.90652 19.118 0.073 5.71 641.0
2458276.58771 19.187 0.076 6.74 398.0
2458276.63538 19.177 0.062 6.21 303.0
2458276.68499 19.054 0.038 4.68 270.0
2458276.74427 19.290 0.055 5.16 310.0
2458276.79458 19.188 0.043 3.79 321.0
2458276.84407 19.160 0.053 4.61 400.0
2458277.58037 19.231 0.058 5.28 377.0
2458277.63437 19.103 0.046 5.31 291.0
2458277.69681 19.082 0.036 4.37 250.0
2458277.75039 19.225 0.053 5.42 270.0
2458277.79917 19.068 0.048 4.96 316.0
2458277.84887 19.097 0.051 4.69 403.0
2458277.90179 19.119 0.056 4.88 473.0
2458278.54630 19.147 0.054 5.15 383.0
2458278.59353 19.132 0.045 5.67 341.0
2458278.64149 19.156 0.052 5.47 324.0
2458278.71306 19.018 0.044 5.19 372.0
2458282.53214 19.175 0.069 6.33 365.0
2458282.57861 19.185 0.052 5.27 319.0
2458282.62707 19.238 0.048 5.11 259.0
2458282.68608 19.184 0.037 4.44 228.0
2458282.74900 19.201 0.042 5.14 234.0
2458282.81071 19.147 0.044 4.43 292.0
2458282.86110 19.154 0.049 4.70 340.0
2458283.54477 19.109 0.058 5.89 366.0
2458283.59106 19.071 0.047 5.68 267.0
2458283.63762 19.055 0.042 5.23 268.0
2458283.70439 19.189 0.057 6.15 260.0
2458283.75826 19.180 0.047 4.66 294.0
2458283.80473 19.145 0.043 4.03 334.0
2458283.85347 19.199 0.060 5.21 386.0
2458283.90344 19.251 0.082 6.29 450.0
2458284.54498 19.416 0.076 5.48 422.0
2458284.59338 19.206 0.050 5.36 290.0
2458284.63951 19.149 0.050 5.48 289.0
2458284.70617 19.194 0.047 4.97 270.0
2458284.75843 19.140 0.041 4.29 279.0
2458284.80551 19.142 0.039 3.95 269.0
2458284.85421 19.096 0.043 4.40 313.0
2458284.90192 19.190 0.070 5.48 463.0
2458285.74047 19.193 0.047 4.65 270.0
2458285.78231 19.198 0.053 5.15 291.0
2458286.54373 19.253 0.061 5.93 295.0
2458286.59059 19.090 0.051 6.02 245.0
2458286.63850 19.203 0.040 4.83 217.0
2458286.70914 19.155 0.042 4.55 228.0
2458286.77453 19.064 0.040 4.81 228.0
2458286.83472 19.184 0.064 6.46 287.0
2458286.88255 19.025 0.051 5.66 371.0
2458287.52539 19.056 0.050 5.33 362.0
2458287.57829 19.181 0.046 4.97 267.0
2458287.63307 19.093 0.038 4.42 242.0
2458287.70062 19.220 0.039 4.60 213.0
2458287.75072 19.133 0.037 4.17 222.0
2458287.81287 19.168 0.040 4.40 232.0
2458287.87458 19.110 0.041 4.48 300.0
2458288.55436 19.230 0.051 5.14 288.0
2458288.60884 19.219 0.048 4.97 252.0
2458288.66530 19.170 0.039 4.43 233.0
2458288.72595 19.114 0.038 4.11 221.0
2458288.78619 19.185 0.039 3.80 249.0
2458288.84774 19.029 0.059 6.03 370.0
2458288.89317 19.330 0.111 7.23 561.0
2458289.53834 19.238 0.064 5.59 386.0
2458289.58562 19.128 0.051 5.08 340.0
2458289.64912 19.174 0.046 4.94 279.0
2458289.70895 19.208 0.044 4.56 294.0
2458289.76911 19.204 0.047 4.51 301.0
2458289.82669 19.278 0.064 5.93 328.0
2458289.87335 19.353 0.083 6.75 405.0
2458290.53123 19.077 0.066 5.90 547.0
2458290.58462 19.204 0.051 4.67 355.0
2458290.63292 19.235 0.056 5.34 304.0
2458290.70669 19.279 0.063 5.52 352.0
2458290.77552 19.201 0.054 5.12 299.0
2458290.82240 19.198 0.061 5.45 372.0
2458290.87084 19.337 0.079 6.24 442.0
2458291.57401 19.166 0.067 5.12 721.0
2458291.62779 19.188 0.054 5.00 408.0
2458291.69522 19.101 0.047 4.75 354.0
2458291.75380 18.931 0.053 5.20 452.0
2458291.81153 19.190 0.054 4.71 385.0
2458291.87227 19.165 0.068 5.57 459.0
2458292.54510 18.989 0.055 4.87 485.0
2458292.58551 19.154 0.064 5.74 365.0
2458292.63347 19.332 0.089 6.85 354.0
2458292.68947 18.990 0.059 5.64 495.0
2458292.75899 19.159 0.056 4.51 416.0
2458292.81852 19.155 0.053 4.96 343.0
2458292.87958 19.242 0.074 5.68 478.0
2458293.54092 19.236 0.091 6.46 546.0
2458293.59187 19.207 0.074 5.93 453.0
2458293.65682 19.316 0.069 5.43 401.0
2458293.71990 19.231 0.067 5.39 457.0
2458293.77007 19.327 0.095 6.28 559.0
2458294.57749 19.230 0.113 7.56 709.0
2458294.63287 19.154 0.078 5.82 588.0
2458294.70453 19.187 0.111 7.86 660.0
2458294.77135 19.088 0.098 7.03 745.0
2458294.82631 19.250 0.110 6.61 863.0
2458299.50947 19.221 0.100 6.21 768.0
2458299.66606 19.147 0.095 5.81 1098.0
2458301.55998 19.204 0.110 8.19 499.0
2458301.63450 19.458 0.109 7.06 462.0
2458301.68699 19.187 0.112 7.49 757.0
2458301.73847 19.185 0.080 6.76 404.0
2458301.79482 19.117 0.088 7.00 520.0
2458302.53978 19.201 0.056 5.47 475.0
2458302.68013 19.052 0.093 8.04 634.0
2458303.63219 19.157 0.075 7.67 288.0
2458304.55154 19.203 0.083 7.86 327.0
2458304.59061 19.306 0.091 7.53 333.0
2458304.63974 19.082 0.072 7.39 337.0
2458304.69790 19.264 0.081 6.41 423.0
2458304.75149 19.126 0.092 7.92 426.0
2458305.51424 19.040 0.068 6.87 411.0
2458305.55071 19.122 0.075 7.17 368.0
2458305.56666 19.135 0.066 6.81 322.0
2458305.65492 19.278 0.073 7.23 276.0
2458305.69717 19.220 0.056 5.59 278.0
2458305.75849 19.115 0.078 7.58 327.0
2458305.80858 19.203 0.082 7.24 359.0
2458306.58303 19.166 0.079 7.90 311.0
2458306.65331 19.227 0.083 7.87 304.0
2458306.70931 19.255 0.069 6.07 338.0
2458306.75654 19.150 0.058 5.63 348.0
2458306.78966 19.153 0.071 6.64 356.0
2458306.83387 19.141 0.071 5.70 498.0
2458307.46287 19.080 0.089 5.69 1063.0
2458307.53151 19.101 0.052 5.11 406.0
2458307.58871 19.177 0.050 5.38 360.0
2458307.63821 19.191 0.046 5.46 251.0
2458307.69825 19.133 0.042 4.52 267.0
2458307.74502 19.190 0.044 4.26 299.0
2458307.80175 19.145 0.068 6.36 382.0
2458308.46451 19.124 0.088 5.98 776.0
2458308.51233 19.100 0.051 5.60 293.0
2458308.55936 19.201 0.047 5.15 254.0
2458308.60653 19.188 0.043 4.97 237.0
2458308.66453 19.133 0.041 4.69 231.0
2458308.72147 19.066 0.054 5.74 278.0
2458308.76967 19.377 0.096 7.09 377.0
2458308.81474 19.400 0.099 7.21 414.0
2458309.46240 19.311 0.106 5.20 1025.0
2458309.53413 19.203 0.046 4.96 279.0
2458309.59154 19.182 0.045 5.25 249.0
2458309.65200 19.188 0.044 4.73 253.0
2458309.69990 19.126 0.034 3.78 231.0
2458309.74777 19.105 0.043 4.45 329.0
2458309.79455 19.154 0.052 5.34 353.0
2458310.49899 19.243 0.057 5.32 300.0
2458310.54345 19.119 0.049 5.75 274.0
2458310.57429 19.155 0.046 5.08 295.0
2458310.61166 19.108 0.039 4.66 266.0
2458310.65249 19.209 0.045 4.95 292.0
2458310.68712 19.128 0.041 4.59 284.0
2458310.72104 19.133 0.045 4.88 291.0
2458310.77431 19.200 0.058 5.72 337.0
2458311.49688 19.143 0.070 7.16 323.0
2458311.54650 19.152 0.069 7.25 283.0
2458311.59351 19.223 0.043 4.84 235.0
2458311.65156 19.239 0.049 5.21 246.0
2458311.70995 19.060 0.038 4.19 264.0
2458311.75640 19.204 0.047 4.17 330.0
2458311.80265 19.229 0.065 5.48 425.0
2458312.46368 19.209 0.117 6.24 1066.0
2458312.51294 19.126 0.052 5.21 329.0
2458312.56099 19.128 0.051 5.72 279.0
2458312.61161 19.182 0.037 4.67 221.0
2458312.67462 19.163 0.040 4.27 256.0
2458312.74337 19.186 0.039 4.06 349.0
2458312.79488 19.108 0.044 5.38 286.0
2458313.46393 19.308 0.103 5.66 1035.0
2458313.51366 19.283 0.058 5.27 352.0
2458313.56337 19.154 0.036 4.18 249.0
2458313.61453 19.147 0.037 4.68 241.0
2458313.66860 19.187 0.039 3.85 262.0
2458313.71629 19.190 0.047 4.42 325.0
2458313.76303 19.203 0.053 4.35 361.0
2458313.80942 19.171 0.057 4.93 445.0
2458314.48096 19.248 0.061 5.46 365.0
2458314.52939 19.078 0.047 5.42 307.0
2458314.57717 19.154 0.052 5.55 303.0
2458314.63495 19.155 0.047 4.89 306.0
2458314.69206 19.081 0.040 3.83 321.0
2458314.73868 19.097 0.047 4.80 315.0
2458314.78485 19.215 0.058 5.99 304.0
2458316.46383 19.025 0.103 6.80 959.0
2458316.51264 19.231 0.063 5.69 344.0
2458316.56000 19.217 0.060 5.83 331.0
2458316.60931 19.118 0.052 5.49 309.0
2458316.66080 19.373 0.080 6.28 295.0
2458316.72716 19.235 0.080 6.85 341.0
2458320.46565 19.315 0.117 6.44 958.0
2458320.51557 19.140 0.054 5.43 387.0
2458320.56235 19.181 0.059 5.89 356.0
2458320.62994 19.206 0.049 5.31 344.0
2458320.67966 19.143 0.041 4.33 301.0
2458320.72569 19.224 0.055 5.06 334.0
2458320.77227 19.281 0.050 4.68 303.0
2458321.50228 19.141 0.071 5.69 552.0
2458321.54864 19.132 0.062 5.43 478.0
2458321.77804 18.988 0.100 8.45 695.0
2458328.49758 19.295 0.127 8.91 579.0
2458328.54675 19.136 0.065 5.41 517.0
2458328.59477 19.186 0.066 5.62 465.0
2458328.64333 18.970 0.069 6.37 518.0
2458328.69244 19.142 0.093 6.68 601.0
2458328.73839 19.273 0.108 6.39 713.0
2458329.46632 19.162 0.092 6.27 692.0
2458329.52177 19.012 0.065 6.18 492.0
2458329.56869 19.173 0.061 5.11 476.0
2458329.61778 19.220 0.072 5.92 479.0
2458329.66489 19.252 0.060 4.55 461.0
2458329.71104 19.079 0.051 3.98 545.0
2458329.75701 19.259 0.079 5.21 641.0
2458330.48974 19.093 0.049 5.50 454.0
2458330.53787 19.113 0.043 5.13 333.0
2458330.59660 19.335 0.095 6.30 896.0
2458331.48384 19.387 0.074 5.80 328.0
2458331.54004 19.202 0.042 4.58 276.0
2458331.59921 19.168 0.052 5.49 320.0
2458331.64781 19.100 0.048 4.86 340.0
2458331.69379 19.260 0.060 5.14 383.0
2458332.50048 19.135 0.052 5.42 341.0
2458332.55694 19.150 0.051 5.28 331.0
2458332.61767 19.297 0.057 4.83 350.0
2458332.66487 19.188 0.061 5.24 407.0
2458333.50624 19.137 0.053 5.25 379.0
2458333.56315 19.193 0.049 5.03 334.0
2458333.62385 19.284 0.048 4.67 271.0
2458333.67181 19.176 0.044 4.33 294.0
2458334.50841 19.219 0.052 4.80 405.0
2458334.56567 19.124 0.049 4.95 379.0
2458334.62499 19.151 0.045 4.16 367.0
2458334.67248 19.196 0.049 4.71 300.0
2458335.53637 19.175 0.059 5.29 431.0
2458335.59526 19.278 0.069 5.52 449.0
2458335.70390 19.150 0.070 6.39 387.0
2458336.48733 19.085 0.070 6.74 332.0
2458336.55018 19.172 0.043 4.58 242.0
2458336.61278 19.241 0.042 4.15 214.0
2458336.66195 19.079 0.039 4.46 237.0
2458338.47033 19.157 0.076 6.15 514.0
2458338.52085 19.223 0.072 6.57 355.0
2458338.57159 19.161 0.059 6.31 290.0
2458338.63026 19.164 0.055 5.62 292.0
2458338.73655 19.115 0.062 6.30 359.0
2458339.50251 19.236 0.047 4.49 327.0
2458339.56758 19.257 0.042 4.53 250.0
2458339.62661 19.128 0.038 4.21 229.0
2458339.73890 19.249 0.071 6.45 289.0
2458340.50847 19.053 0.047 5.02 314.0
2458340.61193 19.220 0.047 4.18 305.0
2458340.66855 19.117 0.040 4.21 283.0
2458341.49534 19.299 0.058 4.76 344.0
2458341.54197 19.113 0.042 4.35 305.0
2458341.60171 19.212 0.045 4.36 262.0
2458341.71839 19.191 0.044 4.75 236.0
2458342.49034 19.085 0.055 5.68 323.0
2458342.56924 19.175 0.054 5.09 304.0
2458342.61882 19.247 0.061 5.27 329.0
2458343.50823 19.182 0.059 5.33 343.0
2458344.47225 19.218 0.096 6.38 677.0
2458344.52007 19.171 0.055 5.20 361.0
2458344.58449 19.095 0.051 5.19 304.0
2458344.63477 19.092 0.055 5.60 333.0
2458344.72940 19.237 0.061 5.68 328.0
2458345.51998 19.180 0.059 5.00 374.0
2458345.56932 19.291 0.065 5.08 367.0
2458345.63337 19.101 0.045 4.68 254.0
2458345.71841 19.226 0.050 5.35 257.0
2458346.51631 19.213 0.050 5.26 267.0
2458346.58437 19.088 0.045 4.89 254.0
2458346.64392 19.167 0.047 5.08 217.0
2458347.47339 19.155 0.077 5.95 542.0
2458347.52193 19.108 0.043 4.89 258.0
2458347.58443 19.169 0.046 4.52 246.0
2458347.68668 19.273 0.051 5.36 265.0
2458348.47390 19.306 0.124 7.74 564.0
2458348.54889 19.144 0.071 5.84 398.0
2458348.60862 19.233 0.062 5.17 336.0
2458349.50473 19.124 0.126 7.34 929.0
2458349.56678 19.345 0.122 6.76 611.0
2458349.60645 19.411 0.113 5.68 695.0
2458353.49099 19.190 0.074 5.37 584.0
2458353.54485 19.158 0.073 5.63 516.0
2458353.59465 19.220 0.085 6.23 493.0
2458353.65373 19.104 0.082 6.37 566.0
2458355.50627 19.226 0.082 6.51 490.0
2458355.55862 19.291 0.068 5.06 457.0
2458355.65707 19.242 0.067 4.68 570.0
2458356.47545 19.154 0.088 5.87 790.0
2458356.53628 19.315 0.073 4.86 526.0
2458356.65635 19.184 0.059 4.71 567.0
2458357.51752 19.304 0.083 5.19 471.0
2458357.65443 19.162 0.062 4.57 530.0
2458358.48353 19.303 0.082 6.06 417.0
2458358.53168 19.050 0.064 5.48 484.0
2458358.62540 19.213 0.065 4.89 475.0
2458358.67746 19.155 0.085 7.04 544.0
2458359.49625 19.171 0.060 5.89 320.0
2458359.54744 19.245 0.059 4.81 387.0
2458359.64599 19.083 0.076 6.55 486.0
2458360.54296 19.287 0.087 7.00 362.0
2458360.58973 19.200 0.080 6.31 431.0
2458360.64140 19.192 0.086 6.16 541.0
2458361.47766 19.112 0.085 7.41 534.0
2458363.48864 19.147 0.077 7.05 358.0
2458363.55072 19.353 0.065 5.30 337.0
2458363.64747 19.022 0.052 6.67 259.0
2458364.47968 19.117 0.059 5.07 513.0
2458364.55055 19.138 0.043 4.40 338.0
2458364.59692 19.141 0.044 4.45 340.0
2458364.67048 19.190 0.052 5.55 290.0
2458366.51092 19.142 0.065 6.52 287.0
2458366.58205 19.196 0.056 5.18 330.0
2458367.48105 19.434 0.108 6.61 466.0
2458367.53484 19.166 0.055 4.91 320.0
2458367.63961 19.249 0.057 5.69 328.0
2458368.47376 19.404 0.110 4.54 1310.0
2458368.54526 19.246 0.044 3.95 286.0
2458368.63601 19.158 0.043 4.15 355.0
2458369.47762 19.213 0.087 5.74 648.0
2458369.53853 19.190 0.051 4.43 320.0
2458369.62275 19.087 0.048 5.43 339.0
2458370.48598 19.189 0.072 5.67 430.0
2458370.60149 19.098 0.044 4.16 353.0
2458370.64977 19.145 0.061 5.67 409.0
2458371.49553 19.161 0.046 4.11 370.0
2458371.56806 19.115 0.044 4.67 296.0
2458371.65010 19.335 0.079 5.98 404.0
2458372.51369 19.248 0.071 5.79 343.0
2458372.61454 19.123 0.061 5.58 379.0
2458372.64469 19.186 0.071 6.04 436.0
2458373.47738 19.343 0.133 6.06 923.0
2458373.53367 18.995 0.061 6.34 313.0
2458375.47972 19.262 0.094 6.16 592.0
2458375.54838 19.037 0.066 6.54 370.0
2458375.59722 19.115 0.062 6.04 316.0
2458376.51195 19.139 0.068 6.29 359.0
2458376.57723 19.180 0.067 5.90 406.0
2458381.48371 18.896 0.101 5.87 1409.0
2458381.52967 19.273 0.100 5.63 825.0
2458382.48118 19.060 0.058 4.33 810.0
2458382.53020 19.109 0.048 3.66 545.0
2458382.57927 19.199 0.058 4.04 621.0
2458383.49731 19.165 0.074 5.26 594.0
2458383.54278 19.285 0.069 4.65 578.0
2458383.59032 19.471 0.121 6.35 667.0
2458384.48410 19.348 0.096 5.59 640.0
2458384.54433 19.039 0.060 4.67 586.0
2458384.59053 18.981 0.065 5.55 673.0
2458385.51768 19.096 0.043 3.64 544.0
2458385.56453 19.114 0.049 4.16 548.0
2458385.61190 19.217 0.065 5.25 667.0
2458386.49692 19.315 0.069 4.04 579.0
2458387.48299 19.185 0.068 5.03 560.0
2458390.48751 19.159 0.079 6.50 473.0
2458392.48794 19.033 0.077 7.03 422.0
2458392.55874 19.148 0.069 6.37 394.0
2458393.48364 19.246 0.096 5.77 637.0
2458393.53113 19.108 0.076 7.10 336.0
2458393.57708 19.254 0.085 6.73 369.0
2458394.48373 19.213 0.111 7.47 590.0
2458394.55091 19.035 0.060 6.10 345.0
2458394.59656 19.303 0.073 5.88 344.0
2458394.60550 19.137 0.064 6.62 356.0
2458397.52496 19.079 0.069 6.78 429.0
2458398.49876 19.142 0.077 6.72 382.0
2458398.55973 19.440 0.090 6.77 372.0
2458399.51625 19.217 0.085 6.92 368.0
2458401.53128 19.110 0.069 6.75 434.0
2458409.53828 18.892 0.081 6.90 729.0
2458410.52865 19.411 0.104 6.07 639.0
2458412.51721 19.157 0.122 7.75 671.0
2458413.52584 19.299 0.106 5.37 807.0
2458414.52401 19.202 0.127 7.65 794.0
2458418.49510 19.339 0.135 6.71 896.0
2458419.49352 19.251 0.124 5.60 1319.0
2458517.87839 19.437 0.127 7.38 602.0
2458519.87407 19.325 0.075 6.02 469.0
2458521.86660 19.253 0.053 4.74 348.0
2458522.86087 19.184 0.049 4.76 380.0
2458522.89122 19.229 0.096 4.83 1391.0
2458523.86669 19.129 0.050 5.09 352.0
2458523.89323 19.292 0.090 4.95 943.0
2458524.88222 19.143 0.063 5.28 480.0
2458526.85598 19.104 0.055 5.87 335.0
2458526.88936 19.320 0.135 7.37 868.0
2458528.87170 19.244 0.071 5.95 425.0
2458530.87975 19.338 0.058 4.68 345.0
2458531.88484 19.507 0.104 6.96 417.0
2458532.88575 19.151 0.074 7.10 419.0
2458534.85427 19.101 0.063 5.44 604.0
2458534.89354 19.146 0.084 5.91 853.0
2458535.87513 19.173 0.072 6.11 515.0
2458536.86030 19.237 0.067 5.20 531.0
2458537.84782 19.195 0.078 6.67 454.0
2458538.86158 19.131 0.057 6.06 422.0
2458539.85830 19.141 0.060 5.47 477.0
2458539.89856 19.287 0.079 5.57 641.0
2458540.87159 18.933 0.086 5.00 1475.0
2458544.82097 19.111 0.039 4.25 301.0
2458544.83160 19.187 0.043 4.66 299.0
2458544.86902 19.135 0.045 5.91 286.0
2458546.83580 19.129 0.050 5.39 312.0
2458546.87643 19.116 0.045 5.07 297.0
2458547.83392 19.169 0.051 5.72 317.0
2458547.88406 19.170 0.046 4.70 293.0
2458548.83235 19.295 0.057 4.82 397.0
2458548.88642 19.118 0.043 4.52 387.0
2458549.82440 19.300 0.067 6.34 318.0
2458549.86451 19.015 0.048 6.64 308.0
2458550.83615 19.168 0.043 4.58 292.0
2458550.87565 19.315 0.056 5.50 301.0
2458551.83376 19.137 0.066 6.59 307.0
2458551.87308 19.168 0.061 6.18 286.0
2458552.83990 19.144 0.075 7.64 304.0
2458552.89281 19.260 0.071 7.16 272.0
2458553.81427 19.382 0.083 6.97 308.0
2458553.86076 19.209 0.060 6.32 308.0
2458554.78634 19.116 0.063 6.37 340.0
2458554.83466 19.149 0.053 5.54 331.0
2458554.87453 19.275 0.053 5.75 294.0
2458555.78299 19.118 0.048 4.79 355.0
2458555.83391 19.167 0.053 6.83 317.0
2458555.88151 19.212 0.045 5.11 296.0
2458556.79244 19.121 0.045 4.82 303.0
2458556.83248 19.220 0.050 5.27 312.0
2458556.87258 19.204 0.051 6.04 301.0
2458557.77919 18.936 0.057 6.88 319.0
2458557.83691 19.250 0.051 4.99 303.0
2458557.87685 19.175 0.047 5.41 293.0
2458558.77566 19.138 0.053 5.41 330.0
2458558.82834 19.107 0.046 5.08 312.0
2458558.86792 19.121 0.049 6.20 309.0
2458558.90955 19.357 0.067 5.50 379.0
2458559.81055 19.176 0.050 4.82 319.0
2458559.85073 19.199 0.043 4.32 288.0
2458559.89100 19.084 0.045 5.26 296.0
2458560.79207 19.206 0.049 3.96 456.0
2458560.83626 19.142 0.044 4.64 313.0
2458560.87564 19.293 0.049 4.65 320.0
2458561.76801 19.115 0.059 5.22 517.0
2458561.81562 19.181 0.051 4.40 445.0
2458561.85831 19.189 0.055 5.04 402.0
2458562.76098 19.164 0.071 5.44 643.0
2458562.80194 19.189 0.071 5.59 586.0
2458562.84265 19.227 0.072 5.91 549.0
2458562.89766 19.078 0.071 6.30 491.0
2458563.77889 19.261 0.078 5.22 710.0
2458563.82752 19.266 0.061 4.05 623.0
2458563.87550 19.214 0.061 4.59 565.0
2458563.91532 19.183 0.080 4.82 1024.0
2458564.80050 19.085 0.053 4.60 521.0
2458564.85046 19.212 0.052 4.16 512.0
2458564.89082 19.053 0.050 4.52 518.0
2458565.77995 19.180 0.060 4.61 589.0
2458565.83532 19.179 0.060 4.66 555.0
2458565.87962 19.130 0.049 3.92 498.0
2458566.77231 19.199 0.055 3.93 607.0
2458566.82082 19.125 0.050 3.94 539.0
2458566.86210 19.137 0.048 3.99 504.0
2458573.88112 19.252 0.060 5.48 328.0
2458573.92173 19.488 0.105 6.21 520.0
2458574.75237 19.300 0.069 6.51 295.0
2458574.86993 19.128 0.057 6.56 268.0
2458574.91206 19.164 0.053 6.27 285.0
2458575.75310 19.252 0.066 6.52 305.0
2458575.79242 19.253 0.060 6.19 275.0
2458575.83911 19.120 0.052 5.92 274.0
2458575.87828 19.256 0.058 6.07 291.0
2458575.91906 19.170 0.055 4.48 455.0
2458576.80270 19.337 0.067 6.71 294.0
2458576.84142 19.138 0.053 6.20 294.0
2458576.88053 19.145 0.070 7.62 277.0
2458577.71508 19.172 0.075 6.88 383.0
2458577.79709 19.161 0.074 6.98 363.0
2458577.84161 19.074 0.058 6.10 351.0
2458577.91174 19.182 0.086 7.34 404.0
2458578.73564 19.241 0.063 5.78 347.0
2458578.77478 19.264 0.058 5.59 318.0
2458578.82267 19.173 0.055 5.65 351.0
2458578.87967 19.121 0.050 5.36 337.0
2458578.92251 19.312 0.068 5.31 433.0
2458579.74961 19.172 0.055 5.16 373.0
2458579.78746 19.209 0.071 6.33 385.0
2458579.82487 19.164 0.065 5.99 416.0
2458579.88645 19.122 0.059 5.41 415.0
2458580.71264 19.266 0.065 5.68 386.0
2458580.74826 19.157 0.054 5.92 326.0
2458580.79319 19.101 0.053 6.10 326.0
2458580.84072 19.160 0.054 5.66 337.0
2458580.88983 19.096 0.045 4.81 367.0
2458581.71422 19.276 0.055 4.95 355.0
2458581.76738 19.145 0.047 5.24 310.0
2458581.81422 19.167 0.050 4.96 301.0
2458581.82208 19.068 0.042 5.01 296.0
2458581.86913 19.226 0.055 5.97 314.0
2458582.70601 19.092 0.047 5.48 296.0
2458582.75344 19.271 0.063 6.43 300.0
2458582.80446 19.182 0.060 6.34 319.0
2458582.86161 19.004 0.059 6.69 352.0
2458582.92525 19.133 0.082 4.07 1384.0
2458583.72878 19.139 0.050 5.54 330.0
2458583.78396 19.056 0.045 6.13 307.0
2458583.83379 19.116 0.045 5.42 326.0
2458583.89927 19.137 0.045 4.48 346.0
2458584.73182 19.127 0.050 5.63 325.0
2458584.77927 19.195 0.051 6.38 284.0
2458584.83446 19.176 0.045 5.72 278.0
2458585.69766 19.157 0.050 5.36 343.0
2458585.73502 19.330 0.064 6.15 316.0
2458585.78302 19.231 0.052 5.67 312.0
2458585.84322 19.130 0.038 4.16 296.0
2458585.90772 19.147 0.039 3.59 340.0
2458586.70252 19.245 0.059 5.90 320.0
2458586.76321 19.144 0.042 4.50 274.0
2458586.80893 19.166 0.046 5.11 266.0
2458586.87874 19.304 0.052 4.92 275.0
2458587.69011 19.325 0.082 6.50 435.0
2458587.72811 19.265 0.066 5.99 379.0
2458587.77571 19.159 0.052 5.74 313.0
2458587.83724 19.390 0.068 5.39 330.0
2458587.91640 19.180 0.046 4.16 371.0
2458588.71751 19.219 0.055 5.47 387.0
2458588.78179 19.269 0.042 4.17 299.0
2458588.82956 19.143 0.034 3.64 268.0
2458588.90090 19.156 0.039 3.69 322.0
2458589.70197 19.223 0.059 4.66 550.0
2458589.74532 19.145 0.054 5.05 472.0
2458589.79159 19.166 0.054 4.89 425.0
2458589.87100 19.215 0.055 4.97 316.0
2458589.92217 19.185 0.047 3.70 440.0
2458590.71584 19.328 0.073 6.26 548.0
2458590.77263 19.247 0.051 4.63 472.0
2458590.81944 19.100 0.043 4.31 450.0
2458590.88870 19.192 0.042 3.57 373.0
2458591.71023 19.150 0.063 5.39 647.0
2458591.75453 19.336 0.076 5.80 576.0
2458591.80724 19.193 0.058 5.96 536.0
2458591.88477 19.078 0.052 3.60 739.0
2458592.79197 19.237 0.089 6.06 680.0
2458592.83581 19.225 0.081 5.79 658.0
2458592.88653 19.107 0.076 4.20 1191.0
2458593.72020 19.195 0.091 6.39 976.0
2458593.79495 19.184 0.085 6.31 1019.0
2458593.87375 19.003 0.064 3.97 1303.0
2458593.92877 19.101 0.113 5.21 1696.0
2458594.71262 19.266 0.081 5.19 781.0
2458594.76122 19.150 0.069 6.09 650.0
2458594.81152 19.176 0.067 5.96 604.0
2458594.87595 19.334 0.080 4.97 730.0
2458594.92862 19.363 0.085 4.21 937.0
2458599.70192 19.460 0.115 7.63 438.0
2458599.74214 19.190 0.067 6.43 382.0
2458599.78559 19.097 0.056 6.59 350.0
2458599.82796 19.236 0.057 6.04 357.0
2458599.89415 19.198 0.043 3.71 371.0
2458599.93175 19.063 0.056 4.52 601.0
2458600.68668 19.147 0.053 5.56 326.0
2458600.72976 19.159 0.051 5.59 338.0
2458600.79053 19.127 0.046 5.74 323.0
2458600.85669 19.169 0.048 4.74 403.0
2458600.90479 19.140 0.045 3.93 400.0
2458601.66676 19.284 0.053 4.91 335.0
2458601.71054 19.154 0.045 4.76 335.0
2458601.76624 19.210 0.050 5.00 373.0
2458601.84426 19.158 0.041 3.68 353.0
2458601.92026 19.142 0.044 3.73 450.0
2458602.67858 19.093 0.043 5.14 300.0
2458602.71879 19.185 0.039 4.52 270.0
2458602.76765 19.211 0.044 4.83 295.0
2458602.82947 19.137 0.048 4.41 333.0
2458602.90289 19.173 0.044 3.83 353.0
2458603.66104 19.264 0.060 6.07 320.0
2458603.70040 19.226 0.057 5.55 303.0
2458603.75675 19.184 0.043 4.98 261.0
2458603.81786 19.178 0.039 4.26 357.0
2458603.87534 19.287 0.049 3.97 332.0
2458603.92397 19.239 0.059 4.69 418.0
2458604.74000 19.189 0.060 6.00 291.0
2458604.79122 19.247 0.065 6.25 288.0
2458604.84923 19.329 0.058 4.63 317.0
2458604.90870 19.172 0.077 6.84 350.0
2458605.66492 19.396 0.079 7.08 342.0
2458605.71633 19.129 0.050 5.29 318.0
2458605.76654 19.212 0.060 5.95 323.0
2458605.84193 19.206 0.053 4.76 395.0
2458605.89944 19.289 0.056 4.58 343.0
2458606.66574 19.249 0.070 6.18 357.0
2458606.70475 19.055 0.042 4.84 301.0
2458606.75687 19.141 0.041 4.57 283.0
2458606.82201 19.151 0.039 3.80 325.0
2458606.87425 19.158 0.041 3.87 345.0
2458606.93356 19.167 0.055 3.91 621.0
2458607.68144 19.171 0.052 6.08 336.0
2458607.72700 19.315 0.055 5.19 289.0
2458607.78850 19.131 0.041 4.05 339.0
2458607.83679 19.316 0.053 4.19 359.0
2458607.88216 19.121 0.046 4.12 402.0
2458607.92958 19.150 0.060 4.85 495.0
2458608.67441 19.309 0.066 4.98 496.0
2458608.78032 19.152 0.043 4.10 375.0
2458608.84607 19.141 0.042 3.86 373.0
2458608.89447 19.210 0.049 4.01 399.0
2458609.66018 19.200 0.061 6.19 399.0
2458612.74392 19.177 0.064 6.42 270.0
2458612.79228 19.068 0.054 5.88 292.0
2458612.85330 19.234 0.070 5.94 335.0
2458612.90022 19.254 0.074 6.30 383.0
2458613.63322 19.238 0.079 6.28 420.0
2458613.67474 19.192 0.060 5.74 314.0
2458613.72119 19.224 0.059 5.72 312.0
2458613.78093 19.168 0.041 3.88 319.0
2458613.84232 19.339 0.052 3.92 382.0
2458613.88912 19.248 0.053 4.30 445.0
2458613.93517 19.118 0.057 4.36 619.0
2458614.66722 19.305 0.085 6.48 424.0
2458614.70995 19.142 0.060 5.74 359.0
2458614.75724 19.406 0.082 5.82 385.0
2458614.82576 19.137 0.052 4.46 400.0
2458614.88383 19.144 0.064 5.26 496.0
2458614.92947 19.002 0.065 5.86 515.0
2458615.70480 19.232 0.070 6.20 399.0
2458615.75349 19.251 0.049 4.90 287.0
2458615.81041 19.271 0.048 4.36 292.0
2458615.87428 19.110 0.044 4.33 324.0
2458615.93028 19.205 0.057 4.84 405.0
2458616.66084 19.205 0.053 5.89 389.0
2458616.71032 19.166 0.045 4.49 384.0
2458616.76778 19.095 0.037 3.94 341.0
2458616.82646 19.164 0.037 3.26 335.0
2458616.87416 19.151 0.044 3.69 398.0
2458616.93194 19.351 0.074 4.68 589.0
2458617.66346 19.327 0.062 5.08 391.0
2458617.70674 19.153 0.045 4.46 376.0
2458617.75347 19.217 0.043 3.99 370.0
2458617.81752 19.262 0.045 3.75 350.0
2458617.90339 19.099 0.047 3.91 476.0
2458618.62410 18.945 0.059 6.57 507.0
2458618.66961 19.199 0.063 6.27 454.0
2458618.71978 19.215 0.061 5.15 455.0
2458618.77855 19.136 0.046 3.97 478.0
2458618.84053 19.232 0.056 4.24 478.0
2458618.88712 19.220 0.073 5.15 609.0
2458619.62794 19.045 0.072 6.79 540.0
2458619.66587 19.228 0.078 6.43 461.0
2458619.71291 19.259 0.078 6.05 435.0
2458619.75878 19.078 0.064 5.89 464.0
2458619.84541 19.126 0.066 5.08 538.0
2458619.90895 19.207 0.059 5.62 327.0
2458620.63706 19.187 0.086 6.79 545.0
2458620.67806 19.224 0.074 6.19 494.0
2458620.72450 19.222 0.062 5.05 459.0
2458620.79068 19.282 0.071 5.04 548.0
2458620.86576 19.088 0.055 4.68 512.0
2458620.91162 19.146 0.057 4.60 504.0
2458621.68716 19.427 0.164 6.34 1336.0
2458621.78358 19.337 0.130 5.28 1422.0
2458621.83281 19.169 0.074 4.31 875.0
2458621.87963 19.272 0.084 4.63 871.0
2458621.92607 19.135 0.091 5.30 988.0
2458626.62856 19.001 0.076 6.65 531.0
2458626.66563 19.046 0.068 6.31 505.0
2458626.70348 19.476 0.097 6.17 475.0
2458626.74145 19.253 0.070 5.16 487.0
2458626.78880 19.154 0.056 4.50 507.0
2458626.83124 19.122 0.064 4.87 562.0
2458626.86843 19.390 0.082 4.80 599.0
2458626.90642 19.211 0.071 4.71 643.0
2458627.59951 19.256 0.056 5.92 391.0
2458627.65771 19.221 0.070 5.74 782.0
2458627.70800 19.137 0.041 4.30 325.0
2458635.65307 19.173 0.048 5.14 285.0
2458635.69344 19.125 0.046 5.34 265.0
2458635.74861 19.138 0.046 4.98 281.0
2458635.81081 19.272 0.059 5.07 341.0
2458635.85642 19.091 0.059 5.79 374.0
2458635.90200 18.870 0.057 6.22 445.0
2458636.56509 19.344 0.066 5.55 352.0
2458636.60462 19.234 0.058 5.72 317.0
2458636.65324 19.155 0.049 5.14 293.0
2458636.70794 19.285 0.054 5.14 287.0
2458636.76389 19.309 0.048 4.11 270.0
2458636.81369 19.167 0.040 3.95 270.0
2458636.85904 19.104 0.047 4.70 335.0
2458636.90640 19.149 0.054 5.02 417.0
2458637.56440 19.140 0.052 5.19 399.0
2458637.61222 19.256 0.050 5.50 256.0
2458637.65791 19.108 0.040 5.24 229.0
2458637.71275 19.091 0.038 4.15 318.0
2458637.77481 19.192 0.042 3.82 328.0
2458637.82166 19.146 0.040 3.60 362.0
2458637.86742 19.090 0.045 4.10 415.0
2458637.91225 19.203 0.055 4.72 447.0
2458638.64174 19.064 0.043 5.89 280.0
2458638.69276 19.141 0.037 4.51 255.0
2458638.80783 19.101 0.034 3.51 286.0
2458638.85416 19.168 0.056 5.31 399.0
2458638.90188 19.118 0.053 4.78 498.0
2458639.66510 19.128 0.038 4.18 336.0
2458639.71185 19.133 0.036 4.07 297.0
2458639.82022 19.131 0.039 3.93 358.0
2458640.55990 19.375 0.087 6.91 385.0
2458640.59899 19.300 0.062 5.85 328.0
2458640.64446 19.100 0.048 5.31 311.0
2458640.70137 19.175 0.042 4.25 290.0
2458640.76600 19.142 0.050 4.70 319.0
2458640.81448 19.188 0.056 4.95 334.0
2458640.86142 19.110 0.054 4.89 365.0
2458640.90268 19.344 0.078 5.57 456.0
2458641.60561 19.231 0.061 5.73 391.0
2458641.66470 19.126 0.041 4.30 349.0
2458641.73136 19.260 0.041 3.96 323.0
2458642.63733 19.169 0.052 5.46 337.0
2458642.80257 19.239 0.061 4.60 459.0
2458642.85155 19.154 0.056 4.55 436.0
2458642.89841 19.266 0.083 5.48 583.0
2458643.56557 19.172 0.056 5.75 374.0
2458643.61846 19.106 0.040 4.54 299.0
2458643.67415 19.119 0.039 4.26 309.0
2458643.73082 19.263 0.041 3.84 308.0
2458643.78363 19.206 0.040 3.82 289.0
2458643.83078 19.191 0.045 4.19 320.0
2458643.87669 19.192 0.062 5.50 386.0
2458644.54248 19.180 0.070 5.92 485.0
2458644.58436 19.286 0.070 5.84 394.0
2458644.62982 19.200 0.053 5.33 316.0
2458644.68592 19.141 0.037 4.17 260.0
2458644.74685 19.251 0.047 4.12 313.0
2458644.79569 19.145 0.060 5.65 361.0
2458644.84293 19.202 0.049 4.30 394.0
2458644.88856 19.296 0.091 6.43 441.0
2458645.63913 19.186 0.054 5.40 318.0
2458645.67873 19.303 0.068 5.48 514.0
2458646.60663 19.406 0.089 6.85 344.0
2458646.65254 19.105 0.058 6.33 321.0
2458646.69942 19.214 0.065 6.09 334.0
2458646.74892 19.159 0.053 5.02 358.0
2458646.78953 19.125 0.048 5.01 300.0
2458646.83476 19.111 0.059 5.71 382.0
2458646.88238 19.248 0.108 7.89 496.0
2458647.61736 19.052 0.053 5.23 443.0
2458647.66051 19.122 0.062 5.64 418.0
2458647.70825 19.141 0.060 5.47 410.0
2458647.76607 19.100 0.061 5.76 413.0
2458647.81781 19.132 0.076 6.52 443.0
2458647.84837 19.299 0.097 7.37 390.0
2458648.61820 18.999 0.060 5.74 560.0
2458648.66175 19.205 0.067 5.35 519.0
2458648.71113 19.058 0.064 5.59 516.0
2458648.76751 19.057 0.060 5.05 538.0
2458648.81583 19.091 0.061 5.16 536.0
2458648.86219 19.162 0.073 5.77 550.0
2458648.90251 19.316 0.094 6.75 503.0
2458649.66873 19.410 0.116 6.25 695.0
2458654.52066 19.204 0.067 5.32 687.0
2458655.53876 19.329 0.070 6.68 426.0
2458655.69743 19.190 0.080 5.73 702.0
2458655.76470 19.235 0.075 5.53 656.0
2458655.85349 19.028 0.077 5.99 864.0
2458656.62747 19.247 0.051 4.93 408.0
2458656.67483 19.306 0.059 4.94 451.0
2458656.73270 19.175 0.047 4.95 354.0
2458656.79675 19.246 0.050 4.41 369.0
2458656.85027 19.141 0.064 5.65 489.0
2458656.88156 19.198 0.099 7.10 672.0
2458657.59091 19.306 0.052 5.08 280.0
2458657.63704 19.207 0.049 4.74 285.0
2458657.68349 19.227 0.053 4.95 297.0
2458657.73998 19.214 0.044 4.03 280.0
2458657.78946 19.057 0.036 4.11 282.0
2458657.83609 19.147 0.044 4.25 345.0
2458657.88229 19.178 0.061 5.34 438.0
2458658.56602 19.070 0.043 6.01 229.0
2458660.53459 18.989 0.058 6.84 293.0
2458660.66068 19.160 0.050 5.61 246.0
2458660.80284 19.171 0.046 4.22 364.0
2458661.54107 19.301 0.067 6.32 334.0
2458661.67087 19.129 0.044 5.19 253.0
2458662.58775 19.272 0.084 7.68 326.0
2458662.78668 19.286 0.080 6.80 409.0
2458664.56806 19.196 0.039 4.80 218.0
2458664.69490 19.162 0.037 4.50 205.0
2458665.52984 19.088 0.084 8.40 413.0
2458666.50979 19.158 0.084 6.74 542.0
2458666.59679 19.192 0.055 5.61 304.0
2458666.73104 19.068 0.055 6.37 255.0
2458667.52483 19.410 0.099 6.44 484.0
2458667.62598 19.035 0.046 5.05 316.0
2458667.75760 19.127 0.039 4.11 259.0
2458668.47246 19.127 0.080 7.27 462.0
2458668.60455 19.196 0.060 6.36 249.0
2458668.75618 19.099 0.036 4.49 206.0
2458669.48171 19.511 0.103 6.86 392.0
2458669.57331 19.150 0.056 6.07 335.0
2458669.72426 19.299 0.050 4.62 278.0
2458670.52557 19.255 0.054 5.41 335.0
2458670.67161 19.169 0.034 3.58 233.0
2458670.80122 19.147 0.045 4.88 279.0
2458673.57438 19.162 0.058 5.43 368.0
2458673.66470 19.177 0.043 4.54 293.0
2458674.59672 19.248 0.066 6.44 284.0
2458674.73565 19.267 0.061 6.00 288.0
2458675.61322 19.213 0.058 4.04 644.0
2458675.81687 19.355 0.074 5.98 330.0
2458676.48088 19.411 0.117 6.36 728.0
2458676.55824 19.108 0.051 4.56 489.0
2458676.73139 19.233 0.058 4.47 460.0
2458676.80764 19.222 0.078 5.71 557.0
2458681.48630 19.263 0.098 5.41 939.0
2458681.56289 19.272 0.116 6.45 857.0
2458681.64415 19.151 0.079 5.11 781.0
2458682.48045 19.062 0.076 5.52 963.0
2458682.55751 19.395 0.078 5.28 528.0
2458682.77077 19.087 0.070 5.52 647.0
2458683.48149 19.389 0.088 6.70 385.0
2458683.56646 19.233 0.070 5.36 469.0
2458683.74203 19.227 0.077 5.83 474.0
2458684.48831 19.294 0.070 5.95 371.0
2458684.56781 19.214 0.071 5.53 523.0
2458684.72340 19.282 0.055 4.20 374.0
2458685.49217 19.139 0.063 5.87 358.0
2458685.63682 19.099 0.043 4.02 455.0
2458685.71956 19.205 0.052 4.66 423.0
2458688.54607 19.154 0.072 7.13 295.0
2458688.64245 19.131 0.053 6.22 223.0
2458689.49334 19.143 0.077 7.06 355.0
2458689.57896 19.131 0.059 6.47 272.0
2458689.69059 19.184 0.059 6.54 233.0
2458690.48187 19.021 0.054 5.49 369.0
2458690.57585 19.124 0.061 6.30 314.0
2458690.71716 19.220 0.041 4.23 261.0
2458691.47970 19.214 0.051 5.02 372.0
2458691.55582 19.118 0.034 4.38 230.0
2458691.74347 19.209 0.056 5.05 353.0
2458692.48188 19.049 0.055 5.32 426.0
2458692.56745 19.169 0.049 4.81 364.0
2458692.68191 19.268 0.047 4.44 295.0
2458693.48079 19.324 0.087 7.07 330.0
2458693.61574 19.099 0.060 6.77 242.0
2458693.76372 19.443 0.094 7.06 346.0
2458694.48447 19.230 0.052 4.81 330.0
2458694.56337 19.130 0.036 3.85 298.0
2458694.64304 19.148 0.038 3.90 236.0
2458695.48437 19.152 0.046 5.03 336.0
2458695.72013 19.222 0.037 3.83 257.0
2458695.77026 19.169 0.045 4.57 341.0
2458697.55281 19.171 0.069 6.77 279.0
2458698.48391 19.008 0.043 5.67 262.0
2458698.71398 19.235 0.047 4.49 257.0
2458698.76010 19.112 0.044 4.47 320.0
2458699.48689 19.137 0.049 4.69 361.0
2458699.71307 19.101 0.041 4.05 297.0
2458699.75792 19.118 0.047 4.77 300.0
2458700.48596 19.115 0.045 4.91 337.0
2458700.72374 19.274 0.062 5.39 324.0
2458701.48657 19.300 0.059 4.86 333.0
2458701.64322 19.152 0.048 4.60 338.0
2458702.48626 19.080 0.060 6.10 324.0
2458702.60014 19.178 0.045 4.60 275.0
2458702.75218 19.152 0.052 5.31 319.0
2458703.48698 19.364 0.104 7.85 411.0
2458704.54349 18.962 0.064 6.34 500.0
2458704.67566 19.006 0.082 6.82 672.0
2458708.59356 19.341 0.059 3.82 566.0
2458709.54632 19.147 0.058 3.50 1060.0
2458710.48733 19.077 0.067 5.43 603.0
2458711.48540 19.226 0.094 4.85 1192.0
2458711.59821 19.197 0.067 4.86 595.0
2458712.50207 19.429 0.145 7.07 747.0
2458712.61993 19.219 0.074 6.32 400.0
2458713.48658 19.095 0.060 6.35 323.0
2458713.61257 19.320 0.072 5.47 383.0
2458714.48870 19.204 0.069 6.51 308.0
2458714.62669 19.123 0.054 4.70 743.0
2458715.50426 19.316 0.067 6.02 296.0
2458715.64400 19.095 0.042 4.63 298.0
2458716.50209 19.147 0.040 4.46 259.0
2458717.48754 19.388 0.081 6.41 295.0
2458717.62448 19.449 0.089 7.12 274.0
2458718.50277 19.187 0.043 4.12 289.0
2458718.63919 19.154 0.042 4.26 268.0
2458719.48474 19.122 0.072 7.03 325.0
2458719.57583 19.046 0.049 5.72 306.0
2458719.68459 19.166 0.061 6.78 338.0
2458721.49464 19.157 0.046 5.01 271.0
2458721.68197 19.181 0.055 5.81 296.0
2458722.48933 19.128 0.045 4.73 324.0
2458722.69084 19.218 0.061 6.19 270.0
2458723.59507 19.274 0.052 4.45 345.0
2458723.63528 19.158 0.049 4.61 358.0
2458724.49868 19.152 0.045 4.74 290.0
2458724.63573 19.227 0.043 4.33 278.0
2458725.50253 19.145 0.049 4.57 353.0
2458725.58878 19.056 0.047 5.70 268.0
2458726.57673 19.246 0.053 4.99 256.0
2458726.62972 19.185 0.046 4.98 230.0
2458727.52724 19.173 0.064 5.92 319.0
2458727.61095 19.199 0.074 6.39 368.0
2458728.59221 19.218 0.051 4.76 318.0
2458728.63153 19.317 0.061 4.99 311.0
2458729.49264 19.128 0.054 5.39 282.0
2458729.63026 19.062 0.049 5.25 322.0
2458730.57735 19.074 0.051 5.74 297.0
2458730.61714 19.107 0.055 5.74 295.0
2458731.52446 19.305 0.094 7.95 324.0
2458731.59280 19.312 0.085 7.09 343.0
2458736.60407 19.175 0.091 6.66 581.0
2458737.61558 19.271 0.108 7.13 603.0
2458738.58458 19.163 0.089 6.43 612.0
2458739.49870 19.357 0.086 6.08 501.0
2458740.54253 19.068 0.086 7.42 497.0
2458741.59644 19.198 0.071 5.77 492.0
2458742.59500 19.076 0.068 5.66 530.0
2458746.58213 19.119 0.080 7.93 312.0
2458747.53927 19.110 0.063 6.92 264.0
2458748.58218 19.412 0.114 7.95 389.0
2458750.58076 19.166 0.052 4.73 357.0
2458752.58253 19.267 0.073 6.37 359.0
2458753.59788 19.310 0.098 7.45 385.0
2458754.58116 19.048 0.074 7.00 426.0
2458755.58398 19.204 0.056 4.66 353.0
2458757.57161 19.290 0.076 6.34 332.0
2458759.58843 19.059 0.094 7.12 629.0
2458762.49164 18.884 0.132 7.80 1505.0
2458763.55686 19.095 0.075 5.59 633.0
2458766.57959 19.239 0.130 7.43 907.0
2458768.57081 19.413 0.144 7.70 728.0
2458783.51337 19.140 0.073 6.23 496.0
2458886.86889 19.268 0.069 6.37 359.0
2458886.87979 19.254 0.069 5.88 438.0
2458887.87146 19.099 0.077 6.75 679.0
2458888.86650 19.061 0.092 7.07 807.0
2458888.88388 18.942 0.081 6.73 926.0
2458889.86284 19.195 0.073 5.43 682.0
2458889.87374 19.141 0.070 5.44 684.0
2458890.86121 19.314 0.071 5.29 554.0
2458890.87689 19.162 0.066 5.56 570.0
2458891.87460 19.105 0.077 5.70 1025.0
2458892.86459 19.130 0.065 4.95 768.0
2458893.85247 19.206 0.072 5.82 563.0
2458893.87906 19.105 0.056 5.18 528.0
2458899.85015 19.275 0.063 6.32 327.0
2458899.88757 19.187 0.060 5.94 371.0
2458900.86141 19.175 0.050 5.68 301.0
2458901.82762 19.202 0.056 5.95 309.0
2458901.86310 19.102 0.049 5.98 274.0
2458902.82572 19.187 0.053 5.52 312.0
2458902.86369 19.218 0.049 4.90 268.0
2458903.82506 19.363 0.078 6.75 363.0
2458903.86157 19.251 0.060 5.57 332.0
2458904.82461 19.159 0.060 6.79 273.0
2458904.86126 19.338 0.052 5.37 242.0
2458904.89854 19.146 0.071 5.81 530.0
2458905.86548 19.224 0.046 5.18 268.0
2458906.84753 19.079 0.051 5.86 310.0
2458906.88249 19.255 0.050 4.96 279.0
2458907.85396 19.140 0.048 5.39 349.0
2458907.88878 19.063 0.041 4.95 330.0
2458908.84994 19.091 0.055 6.02 327.0
2458908.89114 19.129 0.052 5.59 326.0
2458909.85085 19.221 0.047 5.75 255.0
2458909.88428 19.257 0.044 5.08 252.0
2458910.82094 19.224 0.060 6.13 299.0
2458910.88277 19.202 0.076 7.22 344.0
2458911.82986 19.112 0.056 6.26 305.0
2458911.86252 19.102 0.053 6.10 287.0
2458911.89553 19.261 0.066 5.80 393.0
2458912.82378 19.218 0.055 5.78 320.0
2458912.85680 19.080 0.044 5.72 262.0
2458912.89048 19.280 0.060 6.03 296.0
2458913.80715 19.471 0.101 7.44 354.0
2458913.84042 19.119 0.053 6.31 298.0
2458913.87350 19.221 0.060 6.44 274.0
2458914.83632 19.175 0.054 5.98 308.0
2458914.86914 19.153 0.050 5.13 296.0
2458914.90191 19.002 0.055 5.57 437.0
2458915.83840 19.243 0.053 5.57 301.0
2458915.87178 19.251 0.048 5.35 262.0
2458915.90479 19.056 0.057 5.43 510.0
2458916.82039 19.394 0.072 5.09 498.0
2458916.85327 19.125 0.056 5.02 429.0
2458916.88853 19.086 0.048 4.69 356.0
2458917.80049 19.168 0.079 5.73 744.0
2458917.83345 19.236 0.076 5.51 629.0
2458917.86864 19.137 0.063 5.33 547.0
2458917.90255 19.278 0.110 4.89 1424.0
2458918.82070 19.257 0.072 5.32 652.0
2458918.85378 19.284 0.072 5.07 664.0
2458918.88749 19.157 0.060 5.34 483.0
2458919.79176 19.115 0.068 5.76 695.0
2458919.82574 19.150 0.067 5.73 589.0
2458919.85860 19.474 0.079 5.21 519.0
2458919.89250 19.263 0.063 5.10 465.0
2458920.80422 18.990 0.062 6.05 622.0
2458920.83753 19.201 0.064 5.60 546.0
2458920.87519 19.121 0.054 4.51 491.0
2458920.90806 19.093 0.061 5.27 543.0
2458921.80497 19.104 0.060 5.45 581.0
2458921.84039 19.348 0.075 5.04 523.0
2458921.87406 19.044 0.056 5.58 503.0
2458921.90828 18.883 0.056 4.61 953.0
2459795.57854 19.112 0.048 5.54 271.0
2459795.61480 19.195 0.043 4.69 269.0
2459795.65055 19.125 0.041 4.71 263.0
2459795.68361 19.265 0.067 6.51 286.0
2459795.71885 19.241 0.071 6.58 336.0
2459795.75068 19.321 0.100 7.38 444.0
2459796.51776 19.335 0.082 7.15 344.0
2459796.55112 19.275 0.063 6.02 313.0
2459796.62707 19.217 0.054 5.39 293.0
2459796.66096 19.255 0.056 5.20 313.0
2459796.69649 19.285 0.061 5.84 302.0
2459796.73105 19.189 0.059 6.25 285.0
2459797.59511 19.539 0.107 6.18 410.0
2459797.62886 19.052 0.068 5.96 422.0
2459797.66232 19.112 0.069 6.20 370.0
2459797.70957 19.293 0.084 6.05 511.0
2459797.75040 19.258 0.078 6.19 415.0
2459804.49081 19.201 0.062 5.20 497.0
2459804.52389 19.063 0.061 5.35 575.0
2459804.55962 19.063 0.053 4.95 472.0
2459804.59360 19.074 0.064 5.74 488.0
2459804.62776 19.277 0.079 5.79 537.0
2459804.66147 19.154 0.088 6.86 587.0
2459804.69959 19.531 0.129 6.45 643.0
2459805.51424 19.072 0.069 6.48 358.0
2459805.54910 19.153 0.065 5.50 439.0
2459805.58338 18.919 0.050 5.27 473.0
2459805.61666 19.254 0.065 5.19 430.0
2459805.64954 19.144 0.064 5.48 479.0
2459805.68285 19.241 0.082 6.01 544.0
2459805.71585 19.277 0.077 5.69 556.0
2459806.55799 19.051 0.082 7.72 392.0
2459806.60319 19.441 0.116 8.01 420.0
2459806.64410 18.894 0.058 6.80 409.0
2459806.68016 19.081 0.074 6.55 433.0
2459807.48720 19.297 0.074 6.36 344.0
2459807.53787 19.198 0.060 6.17 279.0
2459807.57712 19.125 0.050 5.31 295.0
2459807.63136 19.324 0.058 5.11 315.0
2459807.68741 19.077 0.050 5.13 365.0
2459807.72087 19.261 0.064 5.46 397.0
2459808.48226 19.372 0.092 6.50 420.0
2459808.51578 19.247 0.065 6.27 272.0
2459808.57498 19.260 0.058 5.62 255.0
2459808.65277 19.299 0.065 6.29 298.0
2459808.68742 19.572 0.110 6.82 349.0
2459808.72304 19.316 0.084 6.41 388.0
2459809.57525 19.090 0.066 7.11 262.0
2459809.60926 19.308 0.065 6.23 257.0
2459809.64487 19.202 0.056 6.06 252.0
2459810.47105 19.110 0.114 5.19 1828.0
2459810.52466 19.093 0.034 3.89 255.0
2459810.56040 19.152 0.038 4.59 253.0
2459810.69919 19.233 0.046 5.01 253.0
2459811.49061 19.285 0.070 6.30 276.0
2459811.52394 19.362 0.070 6.59 242.0
2459811.66435 19.091 0.047 5.52 255.0
2459811.69803 19.269 0.059 5.46 305.0
2459812.47548 18.968 0.117 7.20 1116.0
2459812.50877 19.124 0.059 6.70 252.0
2459812.55050 19.073 0.069 7.55 250.0
2459812.69744 19.274 0.055 5.41 250.0
2459813.48702 19.146 0.084 7.53 366.0
2459813.65787 19.327 0.068 6.32 265.0
2459813.69180 19.020 0.056 6.91 263.0
2459814.47657 19.007 0.104 6.87 1095.0
2459814.51996 19.253 0.057 5.43 298.0
2459814.56390 19.062 0.047 5.86 263.0
2459814.59730 19.064 0.054 6.79 282.0
2459814.68876 19.214 0.081 7.55 347.0
2459815.47423 19.338 0.134 5.42 1678.0
2459815.52852 19.190 0.059 6.12 290.0
2459815.56167 19.163 0.056 5.72 294.0
2459815.67979 19.452 0.073 5.53 346.0
2459816.47227 19.136 0.114 6.09 1173.0
2459816.50519 19.070 0.055 6.13 288.0
2459816.54130 19.081 0.057 6.38 288.0
2459816.57582 19.258 0.053 5.29 281.0
2459816.68695 19.357 0.060 4.84 299.0
2459817.50436 19.131 0.061 5.99 335.0
2459817.56202 19.266 0.057 5.66 338.0
2459817.60567 19.136 0.053 5.91 312.0
2459817.65072 19.138 0.053 6.28 346.0
2459818.51298 19.366 0.093 6.90 343.0
2459818.55705 19.545 0.112 7.50 362.0
2459818.68416 19.274 0.068 6.22 361.0
2459819.50345 19.112 0.050 4.98 407.0
2459819.56196 19.217 0.049 5.04 333.0
2459819.65401 19.197 0.048 4.78 408.0
2459820.49230 19.042 0.055 6.26 340.0
2459820.52807 19.219 0.064 5.88 331.0
2459820.65688 19.165 0.054 5.52 305.0
2459821.51606 19.298 0.075 7.25 288.0
2459821.55174 19.173 0.048 5.62 251.0
2459821.67874 19.255 0.065 5.97 347.0
2459822.50464 19.222 0.079 7.70 327.0
2459822.54014 19.347 0.068 6.34 308.0
2459822.58788 19.247 0.078 7.40 313.0
2459823.57744 19.177 0.066 6.74 366.0
2459823.61303 19.450 0.091 6.99 385.0
2459824.50842 19.311 0.108 8.16 441.0
2459824.55258 19.282 0.097 7.42 455.0
2459824.58782 19.153 0.080 6.62 493.0
2459825.60509 19.224 0.103 7.41 583.0
2459825.65559 19.455 0.126 7.27 649.0
2459829.55917 19.077 0.094 7.09 707.0
2459830.63805 19.386 0.132 7.22 799.0
2459831.48546 18.873 0.074 6.48 793.0
2459831.52377 19.290 0.082 5.94 580.0
2459831.57249 19.182 0.085 6.69 596.0
2459831.61623 19.200 0.087 6.21 699.0
2459832.49578 19.131 0.095 7.63 628.0
2459832.53369 19.103 0.085 6.96 603.0
2459832.56918 18.973 0.085 7.31 650.0
2459834.48592 19.140 0.076 5.82 624.0
2459834.53008 19.235 0.067 5.57 497.0
2459834.56565 19.117 0.065 5.75 572.0
2459834.60240 18.950 0.068 6.30 602.0
2459834.64007 18.796 0.068 6.87 684.0
2459835.54350 19.251 0.099 8.17 377.0
2459835.59397 19.345 0.097 6.58 489.0
2459835.62935 18.878 0.051 6.70 316.0
2459836.48758 19.148 0.112 7.58 706.0
2459836.64892 19.218 0.106 7.52 571.0
2459837.64821 19.208 0.077 6.15 556.0
2459838.52703 19.122 0.055 6.00 356.0
2459838.57525 19.311 0.070 5.88 375.0
2459838.61108 19.003 0.055 6.44 385.0
2459840.48469 19.235 0.111 7.12 826.0
2459840.51996 19.319 0.085 8.24 309.0
2459840.55565 19.236 0.076 7.18 324.0
2459840.59380 19.153 0.075 7.26 359.0
2459841.53218 19.222 0.062 6.08 373.0
2459841.56737 19.202 0.058 5.42 408.0
2459841.60256 19.054 0.065 6.65 443.0
2459843.54726 19.109 0.075 7.19 363.0
2459843.58466 19.108 0.072 6.74 374.0
2459844.50191 19.291 0.063 5.75 384.0
2459844.54367 19.178 0.072 6.99 396.0
2459844.57934 19.301 0.065 5.96 379.0
2459844.61470 19.122 0.067 6.58 431.0
2459845.51362 19.232 0.078 7.01 329.0
2459845.54995 19.289 0.069 6.55 328.0
2459845.58754 19.383 0.071 6.50 347.0
2459846.56278 19.401 0.096 7.20 373.0
2459846.59936 18.989 0.065 6.97 448.0
2459848.52533 19.200 0.077 7.29 395.0
2459848.56051 18.965 0.059 6.39 445.0
2459848.59546 19.545 0.106 6.67 458.0
2459849.52838 19.266 0.086 7.24 362.0
2459850.55036 19.342 0.085 6.89 381.0
2459850.58637 19.085 0.060 6.09 404.0
2459851.52322 19.562 0.125 7.89 402.0
2459852.51867 19.364 0.105 8.10 409.0
2459852.56569 19.091 0.075 6.99 438.0
2459852.59295 19.143 0.067 5.92 457.0
2459856.52183 19.192 0.098 6.84 718.0
2459856.58400 19.143 0.128 8.09 857.0
2459857.54509 19.319 0.119 7.46 721.0
2459858.54955 19.186 0.116 7.69 747.0
2459859.51410 18.939 0.050 5.19 617.0
2459859.55160 19.215 0.079 5.83 699.0
2459860.51506 19.586 0.145 6.81 707.0
2459860.55203 19.115 0.098 6.87 804.0
2459861.54558 19.442 0.135 6.83 837.0
2459862.54645 19.439 0.149 7.28 870.0
2459863.51695 19.361 0.106 6.97 617.0
2459864.52624 19.152 0.096 7.14 588.0
2459864.56019 19.079 0.084 5.74 868.0
2459865.49529 19.038 0.124 7.41 1304.0
2459866.49767 18.959 0.092 6.33 1146.0
2459866.53691 19.031 0.062 5.23 648.0
2459867.50780 19.050 0.069 6.00 604.0
2459868.51801 19.307 0.092 5.87 527.0
2459869.51170 19.130 0.077 6.23 513.0
2459870.50662 19.245 0.104 7.32 602.0
2459874.50754 19.308 0.099 5.91 702.0
2459876.50238 19.355 0.152 7.61 985.0
2459995.86031 19.354 0.060 4.96 400.0
2460000.84414 19.064 0.055 5.59 461.0
2460004.81785 19.292 0.057 5.10 367.0
2460007.89409 19.312 0.067 5.76 400.0
2460012.88571 19.132 0.053 4.39 466.0
2460015.88762 19.092 0.050 4.75 513.0
2460022.77012 19.150 0.052 5.96 303.0
2460024.87523 19.052 0.040 4.86 262.0
2460027.76942 19.109 0.057 6.48 326.0
2460029.79547 19.090 0.047 5.91 268.0
2460031.86489 19.160 0.053 5.56 318.0
2460034.75120 19.101 0.049 6.27 292.0
2460036.87570 19.192 0.043 4.46 291.0
2460039.77256 19.121 0.062 5.55 484.0
2460041.80002 19.279 0.071 5.46 547.0
2460047.90369 19.196 0.046 4.21 413.0
2460050.84402 19.205 0.046 5.27 269.0
2460053.72226 19.176 0.049 5.45 294.0
2460056.84604 19.089 0.035 4.08 288.0
2460059.66760 19.395 0.102 7.77 379.0
2460061.70956 19.067 0.040 4.82 319.0
2460063.70147 19.292 0.060 5.35 395.0
2460066.90836 19.260 0.049 4.98 314.0
2460068.89194 19.328 0.074 5.10 586.0
2460070.88179 19.339 0.109 4.78 1461.0
2460076.78544 19.169 0.046 4.57 358.0
2460086.65901 19.326 0.067 5.70 353.0
2460087.69991 19.098 0.052 5.23 333.0
2460088.64229 19.302 0.084 6.96 359.0
2460089.78611 19.192 0.058 5.17 364.0
2460091.85301 19.180 0.060 5.09 473.0
2460093.91503 18.984 0.071 7.15 530.0
2460095.90331 19.176 0.075 6.42 477.0
2460097.59160 19.232 0.092 5.50 781.0
2460104.65356 19.146 0.059 5.42 398.0
2460105.78463 19.144 0.055 5.42 356.0
2460107.74991 19.269 0.078 7.01 291.0
2460109.59767 19.465 0.113 7.58 370.0
2460111.53049 19.245 0.081 6.19 459.0
2460112.63416 19.065 0.057 6.44 334.0
2460113.77146 19.182 0.060 5.54 372.0
2460118.66447 19.221 0.069 6.22 327.0
2460120.56901 19.035 0.054 6.07 342.0
2460122.49612 19.203 0.085 6.28 523.0
2460123.72319 19.123 0.051 4.94 414.0
2460125.50436 19.100 0.099 6.05 1026.0
2460130.51451 18.977 0.103 6.90 1074.0
2460131.77962 19.220 0.096 6.18 789.0
2460134.51817 19.246 0.076 6.22 434.0
2460139.70000 19.048 0.045 5.31 285.0
2460141.61635 19.153 0.053 5.32 289.0
2460143.62324 19.101 0.044 4.48 334.0
2460149.50462 19.053 0.057 5.71 417.0
2460157.65410 19.233 0.069 4.19 866.0
2460159.56049 19.151 0.058 4.68 546.0
2460161.55402 19.152 0.060 5.91 325.0
2460167.63954 19.145 0.058 6.46 250.0
2460169.70131 19.157 0.051 5.57 261.0
2460171.70730 19.170 0.067 6.58 342.0
2460174.67937 19.302 0.071 6.35 341.0
2460179.62281 19.017 0.061 6.52 361.0
2460188.57845 19.160 0.077 6.30 544.0
2460201.59883 19.245 0.063 5.81 353.0
2460204.50169 19.197 0.087 6.92 414.0
2460212.54092 19.170 0.079 5.73 713.0
2460218.54100 19.044 0.085 7.37 511.0
2460226.52411 19.282 0.077 5.98 491.0
2460231.50812 19.196 0.089 6.54 563.0
2460354.87472 19.238 0.062 5.64 429.0
2460364.88707 19.368 0.132 7.55 618.0
2460370.83378 19.173 0.064 5.08 557.0
2460377.82221 19.145 0.057 5.32 422.0
2460380.82730 19.312 0.085 6.20 456.0
2460383.79932 19.221 0.071 6.30 372.0
2460385.89657 19.146 0.052 5.07 320.0
2460388.90984 19.141 0.054 5.03 423.0
2460392.77117 19.259 0.069 5.11 512.0
2460394.84366 19.141 0.064 4.85 620.0
2460396.86824 19.090 0.062 5.29 595.0
2460398.90729 19.050 0.046 3.84 627.0
2460404.90715 19.188 0.046 4.04 391.0
2460406.91528 19.132 0.064 5.75 436.0
2460410.86292 19.314 0.059 5.29 411.0
2460417.72794 19.165 0.053 5.19 358.0
2460420.71193 19.151 0.056 5.05 432.0
2460424.84631 18.954 0.055 4.74 710.0
2460432.63940 19.144 0.073 6.04 546.0
2460432.77333 19.129 0.069 6.28 444.0
2460434.71497 19.163 0.060 5.51 431.0
2460436.69806 19.176 0.064 6.75 287.0
2460439.81988 19.112 0.053 5.39 352.0
2460442.93151 19.267 0.130 8.50 585.0
2460449.64211 19.356 0.074 5.89 398.0
2460458.61673 19.116 0.065 5.40 574.0
2460460.61360 19.226 0.060 5.15 413.0
2460462.60943 19.186 0.053 5.65 338.0
2460464.65028 19.134 0.044 4.58 403.0
2460466.85775 19.282 0.068 5.76 392.0
2460468.81729 19.102 0.052 5.01 348.0
2460476.65205 19.108 0.058 5.97 355.0
2460478.58641 18.981 0.082 7.19 581.0
2460480.58591 19.285 0.099 6.30 687.0
2460485.86674 19.120 0.099 6.34 963.0
2460488.62208 19.217 0.069 7.02 277.0
2460491.51774 19.224 0.055 5.16 305.0
2460492.80197 19.030 0.044 4.81 345.0
2460494.73582 19.247 0.053 5.23 270.0
2460497.55226 19.413 0.095 7.04 356.0
2460498.81440 19.089 0.049 4.85 383.0
2460500.72391 19.078 0.056 6.02 320.0
2460502.60492 19.265 0.074 6.87 323.0
2460504.58594 19.419 0.113 8.78 281.0
2460506.55863 19.112 0.045 4.58 357.0
2460513.61507 19.380 0.143 7.80 723.0
2460516.66685 19.063 0.053 5.61 335.0
2460518.69570 19.090 0.057 5.69 390.0
2460521.66278 19.088 0.041 4.99 273.0
2460530.60559 19.255 0.077 6.89 306.0
2460533.68991 19.225 0.055 5.70 256.0
2460542.57986 19.108 0.080 6.06 689.0
2460547.48955 19.114 0.055 5.59 371.0
2460555.49222 19.113 0.046 4.67 346.0
2460558.56630 19.115 0.047 5.22 318.0
2460561.49628 19.207 0.063 5.76 418.0
2460567.53456 19.214 0.081 6.01 636.0
2460567.62166 19.037 0.081 6.36 811.0
2460570.63080 18.922 0.088 6.73 954.0
2460574.57916 19.239 0.084 6.95 408.0
2460580.55033 19.172 0.080 7.10 368.0
2460585.50096 19.214 0.072 6.41 389.0
2460595.50696 18.911 0.088 7.44 781.0
2460596.52549 19.259 0.094 6.08 776.0
2460596.56192 19.247 0.098 5.70 967.0
2460597.53620 19.256 0.085 5.70 787.0
2460597.57357 19.060 0.083 6.02 939.0
2460598.50889 19.000 0.080 6.39 746.0
2460598.54448 19.452 0.135 6.56 889.0
2460599.51201 19.105 0.062 4.76 744.0
2460599.55925 19.113 0.074 5.19 884.0
2460600.50986 19.141 0.076 5.32 929.0
2460600.54632 19.361 0.110 5.46 1146.0
2460601.52343 19.044 0.081 5.95 948.0
2460610.52285 18.942 0.065 5.61 676.0
2460716.86239 19.035 0.052 5.60 369.0
2460719.85198 19.192 0.112 7.69 674.0
2460722.85064 19.081 0.069 5.92 544.0
2460725.83975 19.003 0.069 6.27 542.0
2460733.81503 19.028 0.050 5.71 373.0
2460736.80642 19.092 0.060 6.46 366.0
2460738.81825 19.269 0.061 5.32 371.0
2460740.89513 19.108 0.059 6.37 307.0
2460743.79757 19.116 0.055 5.35 416.0
2460745.79732 19.153 0.057 5.36 437.0
2460747.78993 18.995 0.053 4.95 576.0
2460749.78301 19.019 0.069 5.26 715.0
2460751.80545 19.079 0.056 4.90 542.0
2460759.87067 19.022 0.053 6.01 364.0
2460762.84653 18.994 0.042 4.80 343.0
2460764.74517 18.945 0.048 4.88 418.0
2460766.73208 19.131 0.062 5.71 410.0
2460768.72819 18.928 0.052 6.35 363.0
2460770.72715 18.930 0.045 5.37 352.0
2460772.71798 18.910 0.056 6.44 421.0
2460773.89568 18.948 0.036 4.40 316.0
2460775.75570 18.906 0.060 6.51 472.0
2460778.70612 18.886 0.072 6.55 796.0
2460779.88229 18.775 0.045 4.63 647.0
2460786.71914 18.550 0.044 6.92 379.0
2460787.68900 18.528 0.034 6.03 323.0
2460788.84361 18.545 0.029 4.92 317.0
2460790.67411 18.395 0.029 5.60 356.0
2460791.80950 18.300 0.021 4.57 281.0
2460793.66128 18.172 0.028 5.88 461.0
2460797.66464 17.847 0.022 6.90 325.0
2460798.78454 17.668 0.015 5.61 298.0
2460799.86881 17.487 0.015 5.49 409.0
2460801.64405 17.069 0.012 6.28 418.0
2460805.65104 16.372 0.008 6.70 640.0
2460806.75228 16.829 0.010 5.66 560.0
2460807.85326 17.148 0.013 4.71 809.0
2460814.70473 18.185 0.026 5.26 431.0
2460815.85717 18.260 0.022 4.32 354.0
2460817.61880 18.429 0.029 5.33 315.0
2460818.66203 18.333 0.027 5.88 272.0
2460819.64819 18.512 0.036 6.05 363.0
2460820.80113 18.463 0.029 4.82 387.0
2460821.87620 18.549 0.033 5.11 439.0
2460823.82555 18.668 0.034 5.06 336.0
2460824.89254 18.716 0.048 6.29 403.0
2460825.91869 18.647 0.036 5.40 351.0
2460827.88059 18.836 0.038 4.67 417.0
2460829.71928 18.846 0.034 5.21 256.0
2460831.78236 18.834 0.039 5.35 306.0
2460833.57106 18.926 0.084 7.17 670.0
2460834.72305 18.914 0.050 5.36 484.0
2460835.54871 18.777 0.072 6.58 856.0
2460841.72902 18.978 0.068 6.04 619.0
2460843.56325 18.907 0.071 7.39 503.0
2460844.64086 19.140 0.067 6.63 335.0
2460845.80188 19.139 0.081 6.76 444.0
2460846.84219 19.082 0.061 5.39 467.0
2460847.85480 18.818 0.053 5.85 502.0
2460849.68996 19.150 0.083 8.13 288.0
2460850.78921 19.094 0.043 4.51 358.0
2460853.50340 19.005 0.063 6.50 449.0
2460854.53163 19.253 0.089 7.19 408.0
2460855.53160 19.037 0.104 8.51 536.0
2460856.63129 19.117 0.043 5.09 284.0
2460858.53059 19.149 0.066 5.97 420.0
2460859.70881 19.069 0.041 4.42 276.0
2460860.72628 19.107 0.040 4.33 299.0
2460862.52981 18.864 0.068 7.12 573.0
2460868.61777 19.358 0.095 5.64 720.0
2460869.70520 19.014 0.056 5.55 446.0
2460871.49315 19.272 0.083 7.82 271.0
2460873.49730 19.213 0.062 5.90 357.0
2460874.59722 19.044 0.036 4.68 268.0
2460875.69777 19.189 0.054 5.34 296.0
2460877.53332 19.054 0.050 5.91 315.0
2460879.55488 19.086 0.041 5.07 264.0
2460881.48539 18.966 0.062 6.95 364.0
2460882.71344 19.274 0.064 6.08 322.0
2460885.76128 18.979 0.046 5.98 296.0
2460895.64728 19.281 0.088 5.57 720.0
2460898.53229 19.216 0.070 5.82 372.0
2460899.68377 19.081 0.059 5.53 409.0
2460901.56121 19.329 0.078 5.90 375.0
2460904.57110 19.205 0.081 7.17 329.0
2460911.64429 19.313 0.106 8.02 387.0
2460913.68699 19.212 0.053 5.40 325.0
2460915.66709 19.281 0.052 5.04 287.0
2460923.60342 19.101 0.078 5.90 779.0
2460924.61120 19.195 0.077 5.81 658.0
2460925.49323 19.030 0.069 6.29 557.0
2460925.52896 19.383 0.101 6.71 552.0
2460925.56412 19.247 0.086 6.26 588.0
2460925.59944 19.199 0.097 6.90 658.0
2460925.63449 19.231 0.109 7.15 766.0
2460926.49405 19.170 0.115 8.60 568.0
2460926.52956 19.011 0.080 6.75 612.0
2460926.56462 19.095 0.090 6.88 666.0
2460926.60399 19.365 0.121 6.90 758.0
2460926.63911 19.305 0.139 7.69 911.0
2460927.49012 18.986 0.050 5.38 484.0
2460927.52558 19.237 0.059 5.05 490.0
2460927.56098 19.129 0.062 5.61 519.0
2460927.59663 19.093 0.078 6.69 561.0
2460927.63179 19.169 0.086 6.53 652.0
2460928.49233 19.082 0.052 5.67 358.0
2460928.52777 19.279 0.059 5.54 346.0
2460928.56281 19.257 0.063 5.34 441.0
2460928.59819 19.196 0.069 5.78 490.0
2460928.63365 19.407 0.093 6.18 581.0
2460929.51786 19.152 0.049 4.84 336.0
2460929.55349 19.069 0.047 5.27 339.0
2460929.58851 19.106 0.049 4.54 418.0
2460929.62361 19.156 0.060 5.19 494.0
2460930.49466 19.186 0.055 5.46 385.0
2460930.53022 19.233 0.055 5.21 382.0
2460930.56541 19.212 0.053 4.67 416.0
2460930.60051 19.075 0.061 5.69 489.0
2460930.63598 19.237 0.081 6.05 589.0
2460931.50616 19.252 0.071 6.64 337.0
2460931.54293 18.895 0.049 6.04 340.0
2460931.58207 19.122 0.066 6.50 359.0
2460931.62113 19.164 0.061 5.81 350.0
2460932.52870 19.245 0.065 5.95 381.0
2460932.56454 19.223 0.067 6.23 358.0
2460932.59976 19.235 0.077 6.83 400.0
2460933.52079 19.205 0.062 5.66 403.0
2460933.55639 19.136 0.058 5.37 457.0
2460933.59194 19.233 0.073 5.62 560.0
2460934.52112 19.198 0.052 4.63 425.0
2460934.55721 19.014 0.047 4.82 461.0
2460934.59335 19.201 0.064 5.62 497.0
2460937.49473 19.093 0.074 6.99 404.0
2460942.57157 19.116 0.054 6.11 322.0
2460950.49894 19.199 0.089 6.38 615.0
2460953.55874 18.999 0.077 6.58 655.0
2460957.55427 19.045 0.069 5.75 688.0
2460965.53618 19.431 0.103 6.29 535.0
