2457791.88744 17.280 0.020 4.49 2024.0
2457793.88164 17.279 0.013 4.75 587.0
2457794.88864 17.258 0.018 5.95 939.0
2457795.89267 17.283 0.020 5.31 1491.0
2457798.86256 17.284 0.013 5.07 531.0
2457800.85338 17.317 0.016 6.18 512.0
2457801.89227 17.278 0.017 5.10 939.0
2457803.87370 17.277 0.016 4.57 1162.0
2457807.85987 17.262 0.012 5.12 372.0
2457809.82237 17.281 0.014 6.09 433.0
2457810.82145 17.271 0.013 5.83 450.0
2457812.87225 17.254 0.011 4.19 421.0
2457814.84127 17.260 0.012 4.80 386.0
2457815.87022 17.279 0.012 4.88 378.0
2457816.86002 17.279 0.011 4.83 369.0
2457817.85653 17.269 0.011 4.22 430.0
2457818.84275 17.267 0.011 4.54 400.0
2457819.82251 17.292 0.013 5.29 382.0
2457820.83117 17.280 0.012 4.85 432.0
2457821.83035 17.300 0.015 5.64 435.0
2457822.82577 17.296 0.016 5.90 622.0
2457823.81141 17.254 0.013 4.60 679.0
2457823.90037 17.291 0.011 4.01 475.0
2457824.89638 17.294 0.016 5.87 526.0
2457825.88789 17.264 0.012 4.40 520.0
2457826.84709 17.285 0.013 4.61 595.0
2457827.82242 17.266 0.013 5.17 534.0
2457827.91164 17.293 0.013 4.50 721.0
2457828.88083 17.281 0.011 4.43 469.0
2457830.78348 17.267 0.015 4.79 980.0
2457830.87072 17.268 0.012 4.64 511.0
2457834.83629 17.283 0.011 4.85 371.0
2457835.77290 17.268 0.014 6.54 336.0
2457835.91350 17.273 0.014 5.27 583.0
2457836.86821 17.240 0.013 6.52 313.0
2457837.80230 17.269 0.011 5.43 294.0
2457837.91191 17.273 0.015 6.11 430.0
2457838.85752 17.273 0.010 4.16 350.0
2457839.80608 17.256 0.009 3.91 283.0
2457839.91982 17.279 0.014 3.46 1205.0
2457840.85018 17.280 0.011 5.09 310.0
2457841.79008 17.296 0.016 7.70 316.0
2457841.90030 17.270 0.013 5.83 326.0
2457842.81477 17.275 0.011 5.14 308.0
2457843.73920 17.270 0.013 6.11 325.0
2457843.85616 17.279 0.012 5.46 283.0
2457844.76634 17.257 0.011 4.94 299.0
2457844.88305 17.284 0.013 6.14 298.0
2457845.79960 17.263 0.010 4.37 315.0
2457845.90937 17.278 0.011 4.95 297.0
2457846.83766 17.262 0.010 4.67 293.0
2457847.74099 17.260 0.012 5.78 335.0
2457847.85851 17.265 0.012 5.66 309.0
2457848.75479 17.253 0.012 5.91 326.0
2457848.87290 17.289 0.010 4.69 284.0
2457849.76748 17.268 0.011 4.60 375.0
2457849.88664 17.275 0.009 3.56 294.0
2457850.78076 17.274 0.015 6.28 411.0
2457850.90038 17.248 0.011 4.90 309.0
2457851.79749 17.270 0.013 5.51 423.0
2457851.92051 17.286 0.013 5.16 397.0
2457853.87462 17.289 0.015 6.33 415.0
2457854.72061 17.280 0.016 5.65 672.0
2457854.83781 17.263 0.012 5.00 497.0
2457855.75021 17.264 0.012 4.16 656.0
2457855.86110 17.271 0.012 4.40 546.0
2457856.75914 17.306 0.017 6.36 576.0
2457856.87301 17.288 0.019 7.18 506.0
2457858.84722 17.297 0.013 5.37 553.0
2457862.71962 17.259 0.014 6.07 420.0
2457862.82958 17.274 0.012 5.25 386.0
2457863.77539 17.268 0.013 6.09 368.0
2457863.92334 17.279 0.011 4.29 416.0
2457864.73397 17.267 0.010 4.42 306.0
2457864.88495 17.262 0.010 4.04 350.0
2457865.73729 17.282 0.011 4.79 341.0
2457865.87546 17.269 0.011 4.07 392.0
2457866.73371 17.268 0.010 4.34 338.0
2457866.86628 17.269 0.009 3.45 344.0
2457867.73708 17.259 0.009 3.71 312.0
2457867.86807 17.277 0.010 4.39 317.0
2457868.79409 17.274 0.013 5.63 336.0
2457869.67614 17.247 0.012 6.34 333.0
2457869.79253 17.277 0.010 4.16 319.0
2457869.92457 17.270 0.010 3.58 442.0
2457870.81394 17.280 0.010 4.45 302.0
2457871.70962 17.273 0.010 4.24 347.0
2457871.84415 17.269 0.010 3.75 325.0
2457872.68869 17.272 0.010 4.06 364.0
2457872.84264 17.263 0.009 3.57 339.0
2457873.68997 17.282 0.010 4.48 359.0
2457873.79805 17.285 0.010 4.50 302.0
2457873.93237 17.259 0.013 4.09 724.0
2457874.76645 17.271 0.014 6.22 369.0
2457874.88989 17.284 0.011 4.22 404.0
2457875.84489 17.261 0.010 4.12 384.0
2457876.66115 17.262 0.015 6.73 522.0
2457876.78161 17.255 0.011 4.28 383.0
2457876.90851 17.276 0.011 4.60 400.0
2457877.74182 17.276 0.010 3.38 358.0
2457877.86521 17.294 0.011 3.78 445.0
2457878.78032 17.255 0.010 3.60 366.0
2457878.90463 17.270 0.010 3.70 419.0
2457879.72902 17.297 0.018 7.09 483.0
2457879.88201 17.273 0.015 6.43 417.0
2457880.75750 17.283 0.013 5.32 439.0
2457880.88788 17.275 0.017 6.80 456.0
2457881.83816 17.272 0.014 5.27 504.0
2457882.71478 17.292 0.016 6.32 510.0
2457882.84573 17.282 0.013 4.78 565.0
2457883.86527 17.294 0.021 7.20 686.0
2457890.72976 17.277 0.013 5.14 512.0
2457890.88749 17.246 0.017 6.25 599.0
2457893.70668 17.274 0.014 6.12 372.0
2457893.83635 17.275 0.011 4.88 365.0
2457893.94216 17.260 0.021 6.05 1276.0
2457894.69064 17.253 0.010 4.31 342.0
2457894.81875 17.262 0.011 4.43 340.0
2457894.92741 17.291 0.015 6.00 469.0
2457895.79105 17.262 0.011 4.69 398.0
2457897.73355 17.304 0.013 6.09 402.0
2457900.93213 17.295 0.017 7.58 419.0
2457901.66755 17.260 0.012 5.66 332.0
2457901.82457 17.284 0.012 4.99 371.0
2457902.65959 17.271 0.013 5.71 349.0
2457902.79095 17.275 0.011 4.90 376.0
2457902.94085 17.272 0.021 7.47 700.0
2457903.82786 17.262 0.012 5.19 357.0
2457903.94427 17.311 0.021 7.68 667.0
2457904.68449 17.269 0.011 4.81 305.0
2457904.81687 17.267 0.010 4.10 309.0
2457904.93415 17.318 0.015 6.00 461.0
2457905.65347 17.265 0.010 4.17 337.0
2457905.78311 17.275 0.010 3.95 345.0
2457905.89350 17.275 0.012 4.43 447.0
2457906.60152 17.281 0.013 5.85 419.0
2457906.71976 17.275 0.010 3.86 371.0
2457906.84262 17.242 0.011 4.47 462.0
2457906.94197 17.301 0.017 5.06 969.0
2457907.71439 17.287 0.013 5.02 619.0
2457908.56966 17.308 0.018 6.55 682.0
2457908.66586 17.290 0.012 4.79 482.0
2457908.79561 17.247 0.012 4.76 455.0
2457908.90460 17.295 0.014 5.39 536.0
2457909.59598 17.287 0.015 5.46 639.0
2457909.71637 17.268 0.011 4.34 471.0
2457909.82817 17.283 0.011 3.98 502.0
2457909.92513 17.264 0.014 4.95 704.0
2457910.61334 17.286 0.014 5.51 542.0
2457910.74485 17.271 0.011 4.33 434.0
2457910.86199 17.276 0.012 4.17 719.0
2457911.58637 17.291 0.020 7.05 769.0
2457911.68981 17.264 0.013 5.00 536.0
2457911.90566 17.319 0.020 7.21 631.0
2457916.63807 17.265 0.012 3.89 817.0
2457916.73794 17.261 0.013 4.38 660.0
2457917.56126 17.271 0.016 6.17 600.0
2457917.67368 17.275 0.014 5.50 470.0
2457917.78783 17.264 0.012 4.37 515.0
2457917.89546 17.292 0.016 5.08 779.0
2457918.67296 17.294 0.014 4.69 829.0
2457922.64969 17.262 0.012 5.46 367.0
2457923.54241 17.293 0.015 6.28 485.0
2457923.64907 17.276 0.013 5.71 360.0
2457923.78817 17.294 0.014 5.49 409.0
2457923.89459 17.312 0.016 6.37 500.0
2457924.57165 17.291 0.012 4.80 394.0
2457924.68664 17.300 0.011 4.25 345.0
2457924.80602 17.286 0.011 3.90 389.0
2457925.59559 17.260 0.012 5.87 343.0
2457925.72175 17.261 0.011 5.30 319.0
2457925.84668 17.275 0.012 5.45 392.0
2457926.61494 17.278 0.014 6.96 378.0
2457926.76113 17.257 0.013 5.67 359.0
2457928.60925 17.259 0.012 5.61 386.0
2457932.63920 17.299 0.016 6.95 360.0
2457932.77295 17.295 0.013 5.90 324.0
2457933.62993 17.263 0.013 6.25 306.0
2457933.76200 17.292 0.013 6.33 286.0
2457934.56489 17.274 0.011 5.02 368.0
2457934.70172 17.288 0.010 4.40 315.0
2457934.79541 17.259 0.013 5.72 349.0
2457935.53517 17.282 0.012 5.62 400.0
2457935.66499 17.290 0.011 4.84 322.0
2457935.77623 17.273 0.010 3.94 288.0
2457935.87676 17.282 0.012 5.26 358.0
2457936.52744 17.274 0.013 6.04 406.0
2457936.65243 17.246 0.012 5.44 307.0
2457936.78294 17.258 0.012 5.67 279.0
2457936.87614 17.281 0.015 6.77 357.0
2457937.57963 17.274 0.013 5.34 411.0
2457937.70102 17.259 0.011 4.63 348.0
2457937.82139 17.272 0.015 6.83 349.0
2457938.60351 17.272 0.015 6.59 422.0
2457944.48397 17.270 0.016 5.83 790.0
2457944.53462 17.277 0.015 4.99 736.0
2457944.57638 17.256 0.013 4.59 667.0
2457944.62656 17.289 0.014 4.86 633.0
2457944.67640 17.274 0.014 5.04 575.0
2457944.74527 17.276 0.015 4.99 624.0
2457944.78671 17.286 0.017 5.72 722.0
2457944.82991 17.248 0.019 6.43 1008.0
2457945.50034 17.260 0.014 5.38 613.0
2457945.61089 17.252 0.011 4.02 460.0
2457945.72325 17.257 0.011 4.19 454.0
2457945.83259 17.282 0.015 5.50 668.0
2457946.55460 17.266 0.013 5.19 470.0
2457946.68401 17.278 0.012 4.51 396.0
2457946.79648 17.301 0.015 6.04 418.0
2457947.53722 17.270 0.013 6.49 313.0
2457947.65287 17.270 0.013 5.97 345.0
2457947.80007 17.340 0.023 8.92 460.0
2457948.54925 17.246 0.011 5.19 328.0
2457948.67450 17.296 0.012 4.44 623.0
2457948.80693 17.276 0.013 5.58 479.0
2457949.59566 17.317 0.014 5.20 507.0
2457949.72917 17.334 0.019 6.86 624.0
2457952.74294 17.280 0.012 5.59 295.0
2457953.50804 17.265 0.011 4.99 375.0
2457953.64856 17.267 0.012 5.76 290.0
2457953.76788 17.285 0.012 5.82 324.0
2457954.52481 17.257 0.011 4.70 470.0
2457954.67137 17.260 0.009 3.82 271.0
2457955.72078 17.258 0.010 3.98 356.0
2457956.51084 17.262 0.012 4.98 419.0
2457956.65352 17.270 0.010 4.34 291.0
2457956.76926 17.279 0.012 5.41 349.0
2457957.69489 17.276 0.013 5.90 337.0
2457958.60716 17.268 0.014 6.35 343.0
2457958.70126 17.249 0.012 5.79 327.0
2457958.80609 17.313 0.015 6.86 379.0
2457959.56563 17.272 0.010 4.54 322.0
2457959.68246 17.268 0.010 4.42 281.0
2457960.55203 17.287 0.010 4.69 290.0
2457960.68747 17.276 0.011 5.54 281.0
2457960.79450 17.277 0.013 6.16 324.0
2457961.62615 17.263 0.011 5.23 354.0
2457961.75013 17.292 0.013 6.54 432.0
2457962.56099 17.273 0.010 4.06 343.0
2457964.52825 17.299 0.013 5.61 531.0
2457964.62821 17.265 0.012 5.09 352.0
2457964.78636 17.276 0.014 6.03 500.0
2457965.69783 17.256 0.012 4.62 503.0
2457966.57165 17.305 0.013 5.81 354.0
2457966.68194 17.269 0.013 5.94 324.0
2457967.61324 17.307 0.015 5.96 415.0
2457967.70301 17.299 0.018 7.37 430.0
2457971.47485 17.324 0.022 6.73 857.0
2457971.52758 17.277 0.015 5.33 708.0
2457971.56930 17.257 0.015 4.90 705.0
2457971.61606 17.291 0.016 4.96 823.0
2457971.65640 17.268 0.013 4.19 646.0
2457971.70691 17.306 0.030 6.28 2308.0
2457972.47547 17.319 0.022 6.85 797.0
2457972.57831 17.281 0.017 5.91 625.0
2457972.63222 17.250 0.015 5.35 623.0
2457972.68008 17.242 0.017 5.68 662.0
2457972.73594 17.268 0.021 6.67 817.0
2457973.57694 17.289 0.015 5.69 582.0
2457973.70903 17.284 0.019 6.68 727.0
2457974.56455 17.293 0.014 5.57 468.0
2457974.68032 17.277 0.016 6.20 503.0
2457975.62854 17.309 0.016 5.98 544.0
2457979.56081 17.266 0.010 4.37 351.0
2457980.47841 17.287 0.017 6.44 530.0
2457981.51973 17.261 0.013 5.57 432.0
2457981.66463 17.277 0.014 5.42 437.0
2457982.57409 17.293 0.012 4.61 342.0
2457983.50076 17.317 0.015 6.70 375.0
2457983.61203 17.290 0.011 4.70 341.0
2457984.52507 17.262 0.013 5.80 341.0
2457985.57512 17.288 0.014 6.10 375.0
2457986.53686 17.264 0.010 4.33 344.0
2457986.66534 17.269 0.011 4.87 329.0
2457987.59598 17.268 0.011 4.27 384.0
2457990.51104 17.265 0.013 5.84 382.0
2457990.64181 17.300 0.016 7.20 364.0
2457992.49590 17.271 0.011 4.67 391.0
2457993.54589 17.273 0.012 4.66 399.0
2457994.58905 17.255 0.012 5.43 419.0
2457998.49506 17.298 0.013 4.55 594.0
2457998.53578 17.254 0.017 4.56 1341.0
2457998.62816 17.286 0.023 5.17 1999.0
2458000.50909 17.274 0.016 6.21 519.0
2458000.60899 17.285 0.018 6.85 628.0
2458001.51358 17.261 0.012 4.56 496.0
2458002.63551 17.268 0.021 5.83 1330.0
2458004.49737 17.276 0.014 5.95 425.0
2458005.48050 17.318 0.021 7.71 579.0
2458007.59358 17.274 0.015 6.51 396.0
2458010.50607 17.270 0.016 6.29 459.0
2458011.57253 17.244 0.017 7.38 410.0
2458012.57329 17.264 0.012 4.64 472.0
2458013.57757 17.260 0.012 5.12 425.0
2458014.58663 17.288 0.013 5.40 417.0
2458016.48291 17.284 0.018 6.61 581.0
2458017.49838 17.294 0.013 5.24 422.0
2458018.53427 17.282 0.013 5.44 392.0
2458019.56122 17.299 0.012 4.95 365.0
2458021.50572 17.297 0.015 5.53 512.0
2458026.54015 17.269 0.015 4.23 1049.0
2458032.56506 17.269 0.017 5.95 707.0
2458036.52472 17.301 0.017 6.94 454.0
2458037.56683 17.223 0.017 6.81 526.0
2458040.53232 17.295 0.017 6.01 567.0
2458046.52696 17.290 0.021 7.29 700.0
2458053.53072 17.236 0.020 5.04 1278.0
2458057.51196 17.289 0.020 6.57 692.0
2458156.87503 17.257 0.013 4.68 637.0
2458161.87877 17.283 0.014 5.86 514.0
2458162.87940 17.267 0.010 4.12 443.0
2458164.86425 17.284 0.013 5.81 430.0
2458165.85151 17.252 0.011 5.00 459.0
2458166.84294 17.282 0.016 7.35 422.0
2458166.88354 17.268 0.014 6.11 434.0
2458167.86853 17.268 0.011 4.74 395.0
2458168.83988 17.263 0.012 5.24 401.0
2458168.88897 17.292 0.013 5.55 411.0
2458169.86341 17.314 0.013 5.47 408.0
2458170.84642 17.272 0.010 4.01 409.0
2458170.88545 17.276 0.011 3.99 406.0
2458171.85555 17.270 0.011 4.24 414.0
2458171.89458 17.274 0.013 3.91 761.0
2458172.86600 17.269 0.012 5.07 432.0
2458173.82549 17.255 0.012 5.12 540.0
2458173.87553 17.270 0.011 4.24 468.0
2458174.83820 17.273 0.012 4.47 544.0
2458174.88641 17.271 0.010 3.68 450.0
2458175.83634 17.295 0.011 4.42 411.0
2458175.88525 17.294 0.012 4.92 405.0
2458176.82987 17.278 0.012 4.72 464.0
2458176.87889 17.255 0.011 4.45 421.0
2458181.81898 17.294 0.014 5.12 684.0
2458181.87378 17.279 0.013 4.43 583.0
2458182.85048 17.285 0.012 4.61 541.0
2458183.85590 17.270 0.014 5.67 522.0
2458184.84633 17.268 0.013 4.54 597.0
2458184.89665 17.290 0.014 4.93 556.0
2458185.85410 17.274 0.014 5.47 641.0
2458185.90614 17.285 0.016 4.91 990.0
2458189.86876 17.257 0.011 4.47 386.0
2458190.84152 17.285 0.010 4.34 306.0
2458191.82890 17.291 0.014 6.46 385.0
2458192.81782 17.266 0.012 5.34 412.0
2458193.80416 17.277 0.011 5.22 324.0
2458193.91461 17.235 0.019 5.04 1508.0
2458194.88518 17.283 0.010 4.12 312.0
2458195.85011 17.268 0.011 5.07 341.0
2458196.81825 17.273 0.010 4.33 330.0
2458197.77224 17.299 0.014 6.41 385.0
2458197.88831 17.269 0.009 3.52 336.0
2458198.83528 17.276 0.011 4.87 347.0
2458199.78103 17.268 0.011 4.65 336.0
2458200.77051 17.267 0.012 5.63 419.0
2458200.88723 17.275 0.011 4.08 388.0
2458201.81221 17.309 0.014 6.20 341.0
2458202.74894 17.275 0.014 6.19 465.0
2458202.86434 17.271 0.010 4.04 359.0
2458203.79741 17.278 0.010 4.10 330.0
2458203.91403 17.263 0.010 3.51 521.0
2458204.83608 17.254 0.011 4.79 345.0
2458205.77650 17.276 0.014 6.25 454.0
2458205.90452 17.269 0.011 4.67 331.0
2458206.81729 17.279 0.010 3.59 433.0
2458207.73717 17.275 0.016 6.26 683.0
2458207.84404 17.285 0.012 4.64 457.0
2458208.76403 17.279 0.013 4.24 732.0
2458208.87045 17.264 0.011 3.58 539.0
2458209.79161 17.277 0.012 4.15 580.0
2458209.89883 17.276 0.010 3.48 513.0
2458210.80455 17.270 0.012 4.41 543.0
2458210.91218 17.271 0.011 3.93 532.0
2458211.81840 17.275 0.013 4.82 539.0
2458212.71650 17.293 0.015 5.48 810.0
2458212.81101 17.284 0.011 3.67 606.0
2458212.91971 17.275 0.013 3.46 891.0
2458217.87802 17.266 0.012 5.09 383.0
2458220.77850 17.295 0.014 6.99 304.0
2458220.91301 17.269 0.010 4.33 351.0
2458221.80324 17.292 0.010 3.93 295.0
2458222.70295 17.256 0.011 5.47 377.0
2458222.82748 17.281 0.010 4.13 304.0
2458223.80758 17.290 0.012 5.22 329.0
2458224.69688 17.274 0.015 6.43 441.0
2458224.83128 17.286 0.011 4.37 383.0
2458225.81682 17.269 0.012 5.87 336.0
2458226.88777 17.277 0.013 5.68 325.0
2458227.77295 17.291 0.011 4.98 298.0
2458227.90330 17.297 0.011 4.33 334.0
2458228.81503 17.262 0.011 5.02 311.0
2458229.71303 17.271 0.011 5.35 346.0
2458229.84527 17.268 0.010 4.38 295.0
2458230.71529 17.268 0.012 5.64 349.0
2458230.84797 17.268 0.010 4.08 319.0
2458232.82982 17.261 0.010 3.72 339.0
2458233.74706 17.256 0.011 4.65 402.0
2458235.83267 17.279 0.009 3.17 437.0
2458236.80790 17.279 0.013 4.59 554.0
2458238.77556 17.279 0.012 3.78 675.0
2458238.90118 17.277 0.013 4.46 646.0
2458244.74967 17.262 0.013 5.38 449.0
2458244.87171 17.286 0.013 4.26 765.0
2458245.80375 17.301 0.019 7.37 506.0
2458245.93987 17.250 0.021 5.28 1736.0
2458246.77527 17.294 0.013 5.45 424.0
2458246.89799 17.257 0.015 6.04 543.0
2458247.69515 17.275 0.011 4.93 398.0
2458247.81661 17.276 0.011 4.38 442.0
2458247.93697 17.292 0.020 7.01 655.0
2458249.66260 17.258 0.015 6.68 428.0
2458249.77140 17.269 0.011 5.41 313.0
2458249.90214 17.280 0.013 4.95 478.0
2458250.71672 17.266 0.010 4.28 303.0
2458250.84644 17.278 0.010 4.11 324.0
2458251.64143 17.315 0.013 6.41 316.0
2458251.74943 17.290 0.016 7.54 342.0
2458251.88571 17.239 0.009 4.58 377.0
2458252.91137 17.302 0.013 5.28 445.0
2458253.69820 17.274 0.010 4.51 331.0
2458253.83883 17.284 0.011 4.33 358.0
2458254.70451 17.279 0.009 3.70 321.0
2458254.85420 17.275 0.010 3.58 368.0
2458255.64386 17.318 0.012 4.85 349.0
2458255.79175 17.278 0.010 3.84 345.0
2458255.92131 17.249 0.012 4.59 430.0
2458256.69985 17.288 0.014 6.40 329.0
2458256.82413 17.288 0.013 5.18 409.0
2458257.61891 17.287 0.015 6.60 449.0
2458257.76168 17.291 0.012 5.35 305.0
2458257.87651 17.259 0.011 4.86 400.0
2458258.74171 17.273 0.009 3.92 302.0
2458258.87700 17.289 0.010 4.11 342.0
2458259.70560 17.280 0.010 4.40 410.0
2458259.83531 17.291 0.011 4.23 432.0
2458260.61784 17.256 0.013 5.10 493.0
2458260.91667 17.274 0.011 4.13 564.0
2458261.74925 17.270 0.010 3.67 325.0
2458261.90348 17.289 0.011 3.68 405.0
2458262.72670 17.281 0.010 4.36 328.0
2458262.86297 17.284 0.011 4.55 302.0
2458263.64673 17.279 0.010 4.12 441.0
2458263.78119 17.261 0.010 4.03 350.0
2458263.91464 17.267 0.009 4.03 310.0
2458264.78720 17.288 0.012 4.67 492.0
2458264.90794 17.289 0.013 4.93 521.0
2458265.67816 17.307 0.014 5.28 548.0
2458265.80103 17.295 0.012 4.29 504.0
2458266.68154 17.293 0.018 6.68 643.0
2458271.82501 17.294 0.014 5.23 609.0
2458272.66435 17.289 0.011 4.01 451.0
2458272.78789 17.269 0.011 4.23 458.0
2458272.90403 17.268 0.012 4.49 517.0
2458273.63960 17.260 0.011 4.43 407.0
2458273.77758 17.277 0.011 4.73 352.0
2458273.87860 17.279 0.012 4.78 414.0
2458274.62085 17.276 0.011 5.47 335.0
2458274.73768 17.279 0.014 6.34 369.0
2458274.86491 17.304 0.014 5.47 509.0
2458275.61509 17.312 0.013 5.63 400.0
2458275.75546 17.269 0.012 5.40 382.0
2458275.87614 17.289 0.014 5.61 469.0
2458276.62125 17.288 0.013 6.04 378.0
2458276.74595 17.259 0.011 4.94 348.0
2458276.86187 17.306 0.017 6.53 447.0
2458277.67897 17.272 0.010 4.40 285.0
2458277.80063 17.286 0.011 4.36 345.0
2458277.91829 17.283 0.011 4.13 505.0
2458278.61358 17.261 0.010 4.54 357.0
2458278.84634 17.265 0.011 4.33 497.0
2458282.63153 17.266 0.009 4.13 294.0
2458282.77695 17.285 0.010 4.88 302.0
2458282.89684 17.264 0.011 4.59 410.0
2458283.59579 17.267 0.011 5.03 303.0
2458283.72733 17.279 0.012 5.96 292.0
2458283.84250 17.263 0.010 3.98 385.0
2458284.56481 17.274 0.012 5.10 383.0
2458284.68438 17.270 0.009 4.19 292.0
2458284.81034 17.252 0.009 3.96 307.0
2458284.92206 17.285 0.013 5.37 443.0
2458286.53307 17.269 0.011 5.40 336.0
2458286.64306 17.249 0.010 4.89 252.0
2458286.79453 17.280 0.011 5.01 286.0
2458286.91555 17.278 0.012 5.14 416.0
2458287.63760 17.283 0.010 4.11 280.0
2458287.78645 17.268 0.009 4.03 249.0
2458287.90383 17.285 0.010 3.88 377.0
2458288.61341 17.268 0.010 4.82 296.0
2458288.75960 17.282 0.011 4.58 295.0
2458288.88346 17.270 0.015 6.02 526.0
2458289.60428 17.287 0.010 4.19 344.0
2458289.75480 17.278 0.010 4.53 313.0
2458289.87488 17.267 0.012 5.01 402.0
2458290.60134 17.275 0.012 5.36 370.0
2458290.75033 17.261 0.010 4.47 315.0
2458290.87237 17.251 0.012 5.12 439.0
2458291.64451 17.285 0.012 4.51 437.0
2458291.79728 17.294 0.011 4.01 389.0
2458292.54664 17.265 0.013 5.01 526.0
2458292.65049 17.247 0.014 5.52 490.0
2458292.80444 17.271 0.012 5.05 412.0
2458293.54248 17.314 0.017 6.11 566.0
2458293.67631 17.288 0.012 4.61 436.0
2458293.83792 17.306 0.020 7.34 661.0
2458294.70640 17.308 0.023 7.41 907.0
2458294.84165 17.299 0.020 6.89 814.0
2458299.65507 17.271 0.019 5.11 1486.0
2458301.65140 17.302 0.018 7.48 478.0
2458301.77191 17.285 0.014 5.80 466.0
2458302.68199 17.330 0.021 7.54 788.0
2458304.57181 17.309 0.017 7.29 405.0
2458304.68730 17.278 0.015 6.92 447.0
2458305.57649 17.269 0.015 7.33 352.0
2458305.70222 17.263 0.012 5.70 312.0
2458305.83201 17.281 0.015 6.69 434.0
2458306.71438 17.275 0.015 6.99 387.0
2458306.81491 17.284 0.017 7.51 417.0
2458307.53317 17.272 0.011 4.78 438.0
2458307.66728 17.260 0.010 4.70 290.0
2458307.78780 17.289 0.012 4.66 374.0
2458308.50147 17.245 0.013 6.44 362.0
2458308.61125 17.269 0.010 4.72 274.0
2458308.74291 17.261 0.013 5.84 349.0
2458309.46640 17.297 0.015 5.70 606.0
2458309.59704 17.287 0.010 4.50 292.0
2458309.72104 17.270 0.009 3.71 298.0
2458309.82985 17.262 0.012 5.44 407.0
2458310.54850 17.259 0.012 5.89 327.0
2458310.62900 17.271 0.009 4.13 328.0
2458310.71553 17.288 0.010 4.55 346.0
2458310.82982 17.275 0.015 6.67 403.0
2458311.56624 17.298 0.013 5.99 308.0
2458311.69825 17.293 0.010 4.34 294.0
2458311.80740 17.278 0.012 4.62 431.0
2458312.53363 17.272 0.011 4.98 354.0
2458312.65955 17.269 0.010 4.30 283.0
2458312.79963 17.269 0.010 4.27 307.0
2458313.53482 17.275 0.010 4.59 341.0
2458313.64994 17.285 0.009 3.82 279.0
2458313.76778 17.281 0.011 4.34 372.0
2458314.50146 17.282 0.012 5.62 375.0
2458314.61409 17.280 0.011 5.00 317.0
2458314.74345 17.278 0.010 4.03 328.0
2458316.50152 17.290 0.014 5.86 374.0
2458316.61508 17.270 0.013 5.86 353.0
2458316.74423 17.292 0.016 6.67 395.0
2458320.55162 17.290 0.013 5.86 395.0
2458320.68444 17.258 0.010 4.57 305.0
2458320.79249 17.290 0.011 4.95 353.0
2458321.77399 17.298 0.022 7.22 998.0
2458328.55160 17.298 0.013 5.05 540.0
2458328.66460 17.276 0.021 7.20 841.0
2458328.77448 17.261 0.017 5.94 834.0
2458329.57368 17.278 0.013 5.22 516.0
2458329.68522 17.277 0.011 4.08 516.0
2458330.49532 17.312 0.012 4.95 527.0
2458331.47173 17.265 0.014 5.63 526.0
2458331.60255 17.269 0.011 5.18 353.0
2458332.47276 17.280 0.014 5.64 520.0
2458332.60478 17.285 0.014 6.72 382.0
2458332.76052 17.296 0.015 6.25 519.0
2458333.58359 17.256 0.010 4.75 338.0
2458334.49552 17.275 0.012 4.68 556.0
2458334.62842 17.272 0.010 4.39 379.0
2458335.57239 17.284 0.015 6.14 460.0
2458336.50740 17.278 0.012 5.32 365.0
2458336.64962 17.262 0.010 4.51 268.0
2458338.52424 17.287 0.014 6.28 396.0
2458338.64950 17.278 0.011 4.79 326.0
2458339.55498 17.270 0.009 3.40 307.0
2458339.74587 17.250 0.010 4.15 303.0
2458340.63098 17.277 0.010 3.96 328.0
2458341.52963 17.261 0.011 4.83 363.0
2458341.72289 17.264 0.010 4.18 269.0
2458342.58892 17.267 0.013 5.63 359.0
2458343.55648 17.290 0.012 5.46 294.0
2458344.58791 17.272 0.011 4.88 354.0
2458345.47503 17.289 0.014 5.71 474.0
2458345.61861 17.291 0.011 4.27 299.0
2458346.51974 17.301 0.011 4.55 300.0
2458346.72455 17.270 0.010 4.13 281.0
2458347.57177 17.280 0.011 4.82 286.0
2458348.47774 17.303 0.020 7.44 515.0
2458348.62793 17.297 0.014 4.67 581.0
2458349.59576 17.300 0.019 5.75 854.0
2458353.54833 17.271 0.014 5.04 563.0
2458355.47712 17.275 0.015 5.39 707.0
2458356.53976 17.287 0.014 5.24 559.0
2458357.49825 17.274 0.015 5.64 509.0
2458358.48703 17.267 0.014 5.80 447.0
2458358.64622 17.281 0.013 5.21 471.0
2458359.53610 17.275 0.012 5.07 396.0
2458359.69891 17.259 0.016 6.16 584.0
2458360.61064 17.268 0.017 6.80 471.0
2458361.64432 17.328 0.015 6.48 357.0
2458363.65249 17.256 0.011 5.86 288.0
2458364.57112 17.270 0.010 4.29 376.0
2458366.49990 17.257 0.010 4.66 305.0
2458367.50531 17.275 0.012 5.04 375.0
2458367.67614 17.259 0.009 4.12 345.0
2458368.64154 17.265 0.010 4.32 383.0
2458369.59533 17.282 0.010 3.90 334.0
2458370.53558 17.264 0.011 4.11 379.0
2458371.53049 17.287 0.010 3.98 328.0
2458372.50184 17.285 0.012 4.74 371.0
2458373.48240 17.314 0.016 6.13 459.0
2458375.50245 17.287 0.014 5.92 386.0
2458375.63419 17.269 0.014 6.58 381.0
2458376.58227 17.279 0.014 5.67 250.0
2458377.52029 17.265 0.015 5.96 704.0
2458377.61737 17.256 0.016 5.57 863.0
2458381.57080 17.261 0.013 3.89 1135.0
2458382.58433 17.272 0.012 3.31 663.0
2458383.51735 17.293 0.014 4.75 583.0
2458383.61112 17.280 0.016 5.34 706.0
2458384.56460 17.294 0.013 3.73 585.0
2458384.63077 17.302 0.014 4.45 682.0
2458386.51759 17.287 0.013 4.25 587.0
2458390.55498 17.306 0.013 5.84 413.0
2458392.59995 17.258 0.016 7.06 395.0
2458393.55130 17.267 0.014 5.96 371.0
2458397.54809 17.272 0.011 4.81 349.0
2458399.50781 17.288 0.015 6.26 380.0
2458401.57136 17.265 0.013 4.89 466.0
2458409.52552 17.273 0.018 6.82 651.0
2458410.56330 17.256 0.016 5.53 661.0
2458414.54397 17.242 0.017 5.58 728.0
2458416.54023 17.296 0.022 7.22 828.0
2458419.51492 17.229 0.013 4.89 548.0
2458528.89191 17.257 0.021 6.11 1291.0
2458531.87404 17.255 0.012 5.34 395.0
2458533.88594 17.294 0.013 5.11 643.0
2458535.86369 17.299 0.015 6.21 574.0
2458536.83981 17.283 0.013 4.88 594.0
2458536.89033 17.252 0.013 5.12 607.0
2458537.88600 17.269 0.014 6.36 465.0
2458539.84979 17.309 0.012 4.87 498.0
2458539.89000 17.266 0.012 5.22 457.0
2458540.87268 17.306 0.021 5.25 1507.0
2458544.87317 17.267 0.010 4.97 317.0
2458546.84089 17.237 0.010 4.81 343.0
2458546.89013 17.301 0.011 4.87 344.0
2458547.84299 17.272 0.011 5.45 342.0
2458547.89914 17.288 0.011 4.81 390.0
2458548.84775 17.275 0.009 3.56 395.0
2458549.80435 17.298 0.015 7.08 365.0
2458549.84153 17.280 0.011 5.15 335.0
2458549.89920 17.261 0.011 4.79 415.0
2458550.85432 17.266 0.010 4.53 342.0
2458550.90313 17.274 0.010 4.85 368.0
2458551.86454 17.258 0.013 6.23 327.0
2458552.84804 17.268 0.015 7.04 336.0
2458552.88555 17.279 0.013 6.59 316.0
2458553.81686 17.280 0.014 7.00 347.0
2458553.86333 17.277 0.014 6.48 351.0
2458554.79823 17.248 0.013 6.10 363.0
2458554.84033 17.273 0.012 5.31 368.0
2458554.88972 17.222 0.010 5.29 320.0
2458555.80118 17.273 0.011 5.18 397.0
2458555.85076 17.279 0.010 5.02 331.0
2458555.89850 17.271 0.009 4.08 337.0
2458556.82246 17.248 0.011 5.14 358.0
2458556.86246 17.271 0.010 4.94 343.0
2458557.78025 17.284 0.014 6.87 362.0
2458557.82957 17.271 0.010 4.69 330.0
2458557.87946 17.276 0.010 5.02 326.0
2458558.77821 17.253 0.011 5.31 366.0
2458558.83247 17.271 0.010 4.76 336.0
2458558.87202 17.273 0.011 5.30 328.0
2458559.77669 17.286 0.013 5.71 421.0
2458559.81615 17.271 0.010 4.42 348.0
2458559.86643 17.281 0.009 3.78 316.0
2458559.90645 17.280 0.011 4.79 363.0
2458560.82602 17.267 0.010 3.99 381.0
2458560.86573 17.281 0.009 3.86 336.0
2458561.78040 17.249 0.012 4.75 550.0
2458561.81970 17.286 0.011 4.31 478.0
2458561.87180 17.270 0.010 4.24 389.0
2458562.76817 17.282 0.016 6.05 669.0
2458562.81727 17.275 0.016 6.25 614.0
2458562.86471 17.252 0.013 4.97 545.0
2458562.91449 17.226 0.016 5.43 948.0
2458563.79625 17.284 0.014 5.53 683.0
2458563.85404 17.261 0.012 4.38 589.0
2458563.89387 17.299 0.014 4.71 725.0
2458564.80153 17.276 0.013 5.14 539.0
2458564.84341 17.297 0.011 4.09 506.0
2458564.89364 17.286 0.011 4.23 503.0
2458565.78559 17.289 0.013 4.84 611.0
2458565.85054 17.282 0.013 5.68 548.0
2458565.89502 17.258 0.011 4.57 502.0
2458566.81076 17.272 0.011 3.92 549.0
2458566.85069 17.296 0.011 3.72 518.0
2458566.90140 17.285 0.011 4.42 474.0
2458567.79040 17.225 0.011 4.49 599.0
2458567.82398 17.254 0.011 4.12 560.0
2458567.86482 17.260 0.012 4.44 568.0
2458567.91177 17.291 0.014 5.06 560.0
2458573.88676 17.292 0.014 6.27 360.0
2458574.73020 17.264 0.014 6.94 340.0
2458574.83785 17.270 0.014 7.14 310.0
2458574.88684 17.246 0.011 5.43 300.0
2458575.73200 17.272 0.012 5.87 334.0
2458575.78090 17.283 0.012 5.84 328.0
2458575.81983 17.260 0.012 6.03 332.0
2458575.86824 17.291 0.012 5.74 320.0
2458575.90814 17.289 0.012 5.64 344.0
2458576.79428 17.280 0.012 6.21 315.0
2458576.83309 17.298 0.012 6.35 332.0
2458576.88159 17.288 0.015 7.64 311.0
2458576.92474 17.280 0.027 6.67 1682.0
2458577.79967 17.290 0.014 6.29 397.0
2458577.84416 17.270 0.013 6.26 384.0
2458577.91623 17.311 0.016 6.96 489.0
2458578.73974 17.248 0.011 5.39 379.0
2458578.78823 17.252 0.010 4.17 347.0
2458578.82830 17.290 0.012 5.27 388.0
2458578.89560 17.282 0.011 5.39 337.0
2458579.71711 17.262 0.013 5.99 449.0
2458579.76625 17.270 0.012 5.44 446.0
2458579.80249 17.309 0.013 5.54 415.0
2458579.85989 17.258 0.012 5.54 439.0
2458579.90528 17.276 0.011 4.51 450.0
2458580.73850 17.270 0.013 6.00 391.0
2458580.77725 17.262 0.011 5.55 369.0
2458580.83392 17.289 0.012 6.05 363.0
2458580.87004 17.267 0.011 4.40 371.0
2458581.71675 17.274 0.011 5.15 392.0
2458581.78656 17.273 0.010 4.64 338.0
2458581.91453 17.280 0.012 4.27 484.0
2458582.74215 17.273 0.013 6.22 329.0
2458582.86271 17.274 0.012 5.47 375.0
2458583.71900 17.236 0.012 6.02 380.0
2458583.80341 17.277 0.010 4.95 336.0
2458584.69831 17.255 0.012 5.68 409.0
2458584.76613 17.265 0.010 4.62 314.0
2458584.91760 17.271 0.009 3.72 339.0
2458585.73766 17.269 0.012 6.16 353.0
2458585.84746 17.262 0.009 3.91 323.0
2458586.70511 17.306 0.012 5.92 352.0
2458586.78321 17.296 0.010 4.37 298.0
2458586.91170 17.271 0.010 4.41 311.0
2458587.71989 17.277 0.012 5.40 425.0
2458587.82544 17.279 0.011 5.32 354.0
2458588.70610 17.237 0.013 6.26 448.0
2458588.78598 17.278 0.009 3.86 323.0
2458588.91817 17.267 0.010 4.22 372.0
2458589.73444 17.250 0.012 4.48 534.0
2458589.84978 17.260 0.011 4.40 352.0
2458590.70459 17.270 0.012 4.70 614.0
2458590.77682 17.271 0.010 4.08 492.0
2458590.90655 17.292 0.011 4.06 401.0
2458591.72866 17.255 0.012 4.72 623.0
2458591.84374 17.279 0.010 3.69 515.0
2458592.79659 17.268 0.016 5.85 666.0
2458592.88078 17.274 0.014 4.79 713.0
2458593.75369 17.257 0.018 5.31 1507.0
2458593.89843 17.256 0.013 4.56 736.0
2458594.70426 17.274 0.015 5.23 758.0
2458594.79627 17.271 0.012 5.02 559.0
2458594.91558 17.267 0.012 3.97 693.0
2458595.72100 17.249 0.018 6.65 750.0
2458599.70488 17.279 0.016 7.11 518.0
2458599.76152 17.283 0.013 6.07 496.0
2458599.81617 17.274 0.010 4.75 374.0
2458599.89677 17.271 0.010 4.55 399.0
2458600.66410 17.325 0.017 7.71 379.0
2458600.73243 17.281 0.010 4.56 367.0
2458600.89121 17.293 0.010 3.98 423.0
2458601.69352 17.287 0.010 4.65 346.0
2458601.84729 17.290 0.010 4.02 380.0
2458602.69202 17.263 0.009 4.29 315.0
2458602.80590 17.282 0.010 4.14 340.0
2458603.66367 17.293 0.011 5.80 353.0
2458603.75791 17.266 0.009 3.85 297.0
2458603.90969 17.290 0.011 4.10 408.0
2458604.76474 17.268 0.011 4.97 327.0
2458604.91285 17.300 0.013 5.73 371.0
2458605.70683 17.287 0.012 5.70 350.0
2458605.87286 17.263 0.011 4.72 368.0
2458606.68511 17.256 0.010 4.35 343.0
2458606.80253 17.278 0.009 3.51 326.0
2458607.66057 17.277 0.012 5.98 376.0
2458607.73118 17.262 0.010 4.78 316.0
2458607.87231 17.246 0.011 4.71 396.0
2458608.66765 17.271 0.013 5.20 544.0
2458608.85026 17.272 0.010 3.89 392.0
2458612.73254 17.253 0.012 5.93 290.0
2458612.80949 17.269 0.014 6.50 350.0
2458613.63440 17.272 0.016 7.04 446.0
2458613.70660 17.235 0.012 5.42 342.0
2458613.85912 17.285 0.010 3.89 412.0
2458614.65596 17.274 0.014 5.66 459.0
2458614.74238 17.279 0.014 6.02 403.0
2458614.90027 17.254 0.013 5.22 507.0
2458615.70904 17.267 0.013 5.92 397.0
2458615.85720 17.252 0.010 4.21 327.0
2458616.65156 17.230 0.010 4.42 428.0
2458616.77054 17.272 0.009 3.47 360.0
2458616.91918 17.272 0.011 3.65 491.0
2458617.67881 17.251 0.011 4.60 431.0
2458617.82044 17.261 0.010 3.83 373.0
2458618.64168 17.258 0.012 5.54 495.0
2458618.75400 17.249 0.011 4.80 462.0
2458618.90557 17.279 0.014 5.67 565.0
2458619.66860 17.296 0.013 5.67 473.0
2458619.80437 17.230 0.013 4.81 655.0
2458620.64131 17.234 0.015 6.34 549.0
2458620.74250 17.270 0.011 4.26 458.0
2458620.91436 17.265 0.012 5.04 465.0
2458621.76687 17.205 0.016 5.73 705.0
2458621.89764 17.290 0.015 4.84 786.0
2458626.63284 17.330 0.017 6.33 599.0
2458626.68232 17.248 0.017 6.88 560.0
2458626.73274 17.272 0.015 6.11 525.0
2458626.79312 17.284 0.012 4.45 559.0
2458626.84789 17.263 0.014 5.50 598.0
2458626.89807 17.241 0.012 4.44 647.0
2458627.60693 17.228 0.011 5.20 545.0
2458627.68671 17.257 0.010 4.57 342.0
2458627.75963 17.239 0.011 4.33 522.0
2458635.66824 17.277 0.010 4.67 303.0
2458635.78719 17.233 0.011 5.14 341.0
2458635.92008 17.297 0.015 6.55 453.0
2458636.60749 17.288 0.012 5.58 358.0
2458636.74189 17.238 0.010 4.40 297.0
2458636.87703 17.266 0.010 4.05 372.0
2458637.59172 17.275 0.011 5.20 359.0
2458637.70047 17.281 0.010 4.32 313.0
2458637.83990 17.266 0.010 4.11 400.0
2458638.64526 17.297 0.010 4.96 316.0
2458638.81069 17.271 0.009 4.11 322.0
2458639.65781 17.289 0.009 4.03 394.0
2458639.80290 17.277 0.009 4.26 404.0
2458640.59092 17.282 0.012 6.07 389.0
2458640.70580 17.266 0.010 4.05 337.0
2458640.85008 17.296 0.013 5.65 385.0
2458641.61412 17.240 0.011 5.22 428.0
2458642.56797 17.256 0.016 7.01 556.0
2458642.78779 17.268 0.011 4.26 488.0
2458642.89983 17.253 0.013 4.52 536.0
2458643.58929 17.268 0.010 4.69 379.0
2458643.70747 17.263 0.010 4.00 348.0
2458643.83220 17.260 0.010 4.21 345.0
2458644.54845 17.276 0.016 6.72 503.0
2458644.61612 17.251 0.012 5.63 368.0
2458644.74827 17.267 0.010 4.44 359.0
2458644.85969 17.270 0.010 4.11 398.0
2458645.64208 17.273 0.011 4.82 396.0
2458646.59561 17.293 0.015 6.48 448.0
2458646.66920 17.260 0.011 5.35 354.0
2458646.77752 17.278 0.011 4.73 339.0
2458646.88381 17.277 0.017 7.20 486.0
2458647.63104 17.271 0.013 5.57 460.0
2458647.74609 17.266 0.012 5.09 438.0
2458647.84982 17.255 0.014 6.46 416.0
2458648.63588 17.294 0.014 5.82 523.0
2458648.75367 17.280 0.014 5.64 529.0
2458648.86665 17.267 0.013 5.50 506.0
2458649.60414 17.294 0.017 6.05 708.0
2458649.70456 17.273 0.018 6.60 600.0
2458655.61841 17.265 0.011 4.27 618.0
2458655.75169 17.275 0.016 5.55 838.0
2458656.62922 17.254 0.010 4.85 453.0
2458656.71562 17.295 0.013 5.92 412.0
2458656.85190 17.263 0.015 6.28 491.0
2458657.55826 17.280 0.011 4.95 369.0
2458657.66930 17.281 0.010 4.18 338.0
2458657.79098 17.250 0.009 4.31 315.0
2458657.89327 17.287 0.011 4.61 437.0
2458658.67026 17.292 0.009 4.31 368.0
2458660.56331 17.270 0.011 5.40 316.0
2458660.71331 17.295 0.011 4.88 287.0
2458660.85072 17.263 0.012 5.06 470.0
2458661.55509 17.273 0.012 5.79 355.0
2458662.55665 17.258 0.016 7.40 406.0
2458662.63539 17.268 0.011 5.51 320.0
2458664.52092 17.272 0.012 5.91 348.0
2458664.61375 17.260 0.010 4.89 240.0
2458664.74644 17.272 0.009 4.32 331.0
2458665.57237 17.269 0.012 6.13 420.0
2458666.52440 17.324 0.016 6.55 503.0
2458666.64407 17.266 0.011 5.50 317.0
2458666.80882 17.296 0.014 6.81 302.0
2458667.54821 17.315 0.016 6.61 485.0
2458667.67509 17.272 0.012 5.42 340.0
2458667.80389 17.274 0.010 4.80 329.0
2458668.52908 17.273 0.015 7.28 350.0
2458668.67352 17.272 0.010 5.14 267.0
2458668.80256 17.264 0.009 4.27 279.0
2458669.51292 17.297 0.016 7.18 450.0
2458669.62106 17.285 0.011 4.82 382.0
2458669.77199 17.274 0.010 4.21 326.0
2458670.48830 17.263 0.013 6.70 443.0
2458670.57150 17.260 0.009 4.12 341.0
2458670.72198 17.267 0.009 4.06 255.0
2458671.66175 17.255 0.014 7.31 291.0
2458673.58856 17.268 0.011 4.85 411.0
2458673.71779 17.277 0.010 4.36 308.0
2458674.56955 17.304 0.013 6.12 337.0
2458674.64170 17.276 0.011 5.45 301.0
2458674.77679 17.278 0.013 5.98 377.0
2458675.61789 17.285 0.012 4.57 603.0
2458675.82148 17.241 0.011 5.12 373.0
2458676.48553 17.287 0.016 6.03 652.0
2458676.56290 17.263 0.012 4.64 502.0
2458676.73606 17.241 0.011 4.63 476.0
2458676.81230 17.287 0.013 5.35 562.0
2458677.61599 17.276 0.013 4.66 571.0
2458681.49098 17.271 0.020 6.57 1047.0
2458681.56760 17.271 0.018 5.64 917.0
2458681.64906 17.285 0.016 5.14 830.0
2458682.48547 17.292 0.016 5.85 749.0
2458682.56220 17.286 0.014 5.23 608.0
2458682.77549 17.271 0.013 4.82 640.0
2458683.48654 17.252 0.014 6.56 412.0
2458683.57121 17.273 0.014 5.98 483.0
2458683.74677 17.277 0.013 5.28 478.0
2458684.49302 17.268 0.014 6.15 413.0
2458684.57290 17.270 0.014 5.52 637.0
2458684.72851 17.272 0.011 4.73 392.0
2458685.49757 17.281 0.014 6.42 396.0
2458685.64238 17.279 0.011 4.85 420.0
2458688.55082 17.313 0.016 7.37 352.0
2458688.64723 17.283 0.011 5.59 266.0
2458689.49811 17.273 0.015 6.74 390.0
2458689.58379 17.245 0.012 5.91 314.0
2458689.69536 17.260 0.011 5.78 274.0
2458690.48665 17.288 0.014 5.76 411.0
2458690.58072 17.295 0.012 5.67 344.0
2458690.72192 17.274 0.010 4.39 295.0
2458691.48450 17.249 0.010 4.05 408.0
2458691.56062 17.259 0.009 4.27 271.0
2458691.74826 17.238 0.011 5.10 360.0
2458692.48667 17.270 0.013 5.47 455.0
2458692.57399 17.289 0.011 5.27 446.0
2458692.68705 17.262 0.010 4.49 349.0
2458693.48591 17.290 0.015 7.18 360.0
2458693.62062 17.330 0.013 6.49 294.0
2458693.76851 17.263 0.014 6.34 374.0
2458694.48933 17.282 0.011 4.94 368.0
2458694.56833 17.256 0.010 4.53 331.0
2458694.64784 17.263 0.010 4.62 279.0
2458695.48920 17.264 0.010 4.87 368.0
2458695.72496 17.256 0.009 3.97 300.0
2458695.77808 17.264 0.010 4.71 351.0
2458697.55767 17.281 0.015 7.12 329.0
2458698.48878 17.303 0.011 5.26 308.0
2458698.71882 17.269 0.010 3.87 295.0
2458698.76490 17.277 0.010 3.96 326.0
2458699.49172 17.274 0.012 5.34 374.0
2458699.71825 17.276 0.010 4.14 321.0
2458699.76426 17.268 0.011 4.98 336.0
2458700.49130 17.281 0.010 4.22 350.0
2458700.72858 17.265 0.011 4.77 352.0
2458700.76548 17.270 0.011 4.68 406.0
2458701.49143 17.274 0.012 5.67 374.0
2458701.64806 17.274 0.011 4.65 351.0
2458702.49166 17.266 0.012 5.57 356.0
2458702.60508 17.259 0.011 5.55 302.0
2458702.75855 17.275 0.011 4.83 336.0
2458703.49185 17.260 0.014 5.90 436.0
2458704.54881 17.284 0.015 6.25 542.0
2458704.68079 17.259 0.015 5.87 510.0
2458708.59851 17.269 0.011 3.96 592.0
2458709.55161 17.237 0.015 4.02 1996.0
2458710.49222 17.285 0.013 4.77 627.0
2458711.49034 17.258 0.018 5.28 1305.0
2458711.60313 17.244 0.016 5.25 940.0
2458711.72994 17.291 0.023 6.78 1120.0
2458712.50702 17.299 0.016 6.49 488.0
2458712.62484 17.265 0.015 6.53 435.0
2458713.49149 17.288 0.013 5.90 350.0
2458713.61788 17.274 0.013 5.40 409.0
2458713.73305 17.281 0.014 5.96 486.0
2458714.49373 17.273 0.015 6.64 353.0
2458714.64450 17.254 0.011 5.10 615.0
2458715.50942 17.278 0.013 6.30 332.0
2458715.64896 17.287 0.010 4.09 318.0
2458716.50721 17.276 0.010 4.18 309.0
2458717.49260 17.305 0.014 6.67 333.0
2458717.62948 17.311 0.013 6.35 315.0
2458718.50804 17.308 0.010 4.01 334.0
2458718.64420 17.271 0.010 4.37 316.0
2458719.48981 17.282 0.016 7.21 358.0
2458719.58092 17.303 0.011 4.99 343.0
2458719.69051 17.247 0.012 6.83 370.0
2458721.49983 17.298 0.012 5.84 313.0
2458721.68698 17.268 0.011 5.10 333.0
2458722.49460 17.273 0.010 4.65 354.0
2458722.69585 17.261 0.012 5.92 304.0
2458723.60012 17.266 0.011 4.93 390.0
2458723.64030 17.285 0.011 4.93 375.0
2458724.50404 17.256 0.010 4.78 330.0
2458724.64122 17.292 0.009 4.11 309.0
2458725.50823 17.298 0.012 5.22 403.0
2458725.59374 17.274 0.011 5.41 304.0
2458726.58212 17.255 0.011 5.31 292.0
2458726.63515 17.265 0.010 4.48 261.0
2458727.53229 17.264 0.013 6.11 350.0
2458727.61704 17.242 0.013 5.80 391.0
2458728.59719 17.275 0.011 4.75 344.0
2458728.63684 17.274 0.011 4.52 332.0
2458729.49795 17.265 0.012 5.87 324.0
2458729.63527 17.273 0.011 4.91 338.0
2458730.58233 17.285 0.012 5.95 320.0
2458730.62251 17.272 0.011 5.52 315.0
2458731.53378 17.305 0.016 7.41 338.0
2458731.60011 17.262 0.015 7.00 363.0
2458736.60909 17.239 0.017 6.80 584.0
2458737.62058 17.230 0.018 7.08 612.0
2458738.58958 17.286 0.016 5.99 613.0
2458739.50424 17.277 0.015 6.43 497.0
2458740.54755 17.301 0.016 6.50 517.0
2458741.60148 17.292 0.014 5.58 490.0
2458742.60037 17.260 0.013 4.74 501.0
2458746.58715 17.289 0.015 7.45 340.0
2458747.54428 17.277 0.013 6.68 302.0
2458748.58721 17.237 0.014 6.02 403.0
2458750.58580 17.244 0.011 5.20 365.0
2458752.58751 17.265 0.013 6.14 373.0
2458753.60290 17.278 0.014 6.01 389.0
2458754.58617 17.271 0.013 5.81 420.0
2458755.58899 17.223 0.010 4.09 372.0
2458757.57662 17.262 0.013 6.19 347.0
2458759.60098 17.234 0.017 7.63 443.0
2458763.56184 17.280 0.014 4.92 604.0
2458766.58460 17.272 0.020 7.07 821.0
2458768.57581 17.317 0.021 6.85 666.0
2458782.55035 17.243 0.013 4.78 541.0
2458783.51835 17.265 0.012 4.70 453.0
2458783.55350 17.278 0.014 5.88 448.0
2458899.89021 17.272 0.013 5.60 545.0
2458901.83716 17.260 0.011 5.59 342.0
2458902.83273 17.294 0.011 5.48 349.0
2458903.83409 17.238 0.013 6.36 418.0
2458903.89801 17.284 0.014 4.97 788.0
2458904.88863 17.269 0.010 5.22 310.0
2458905.88086 17.261 0.011 5.35 316.0
2458906.89511 17.278 0.014 5.26 545.0
2458907.89142 17.299 0.010 4.24 396.0
2458908.88573 17.269 0.012 5.88 361.0
2458909.85342 17.271 0.009 4.70 297.0
2458909.88836 17.270 0.010 4.87 322.0
2458910.87430 17.313 0.016 7.31 389.0
2458911.82280 17.240 0.011 5.50 355.0
2458911.86510 17.267 0.012 6.10 334.0
2458911.89960 17.256 0.017 5.80 866.0
2458912.83742 17.260 0.010 5.02 351.0
2458912.87198 17.261 0.011 5.37 320.0
2458913.80822 17.291 0.016 7.64 398.0
2458913.84297 17.245 0.012 6.09 339.0
2458913.88544 17.269 0.013 6.69 332.0
2458914.84991 17.268 0.012 5.66 358.0
2458914.89205 17.282 0.011 5.50 365.0
2458915.83005 17.265 0.012 5.96 404.0
2458915.87287 17.272 0.010 5.07 308.0
2458915.90736 17.254 0.016 5.32 1103.0
2458916.83239 17.293 0.012 5.27 524.0
2458916.86798 17.281 0.011 4.47 443.0
2458917.80155 17.216 0.013 5.30 789.0
2458917.83600 17.327 0.014 4.82 661.0
2458917.88167 17.266 0.012 4.44 634.0
2458918.81226 17.257 0.013 5.21 729.0
2458918.85484 17.237 0.012 4.65 780.0
2458918.89004 17.278 0.012 5.03 515.0
2458919.80482 17.243 0.017 7.10 671.0
2458919.83930 17.287 0.012 5.06 570.0
2458919.88236 17.286 0.011 4.77 485.0
2458920.79551 17.240 0.015 5.98 660.0
2458920.83861 17.260 0.012 5.02 557.0
2458920.87774 17.270 0.011 4.37 499.0
2458921.78403 17.265 0.014 5.75 654.0
2458921.81908 17.305 0.012 5.04 559.0
2458921.86370 17.274 0.011 4.49 517.0
2458921.89993 17.256 0.011 4.17 560.0
2458923.78362 17.238 0.020 5.21 1933.0
2458923.80917 17.222 0.021 5.28 2071.0
2458923.82751 17.224 0.020 5.05 2129.0
2458923.83820 17.331 0.022 4.78 2183.0
2458923.85940 17.297 0.020 4.35 2347.0
2459795.59451 17.246 0.011 5.81 304.0
2459795.63275 17.255 0.010 4.98 293.0
2459795.67749 17.303 0.013 6.72 327.0
2459795.71434 17.260 0.014 6.69 363.0
2459795.75602 17.238 0.016 7.42 452.0
2459796.53359 17.245 0.013 6.56 364.0
2459796.70134 17.268 0.011 5.99 314.0
2459796.73743 17.250 0.011 5.95 318.0
2459797.61248 17.277 0.014 6.09 413.0
2459797.65609 17.265 0.014 6.09 378.0
2459797.70463 17.264 0.012 5.21 455.0
2459797.75527 17.221 0.012 5.53 377.0
2459798.50892 17.232 0.021 7.92 696.0
2459798.70312 17.307 0.022 7.61 847.0
2459798.73696 17.258 0.023 7.85 855.0
2459804.51775 17.278 0.012 4.74 577.0
2459804.55453 17.262 0.012 5.32 517.0
2459804.63448 17.289 0.015 6.12 579.0
2459804.68185 17.237 0.015 5.97 756.0
2459804.71705 17.225 0.022 8.36 717.0
2459805.54192 17.253 0.014 5.43 620.0
2459805.57872 17.259 0.012 4.84 514.0
2459805.62163 17.277 0.012 4.99 474.0
2459806.59615 17.241 0.015 6.63 529.0
2459806.63952 17.277 0.015 6.61 422.0
2459806.68509 17.239 0.014 5.77 468.0
2459807.51272 17.288 0.012 5.98 335.0
2459807.55743 17.285 0.011 5.36 324.0
2459807.62549 17.247 0.012 5.71 355.0
2459807.68266 17.269 0.011 5.28 373.0
2459807.72577 17.258 0.013 5.84 413.0
2459808.48899 17.260 0.015 6.82 355.0
2459808.54280 17.236 0.012 5.94 314.0
2459808.63651 17.297 0.013 5.99 289.0
2459808.68154 17.227 0.013 6.02 375.0
2459808.71977 17.298 0.012 5.00 387.0
2459810.48878 17.284 0.010 4.84 314.0
2459810.68254 17.247 0.010 4.99 299.0
2459811.49561 17.254 0.013 6.43 315.0
2459811.53212 17.307 0.012 5.99 288.0
2459811.68087 17.256 0.010 4.24 306.0
2459811.71906 17.253 0.010 3.98 333.0
2459812.50244 17.268 0.012 6.18 313.0
2459812.54588 17.271 0.014 6.92 296.0
2459812.70389 17.285 0.010 4.58 304.0
2459813.49351 17.252 0.015 7.34 350.0
2459813.67456 17.228 0.012 6.16 304.0
2459813.71129 17.298 0.011 5.45 301.0
2459814.50364 17.279 0.011 5.42 332.0
2459814.55938 17.267 0.011 5.58 303.0
2459814.69525 17.227 0.014 6.83 370.0
2459815.49004 17.248 0.010 4.69 347.0
2459815.54621 17.250 0.011 5.47 332.0
2459815.70894 17.290 0.010 4.61 351.0
2459816.51016 17.250 0.011 5.73 338.0
2459816.54784 17.306 0.013 6.46 332.0
2459817.49735 17.269 0.013 5.94 384.0
2459817.54649 17.259 0.010 4.77 364.0
2459817.65770 17.277 0.011 5.83 376.0
2459819.50981 17.285 0.010 4.09 429.0
2459820.48566 17.274 0.015 6.39 473.0
2459820.53340 17.274 0.013 6.97 367.0
2459820.67616 17.243 0.011 4.75 355.0
2459821.50952 17.278 0.012 6.01 335.0
2459822.48484 17.284 0.015 5.89 545.0
2459822.53357 17.271 0.012 5.92 357.0
2459822.59321 17.255 0.013 6.20 354.0
2459824.67253 17.263 0.011 4.96 385.0
2459829.62738 17.205 0.023 8.10 866.0
2459831.50320 17.243 0.015 6.29 637.0
2459831.56349 17.234 0.015 6.19 629.0
2459831.61999 17.277 0.016 6.00 713.0
2459832.51377 17.260 0.017 6.98 647.0
2459834.50515 17.276 0.012 5.32 467.0
2459836.58668 17.280 0.017 8.08 434.0
2459837.64001 17.285 0.011 4.76 497.0
2459838.53078 17.250 0.011 5.28 385.0
2459840.48683 17.283 0.016 6.14 643.0
2459840.53391 17.265 0.013 7.16 348.0
2459841.49724 17.220 0.015 6.88 469.0
2459844.53381 17.252 0.013 6.67 401.0
2459845.49225 17.293 0.017 7.08 468.0
2459848.51888 17.289 0.016 7.09 432.0
2459850.54405 17.256 0.013 6.40 400.0
2459851.59491 17.180 0.014 6.94 429.0
2459852.51215 17.316 0.017 7.56 414.0
2459852.56149 17.257 0.013 5.64 428.0
2459856.58614 17.302 0.020 6.60 883.0
2459857.57329 17.276 0.020 7.23 812.0
2459859.51989 17.262 0.012 4.93 623.0
2459859.57397 17.255 0.013 4.94 706.0
2459860.50869 17.235 0.018 6.99 688.0
2459860.56070 17.229 0.016 5.51 773.0
2459862.55180 17.294 0.018 6.05 789.0
2459863.53416 17.269 0.013 5.15 640.0
2459864.52995 17.246 0.014 5.31 578.0
2459865.50849 17.272 0.017 7.39 537.0
2459866.51557 17.253 0.013 4.69 581.0
2459867.50148 17.226 0.014 5.35 744.0
2459868.52337 17.249 0.014 5.28 530.0
2459869.53077 17.259 0.012 5.01 464.0
2459875.51408 17.255 0.015 5.84 553.0
2459993.85147 17.276 0.016 6.88 467.0
2459997.84636 17.244 0.013 5.65 470.0
2460001.85410 17.246 0.010 4.66 459.0
2460016.81661 17.254 0.013 5.02 679.0
2460027.87199 17.255 0.011 5.64 353.0
2460030.76918 17.275 0.010 4.96 323.0
2460032.78662 17.264 0.009 4.37 347.0
2460034.81686 17.238 0.011 5.62 335.0
2460037.76779 17.261 0.011 4.72 450.0
2460039.88774 17.263 0.010 4.24 436.0
2460041.91490 17.294 0.014 5.38 624.0
2460043.88807 17.260 0.012 4.09 819.0
2460043.90107 17.290 0.012 4.63 631.0
2460049.86075 17.261 0.009 4.58 348.0
2460052.83856 17.267 0.010 4.82 363.0
2460056.73213 17.240 0.012 6.56 378.0
2460058.80710 17.254 0.011 5.22 371.0
2460060.79850 17.282 0.009 4.32 393.0
2460062.85768 17.266 0.010 4.65 366.0
2460066.74199 17.280 0.011 5.14 419.0
2460068.75601 17.227 0.011 5.17 539.0
2460070.72452 17.244 0.019 6.22 1119.0
2460076.66590 17.296 0.013 5.97 399.0
2460085.70295 17.279 0.013 5.62 360.0
2460089.67717 17.261 0.012 4.84 435.0
2460091.76074 17.255 0.011 4.42 432.0
2460093.90620 17.295 0.017 6.82 569.0
2460095.90916 17.296 0.015 6.30 476.0
2460097.60655 17.278 0.015 5.16 709.0
2460098.73396 17.247 0.017 5.11 1009.0
2460104.91418 17.297 0.018 5.97 720.0
2460106.74270 17.264 0.012 5.71 312.0
2460108.60632 17.306 0.013 5.32 324.0
2460110.53619 17.245 0.015 6.29 501.0
2460111.77119 17.267 0.011 4.62 362.0
2460113.53034 17.265 0.014 5.36 530.0
2460114.88662 17.279 0.019 7.32 610.0
2460120.51311 17.282 0.013 5.72 424.0
2460121.71665 17.264 0.013 5.46 421.0
2460123.62840 17.265 0.012 5.47 389.0
2460124.85280 17.269 0.013 4.91 586.0
2460130.49611 17.258 0.023 6.99 1154.0
2460131.76053 17.298 0.016 5.24 889.0
2460134.48093 17.282 0.016 6.19 626.0
2460139.69076 17.270 0.011 4.68 323.0
2460141.62521 17.272 0.012 5.86 321.0
2460143.65127 17.271 0.011 4.64 330.0
2460149.54514 17.252 0.011 4.72 394.0
2460153.48760 17.240 0.017 6.55 621.0
2460153.74944 17.301 0.015 5.11 862.0
2460158.71287 17.250 0.016 5.19 939.0
2460160.65477 17.284 0.014 5.25 475.0
2460165.65750 17.258 0.013 6.25 326.0
2460169.52746 17.254 0.012 6.19 312.0
2460171.54429 17.280 0.010 4.50 321.0
2460174.50153 17.291 0.017 6.91 407.0
2460178.66907 17.252 0.015 6.46 390.0
2460180.70537 17.295 0.017 6.74 539.0
2460186.64401 17.276 0.016 5.68 796.0
2460192.67210 17.240 0.018 7.57 576.0
2460202.55604 17.287 0.012 5.39 356.0
2460204.63022 17.289 0.013 5.32 430.0
2460213.60594 17.258 0.019 6.67 696.0
2460218.60436 17.281 0.021 7.77 705.0
2460226.56450 17.292 0.014 5.91 495.0
2460229.56366 17.252 0.016 6.54 551.0
2460243.52705 17.312 0.017 5.68 746.0
2460255.50695 17.248 0.024 6.95 1138.0
2460357.88249 17.287 0.015 6.18 507.0
2460376.87093 17.277 0.014 5.46 519.0
2460379.85363 17.262 0.011 4.67 400.0
2460382.88581 17.283 0.012 5.58 398.0
2460385.82226 17.274 0.012 5.09 386.0
2460388.81541 17.283 0.013 6.12 402.0
2460391.84564 17.264 0.012 4.87 420.0
2460393.91417 17.273 0.014 4.83 906.0
2460396.76210 17.243 0.015 5.44 711.0
2460398.84389 17.278 0.012 4.36 591.0
2460404.80094 17.266 0.012 5.24 380.0
2460406.91989 17.258 0.015 5.76 624.0
2460411.73912 17.257 0.012 5.53 412.0
2460418.72521 17.257 0.013 5.92 444.0
2460423.71646 17.259 0.017 6.61 632.0
2460425.74976 17.243 0.014 5.57 626.0
2460432.92806 17.281 0.013 4.95 596.0
2460435.77705 17.252 0.012 5.65 357.0
2460440.73892 17.260 0.015 6.41 486.0
2460448.79695 17.249 0.012 5.35 413.0
2460450.69269 17.262 0.012 5.47 437.0
2460458.84153 17.262 0.011 4.26 434.0
2460461.68884 17.259 0.009 3.99 462.0
2460463.85412 17.271 0.011 4.71 393.0
2460466.76701 17.273 0.010 4.83 412.0
2460467.91982 17.267 0.016 6.35 755.0
2460473.65941 17.272 0.013 5.70 388.0
2460477.64732 17.261 0.013 5.33 518.0
2460479.64797 17.289 0.016 6.45 494.0
2460485.84971 17.252 0.018 6.42 834.0
2460488.59891 17.279 0.012 5.62 354.0
2460491.53638 17.266 0.011 4.70 335.0
2460492.83910 17.273 0.013 5.44 444.0
2460494.75932 17.273 0.011 5.20 320.0
2460496.66316 17.252 0.015 6.75 482.0
2460498.48978 17.271 0.013 5.70 449.0
2460499.83125 17.291 0.012 5.42 339.0
2460501.78852 17.246 0.013 5.72 371.0
2460504.51825 17.272 0.015 6.88 389.0
2460505.77240 17.254 0.015 6.92 338.0
2460513.58111 17.253 0.016 5.90 869.0
2460516.62459 17.275 0.014 6.83 369.0
2460518.62845 17.263 0.012 5.63 378.0
2460521.53511 17.253 0.011 5.15 330.0
2460530.58555 17.260 0.014 6.51 358.0
2460533.70376 17.249 0.012 6.01 302.0
2460542.62594 17.269 0.017 6.12 723.0
2460545.70062 17.269 0.016 6.76 501.0
2460550.64657 17.236 0.016 7.67 384.0
2460556.61970 17.276 0.016 6.91 421.0
2460560.49404 17.275 0.011 4.92 423.0
2460562.57484 17.262 0.013 5.63 494.0
2460569.55725 17.269 0.015 5.45 642.0
2460573.47906 17.296 0.022 6.61 1093.0
2460576.56591 17.237 0.015 6.71 416.0
2460581.55781 17.298 0.014 5.62 411.0
2460586.48561 17.234 0.021 7.11 738.0
2460596.55398 17.226 0.016 5.65 915.0
2460597.56528 17.249 0.015 5.66 783.0
2460598.53631 17.246 0.016 6.04 745.0
2460599.55123 17.256 0.013 4.84 729.0
2460600.53834 17.220 0.015 5.39 942.0
2460601.55100 17.231 0.014 5.10 875.0
2460610.53560 17.241 0.014 5.33 604.0
2460718.88444 16.970 0.013 6.18 788.0
2460724.89114 16.951 0.016 7.00 813.0
2460726.85253 16.925 0.010 5.37 520.0
2460735.85452 16.823 0.009 5.74 396.0
2460738.84555 16.755 0.009 5.69 393.0
2460741.84556 16.734 0.009 6.19 357.0
2460743.88833 16.675 0.007 4.95 356.0
2460746.89489 16.623 0.007 5.47 393.0
2460749.80616 16.558 0.008 5.02 673.0
2460751.83791 16.497 0.007 5.19 529.0
2460753.80447 16.449 0.007 4.82 644.0
2460761.78068 16.182 0.006 6.03 397.0
2460763.77775 16.120 0.006 5.55 413.0
2460765.78325 16.043 0.005 4.65 355.0
2460767.78540 15.969 0.005 5.16 369.0
2460769.78001 15.902 0.004 4.45 432.0
2460771.81058 15.864 0.005 6.01 356.0
2460773.75696 15.814 0.005 5.61 455.0
2460775.81795 15.808 0.005 5.76 447.0
2460778.75045 15.782 0.005 5.45 704.0
2460780.74863 15.807 0.006 6.64 697.0
2460786.80698 15.873 0.005 6.09 444.0
2460788.73971 15.918 0.005 5.61 360.0
2460789.87705 15.917 0.004 4.51 363.0
2460791.71315 15.959 0.005 5.03 366.0
2460792.87877 15.989 0.005 4.84 380.0
2460794.70430 16.050 0.005 6.12 336.0
2460795.90743 16.090 0.006 6.16 378.0
2460798.76284 16.160 0.005 5.25 325.0
2460799.88343 16.216 0.006 4.99 453.0
2460801.68879 16.259 0.006 5.91 406.0
2460805.69576 16.370 0.007 6.10 536.0
2460806.80471 16.394 0.007 5.41 537.0
2460807.90288 16.461 0.007 4.76 750.0
2460808.90876 16.459 0.008 4.49 1071.0
2460813.92603 16.580 0.008 4.91 712.0
2460815.76892 16.598 0.006 4.39 352.0
2460817.64038 16.640 0.007 5.46 337.0
2460818.75890 16.658 0.007 4.78 329.0
2460819.86937 16.689 0.007 4.68 420.0
2460821.64660 16.720 0.009 6.54 373.0
2460822.91599 16.751 0.010 6.54 492.0
2460824.61907 16.745 0.009 6.33 378.0
2460825.65184 16.774 0.007 4.89 320.0
2460827.67460 16.789 0.007 4.35 316.0
2460828.75755 16.819 0.007 4.45 306.0
2460831.64295 16.859 0.010 6.58 451.0
2460832.77236 16.862 0.010 5.97 462.0
2460833.90406 16.899 0.012 6.42 564.0
2460835.66298 16.881 0.010 5.27 624.0
2460841.79980 16.958 0.012 5.60 673.0
2460843.76382 16.981 0.009 4.51 450.0
2460844.83073 17.009 0.013 6.72 481.0
2460846.56195 17.026 0.010 5.40 443.0
2460847.57278 17.042 0.012 5.81 446.0
2460848.58202 17.013 0.010 5.09 376.0
2460850.56168 17.019 0.012 6.40 456.0
2460851.56813 17.023 0.011 6.21 343.0
2460853.77001 17.052 0.010 5.43 367.0
2460854.79239 17.069 0.010 5.63 344.0
2460856.53344 17.052 0.011 6.14 378.0
2460857.84296 17.065 0.010 5.51 398.0
2460859.63861 17.071 0.008 4.56 315.0
2460860.65043 17.090 0.009 4.65 336.0
2460861.79318 17.058 0.012 6.78 409.0
2460868.58227 17.132 0.016 6.30 790.0
2460869.66407 17.161 0.014 6.74 512.0
2460870.83020 17.129 0.015 7.03 543.0
2460872.83031 17.179 0.015 6.99 521.0
2460874.60507 17.136 0.009 5.07 323.0
2460875.70563 17.176 0.010 4.78 334.0
2460877.54597 17.153 0.010 5.71 357.0
2460879.59604 17.156 0.009 5.51 301.0
2460880.80468 17.177 0.015 6.76 525.0
2460882.78990 17.151 0.014 6.85 489.0
2460886.56651 17.165 0.010 5.39 379.0
2460895.75076 17.228 0.023 7.38 1105.0
2460897.58917 17.196 0.017 5.65 1092.0
2460899.61064 17.213 0.010 4.51 370.0
2460901.49660 17.188 0.014 6.61 414.0
2460903.70094 17.209 0.015 7.39 390.0
2460911.55685 17.175 0.012 5.83 379.0
2460913.60313 17.216 0.010 4.71 318.0
2460915.57872 17.234 0.010 4.75 335.0
2460924.63992 17.209 0.018 7.58 758.0
2460925.52078 17.219 0.015 6.58 595.0
2460925.56785 17.236 0.015 6.23 619.0
2460925.61490 17.204 0.017 6.61 705.0
2460926.52141 17.236 0.017 7.03 635.0
2460926.56834 17.222 0.018 6.96 699.0
2460926.61948 17.261 0.019 7.17 764.0
2460927.51736 17.225 0.011 5.04 506.0
2460927.56475 17.231 0.015 6.76 543.0
2460927.61211 17.227 0.013 5.75 581.0
2460928.51962 17.229 0.010 4.74 373.0
2460928.56656 17.240 0.013 5.50 465.0
2460928.61391 17.220 0.014 5.99 536.0
2460929.54538 17.218 0.010 4.66 373.0
2460929.59226 17.249 0.011 4.93 439.0
2460929.63915 17.235 0.012 5.25 515.0
2460930.52215 17.223 0.010 4.83 415.0
2460930.56915 17.234 0.011 5.15 448.0
2460930.61600 17.257 0.014 6.11 517.0
2460931.53369 17.249 0.012 5.72 373.0
2460931.58583 17.233 0.013 6.28 402.0
2460932.55636 17.239 0.012 6.09 390.0
2460932.60352 17.208 0.016 8.11 413.0
2460933.54814 17.249 0.012 5.21 478.0
2460933.59571 17.252 0.013 5.31 557.0
2460934.54894 17.226 0.011 4.57 482.0
2460934.59716 17.229 0.012 5.16 503.0
2460936.64301 17.240 0.013 5.99 432.0
2460942.52687 17.236 0.011 5.42 333.0
2460944.57012 17.222 0.015 6.87 413.0
2460952.53802 17.274 0.020 7.53 624.0
2460956.56425 17.244 0.017 6.69 708.0
2460962.50625 17.213 0.016 6.26 614.0
2460969.49798 17.266 0.013 5.21 576.0
