2457791.88014 17.255 0.013 5.08 470.0
2457792.88296 17.220 0.015 6.05 631.0
2457793.87443 17.265 0.013 5.24 412.0
2457794.88141 17.218 0.018 6.96 645.0
2457795.88544 17.261 0.017 6.22 691.0
2457798.85536 17.234 0.014 5.64 443.0
2457800.85975 17.223 0.012 5.02 405.0
2457802.83965 17.197 0.025 7.70 1086.0
2457807.85423 17.244 0.012 5.83 283.0
2457810.83119 17.230 0.012 5.46 340.0
2457812.89626 17.241 0.011 4.47 316.0
2457816.82400 17.224 0.012 5.18 318.0
2457818.86706 17.240 0.010 4.36 284.0
2457820.90120 17.248 0.011 4.59 319.0
2457823.80578 17.264 0.013 4.90 551.0
2457825.83788 17.233 0.013 5.62 470.0
2457827.81525 17.238 0.013 5.00 447.0
2457829.80609 17.216 0.016 5.89 643.0
2457834.80558 17.223 0.012 5.26 294.0
2457834.91560 17.251 0.012 4.51 529.0
2457835.88230 17.255 0.011 5.30 246.0
2457836.83497 17.236 0.012 5.92 234.0
2457837.77155 17.259 0.012 6.30 239.0
2457837.87992 17.244 0.011 4.85 235.0
2457838.82698 17.229 0.010 4.54 269.0
2457839.76266 17.267 0.010 4.41 218.0
2457839.88784 17.236 0.009 3.56 207.0
2457840.81517 17.235 0.011 5.40 219.0
2457841.75838 17.211 0.015 7.88 242.0
2457841.86910 17.218 0.014 7.64 238.0
2457842.78469 17.253 0.011 5.61 226.0
2457842.89398 17.244 0.011 4.95 246.0
2457843.82563 17.235 0.010 5.04 203.0
2457844.73582 17.248 0.011 5.59 249.0
2457844.85274 17.267 0.012 6.10 221.0
2457845.76004 17.252 0.012 5.73 240.0
2457845.87767 17.244 0.011 5.04 223.0
2457846.80794 17.230 0.010 5.10 212.0
2457846.91705 17.227 0.011 5.24 279.0
2457847.81863 17.228 0.011 5.11 228.0
2457848.72492 17.232 0.012 5.73 329.0
2457848.83182 17.250 0.011 5.29 209.0
2457849.73749 17.228 0.012 5.66 341.0
2457849.85478 17.243 0.009 4.00 230.0
2457850.74965 17.236 0.013 5.59 349.0
2457850.86845 17.243 0.010 4.54 238.0
2457851.76739 17.261 0.014 5.82 366.0
2457851.88752 17.252 0.011 5.30 229.0
2457852.87370 17.240 0.012 6.08 271.0
2457853.92631 17.205 0.019 6.81 682.0
2457854.80736 17.243 0.011 4.32 429.0
2457854.92038 17.257 0.011 3.67 512.0
2457855.82874 17.270 0.013 4.59 491.0
2457856.72687 17.268 0.018 6.89 541.0
2457856.83940 17.244 0.016 7.17 457.0
2457857.86676 17.212 0.018 7.04 505.0
2457862.68851 17.247 0.013 6.11 321.0
2457862.79848 17.243 0.012 5.44 294.0
2457862.92264 17.240 0.011 4.69 318.0
2457863.89258 17.245 0.011 4.68 299.0
2457864.85085 17.239 0.010 4.22 257.0
2457865.70731 17.235 0.010 5.13 262.0
2457865.82658 17.260 0.010 3.82 280.0
2457866.70303 17.245 0.011 4.93 271.0
2457866.83052 17.229 0.009 3.68 260.0
2457867.70632 17.245 0.010 4.49 260.0
2457867.83461 17.217 0.009 3.41 232.0
2457868.76242 17.246 0.013 6.21 261.0
2457868.90251 17.193 0.014 6.99 310.0
2457869.76207 17.242 0.010 4.48 243.0
2457869.89390 17.232 0.010 3.81 305.0
2457870.77365 17.248 0.009 3.84 222.0
2457870.90469 17.248 0.011 4.59 262.0
2457871.78834 17.224 0.010 3.94 266.0
2457871.93131 17.234 0.013 3.66 750.0
2457872.79830 17.221 0.009 3.69 259.0
2457872.93658 17.223 0.018 3.87 1988.0
2457873.76731 17.239 0.009 3.73 249.0
2457873.90287 17.234 0.011 4.56 294.0
2457874.73606 17.259 0.014 6.77 276.0
2457874.85882 17.224 0.011 4.87 324.0
2457875.81502 17.237 0.009 3.77 536.0
2457875.92671 17.227 0.011 4.70 376.0
2457876.74042 17.232 0.011 4.92 314.0
2457876.87743 17.233 0.013 5.58 316.0
2457877.70101 17.247 0.011 4.51 311.0
2457877.83319 17.233 0.010 3.74 339.0
2457878.73894 17.228 0.010 3.96 321.0
2457878.87417 17.247 0.010 3.61 302.0
2457879.69846 17.222 0.014 6.21 354.0
2457879.85104 17.250 0.013 6.32 303.0
2457880.72729 17.214 0.012 5.42 358.0
2457880.84912 17.237 0.015 6.83 355.0
2457881.80525 17.215 0.013 5.49 401.0
2457881.92602 17.266 0.015 6.36 440.0
2457882.80302 17.230 0.013 5.62 437.0
2457882.93267 17.225 0.012 5.06 450.0
2457890.69771 17.223 0.017 7.58 394.0
2457890.85560 17.242 0.012 4.72 463.0
2457893.67639 17.238 0.012 6.06 268.0
2457893.80512 17.257 0.012 5.48 286.0
2457893.91481 17.271 0.014 5.86 389.0
2457894.66017 17.242 0.012 5.52 309.0
2457894.78792 17.250 0.010 4.41 268.0
2457894.89732 17.253 0.012 5.20 338.0
2457895.76167 17.214 0.010 4.96 325.0
2457897.70136 17.250 0.013 5.95 269.0
2457900.91582 17.271 0.017 7.61 352.0
2457901.63696 17.215 0.011 5.90 260.0
2457901.79233 17.234 0.011 5.00 273.0
2457902.62772 17.252 0.014 6.98 275.0
2457902.75043 17.220 0.010 4.75 267.0
2457902.92576 17.208 0.017 7.38 522.0
2457903.79653 17.245 0.013 6.41 249.0
2457903.91404 17.249 0.015 6.80 373.0
2457904.65585 17.217 0.012 6.05 247.0
2457904.78432 17.241 0.011 4.92 216.0
2457904.89371 17.221 0.013 5.79 325.0
2457905.62271 17.248 0.011 5.41 271.0
2457905.74996 17.243 0.010 4.31 262.0
2457905.86260 17.243 0.012 5.04 374.0
2457906.57118 17.247 0.013 6.04 394.0
2457906.68939 17.225 0.010 3.72 290.0
2457906.81163 17.233 0.011 4.42 343.0
2457906.92055 17.259 0.013 4.78 574.0
2457907.68754 17.243 0.011 4.69 344.0
2457907.81880 17.257 0.011 4.71 465.0
2457908.63450 17.227 0.013 5.63 404.0
2457908.76389 17.238 0.012 5.37 390.0
2457908.87376 17.223 0.012 5.23 361.0
2457909.56548 17.262 0.017 6.53 650.0
2457909.68556 17.234 0.011 4.65 369.0
2457909.79659 17.241 0.012 4.08 563.0
2457909.90245 17.252 0.012 4.44 484.0
2457910.58275 17.225 0.015 6.15 495.0
2457910.70075 17.241 0.011 4.15 365.0
2457910.82291 17.227 0.011 4.15 426.0
2457911.55266 17.254 0.020 7.21 840.0
2457911.65808 17.258 0.013 5.20 494.0
2457911.82759 17.220 0.019 7.13 601.0
2457916.61086 17.237 0.012 4.46 575.0
2457916.70519 17.239 0.013 4.56 566.0
2457916.80923 17.258 0.013 4.32 567.0
2457916.90448 17.236 0.024 5.82 1714.0
2457917.64230 17.259 0.012 4.97 373.0
2457917.75748 17.245 0.011 4.10 415.0
2457917.86430 17.265 0.015 5.39 606.0
2457918.61917 17.218 0.014 6.49 456.0
2457922.61890 17.223 0.012 5.70 278.0
2457922.74897 17.231 0.013 6.30 315.0
2457923.61836 17.232 0.011 5.36 281.0
2457923.75547 17.225 0.014 6.80 319.0
2457924.54115 17.232 0.012 5.83 320.0
2457924.64661 17.228 0.010 4.95 261.0
2457924.77550 17.257 0.011 4.38 275.0
2457924.87753 17.246 0.012 4.33 455.0
2457925.67285 17.252 0.010 4.38 222.0
2457925.81005 17.268 0.013 6.16 252.0
2457926.57936 17.206 0.013 7.21 268.0
2457926.72751 17.250 0.013 6.65 277.0
2457928.57699 17.229 0.013 6.23 302.0
2457932.60823 17.231 0.012 5.84 262.0
2457932.73287 17.230 0.011 5.32 236.0
2457933.51742 17.239 0.015 8.06 286.0
2457933.59884 17.199 0.013 6.53 245.0
2457933.72065 17.257 0.012 6.11 209.0
2457934.53447 17.218 0.012 6.03 303.0
2457934.65061 17.227 0.011 5.37 258.0
2457934.76482 17.239 0.012 5.30 283.0
2457935.50390 17.282 0.013 5.76 363.0
2457935.63253 17.221 0.011 5.19 235.0
2457935.74483 17.230 0.010 4.65 215.0
2457935.86396 17.244 0.011 5.13 295.0
2457936.49020 17.255 0.014 6.25 371.0
2457936.60673 17.232 0.011 5.65 242.0
2457936.74223 17.254 0.012 5.87 223.0
2457936.85863 17.234 0.014 7.18 284.0
2457937.54794 17.236 0.013 5.64 368.0
2457937.65861 17.224 0.011 5.21 282.0
2457937.79029 17.248 0.011 5.59 239.0
2457938.57063 17.262 0.014 6.16 357.0
2457944.46871 17.269 0.018 6.76 762.0
2457944.52152 17.198 0.014 5.71 607.0
2457944.56291 17.228 0.013 4.78 554.0
2457944.61334 17.228 0.013 4.92 515.0
2457944.66335 17.235 0.013 5.04 452.0
2457944.72353 17.252 0.014 5.15 499.0
2457944.77278 17.247 0.013 4.44 540.0
2457945.48038 17.248 0.014 6.17 439.0
2457945.58002 17.221 0.012 5.12 374.0
2457945.69115 17.223 0.010 3.88 336.0
2457945.80137 17.260 0.013 4.78 497.0
2457946.51338 17.228 0.011 5.34 267.0
2457946.63481 17.239 0.012 5.33 305.0
2457946.76322 17.206 0.013 5.53 327.0
2457947.51435 17.216 0.012 6.69 236.0
2457947.61792 17.238 0.012 5.72 282.0
2457947.77864 17.209 0.012 5.16 350.0
2457948.50720 17.241 0.011 5.79 249.0
2457948.64070 17.249 0.012 5.45 329.0
2457948.77534 17.243 0.012 5.13 357.0
2457949.56645 17.197 0.014 6.12 481.0
2457949.68982 17.259 0.015 6.56 362.0
2457952.70783 17.214 0.012 6.38 225.0
2457953.47796 17.222 0.014 6.61 348.0
2457953.60999 17.257 0.011 5.47 235.0
2457953.73500 17.248 0.010 4.89 200.0
2457954.48979 17.234 0.011 5.45 455.0
2457954.63356 17.249 0.010 4.87 216.0
2457954.76919 17.249 0.011 4.63 291.0
2457955.79906 17.263 0.012 5.68 299.0
2457956.60430 17.247 0.010 4.10 220.0
2457956.73552 17.248 0.011 4.76 266.0
2457957.66063 17.255 0.012 5.58 254.0
2457958.57544 17.212 0.014 6.60 319.0
2457958.66610 17.248 0.014 6.94 252.0
2457958.78404 17.247 0.016 8.04 317.0
2457959.53237 17.223 0.011 4.97 266.0
2457959.65014 17.250 0.010 4.58 219.0
2457959.76626 17.227 0.012 5.91 254.0
2457960.51962 17.200 0.010 5.17 240.0
2457960.65528 17.254 0.010 5.33 199.0
2457960.78105 17.223 0.012 5.82 259.0
2457961.60090 17.221 0.009 5.34 269.0
2457961.70762 17.258 0.010 4.89 314.0
2457962.52800 17.221 0.011 4.83 274.0
2457963.61905 17.221 0.010 4.83 282.0
2457964.59470 17.212 0.011 4.91 283.0
2457964.73446 17.268 0.012 6.06 353.0
2457965.67794 17.233 0.011 4.51 309.0
2457966.55163 17.239 0.014 6.54 321.0
2457966.64893 17.215 0.012 5.82 261.0
2457967.68492 17.274 0.014 6.12 374.0
2457967.74209 17.233 0.017 7.60 428.0
2457971.51422 17.225 0.014 5.30 565.0
2457971.60303 17.226 0.014 5.56 493.0
2457971.64292 17.254 0.013 4.54 517.0
2457971.69376 17.242 0.014 4.80 601.0
2457971.73402 17.244 0.015 4.78 750.0
2457972.52595 17.249 0.020 7.88 529.0
2457972.56482 17.248 0.018 7.19 497.0
2457972.61920 17.257 0.016 6.11 512.0
2457972.66691 17.226 0.016 6.07 547.0
2457972.72221 17.243 0.015 4.96 673.0
2457973.54133 17.269 0.019 7.39 497.0
2457973.66637 17.223 0.014 5.41 573.0
2457974.53100 17.239 0.012 5.06 368.0
2457974.64683 17.244 0.012 4.75 386.0
2457975.47643 17.243 0.015 7.07 345.0
2457979.52680 17.230 0.011 5.11 265.0
2457979.64617 17.259 0.010 3.98 292.0
2457980.58053 17.243 0.013 5.80 375.0
2457981.47875 17.233 0.015 6.67 435.0
2457981.63253 17.222 0.011 4.18 339.0
2457982.54204 17.209 0.012 5.65 256.0
2457982.65297 17.246 0.012 4.95 287.0
2457983.58067 17.226 0.011 4.60 280.0
2457984.48954 17.219 0.013 6.56 288.0
2457984.60726 17.239 0.011 5.02 265.0
2457985.53728 17.221 0.016 7.75 314.0
2457986.49283 17.257 0.011 4.60 301.0
2457986.63272 17.257 0.010 4.72 254.0
2457987.55994 17.246 0.010 4.06 301.0
2457990.47892 17.218 0.012 5.52 360.0
2457990.61116 17.245 0.012 5.64 285.0
2457991.53068 17.217 0.012 5.86 301.0
2457991.65993 17.252 0.013 6.25 302.0
2457992.57599 17.220 0.011 4.98 281.0
2457993.51288 17.228 0.013 5.83 336.0
2457993.62315 17.235 0.012 5.61 266.0
2457994.55711 17.258 0.016 6.13 562.0
2457998.52286 17.230 0.012 4.68 455.0
2457998.57113 17.250 0.016 4.61 949.0
2457998.61464 17.229 0.016 4.61 982.0
2458000.49556 17.226 0.014 5.67 414.0
2458000.54908 17.246 0.013 5.19 437.0
2458000.59087 17.254 0.015 5.76 493.0
2458001.48094 17.240 0.014 5.50 492.0
2458001.59181 17.241 0.013 5.27 464.0
2458002.56198 17.222 0.026 5.64 2044.0
2458003.60648 17.234 0.016 5.67 488.0
2458004.59459 17.231 0.015 6.23 415.0
2458007.55888 17.267 0.015 7.15 311.0
2458008.57685 17.248 0.014 6.42 295.0
2458011.51736 17.237 0.016 7.60 336.0
2458012.54171 17.228 0.011 4.52 383.0
2458013.54511 17.225 0.011 4.26 365.0
2458014.55412 17.207 0.011 4.90 328.0
2458015.55245 17.213 0.014 6.57 311.0
2458016.56098 17.259 0.013 6.16 281.0
2458018.49140 17.248 0.013 5.70 351.0
2458019.52922 17.246 0.010 4.09 302.0
2458020.56318 17.241 0.012 4.59 328.0
2458026.52622 17.222 0.016 4.59 1055.0
2458030.51879 17.257 0.012 3.88 596.0
2458040.49979 17.224 0.017 6.92 501.0
2458164.85094 17.238 0.011 5.50 350.0
2458164.89113 17.229 0.013 5.23 588.0
2458165.88878 17.253 0.012 5.07 392.0
2458166.87159 17.230 0.012 5.93 300.0
2458167.85579 17.231 0.011 5.00 336.0
2458167.89565 17.252 0.014 5.56 542.0
2458168.87675 17.255 0.011 5.26 276.0
2458169.85145 17.223 0.011 5.24 326.0
2458170.83413 17.248 0.011 5.27 329.0
2458170.87340 17.220 0.010 4.45 300.0
2458171.84357 17.230 0.011 4.96 340.0
2458172.85386 17.256 0.012 5.69 336.0
2458172.89274 17.246 0.012 4.71 401.0
2458173.86351 17.245 0.011 4.92 383.0
2458174.82447 17.245 0.013 5.46 452.0
2458174.87446 17.242 0.011 4.44 377.0
2458175.82432 17.272 0.012 5.38 325.0
2458175.87320 17.268 0.011 4.91 274.0
2458176.81597 17.241 0.013 5.49 486.0
2458176.86615 17.276 0.011 4.41 324.0
2458181.80692 17.222 0.015 5.88 595.0
2458181.86001 17.228 0.013 5.24 510.0
2458181.90098 17.245 0.014 5.12 580.0
2458183.82312 17.240 0.013 5.60 514.0
2458184.83418 17.247 0.013 5.24 508.0
2458184.88442 17.235 0.013 5.11 486.0
2458185.84181 17.256 0.016 6.52 532.0
2458185.89152 17.239 0.012 5.32 416.0
2458189.83814 17.246 0.011 5.17 299.0
2458190.81098 17.244 0.010 5.13 251.0
2458191.79763 17.225 0.015 7.39 292.0
2458192.78746 17.223 0.012 5.80 298.0
2458192.90698 17.230 0.011 4.79 295.0
2458193.88454 17.251 0.011 5.21 226.0
2458194.84580 17.257 0.010 4.43 223.0
2458195.81892 17.249 0.012 6.17 266.0
2458196.78815 17.220 0.011 5.10 262.0
2458196.90528 17.245 0.010 4.60 256.0
2458197.84917 17.259 0.010 4.10 258.0
2458198.80545 17.238 0.011 5.16 279.0
2458199.74673 17.230 0.012 6.05 278.0
2458199.86696 17.247 0.010 4.42 255.0
2458200.84803 17.251 0.011 4.87 299.0
2458201.78179 17.237 0.013 6.75 285.0
2458201.89782 17.233 0.010 4.94 209.0
2458202.82520 17.231 0.011 4.75 301.0
2458203.76738 17.258 0.011 5.56 269.0
2458203.87466 17.256 0.010 4.30 242.0
2458204.80635 17.250 0.013 6.34 276.0
2458205.74668 17.260 0.014 6.38 398.0
2458205.86532 17.232 0.012 5.92 260.0
2458206.78726 17.273 0.012 4.99 384.0
2458206.90362 17.256 0.009 4.00 253.0
2458207.81344 17.240 0.012 4.73 400.0
2458208.73376 17.244 0.014 5.30 719.0
2458208.84055 17.250 0.012 4.50 496.0
2458209.76129 17.218 0.013 5.55 546.0
2458209.86858 17.263 0.012 4.69 443.0
2458210.77425 17.254 0.013 5.29 522.0
2458210.88152 17.266 0.012 4.43 447.0
2458211.78828 17.278 0.016 6.47 510.0
2458211.89628 17.257 0.012 4.52 459.0
2458212.78357 17.252 0.019 4.74 1607.0
2458212.88795 17.245 0.011 4.01 528.0
2458217.84246 17.243 0.011 4.98 270.0
2458220.71604 17.257 0.013 7.47 248.0
2458220.88129 17.249 0.010 5.31 236.0
2458221.71141 17.243 0.011 5.79 253.0
2458221.89841 17.243 0.011 4.88 261.0
2458222.78245 17.255 0.010 4.97 213.0
2458222.92314 17.239 0.011 4.32 411.0
2458223.90065 17.255 0.012 6.02 273.0
2458224.77452 17.236 0.011 5.24 285.0
2458224.91315 17.229 0.011 4.63 273.0
2458226.85533 17.196 0.012 6.62 249.0
2458227.72972 17.238 0.011 5.75 240.0
2458227.87123 17.238 0.010 4.95 246.0
2458228.78410 17.226 0.010 4.61 230.0
2458228.92404 17.238 0.010 4.05 326.0
2458229.81151 17.245 0.009 4.35 206.0
2458229.92546 17.275 0.010 3.68 343.0
2458230.79841 17.250 0.010 4.54 239.0
2458231.81713 17.233 0.010 4.51 267.0
2458233.71326 17.246 0.011 5.02 349.0
2458235.73974 17.219 0.013 6.00 433.0
2458236.74929 17.253 0.013 4.14 728.0
2458238.74494 17.230 0.014 5.28 617.0
2458238.86838 17.219 0.013 4.48 609.0
2458244.71900 17.237 0.012 5.82 328.0
2458244.84112 17.250 0.012 5.18 380.0
2458245.77279 17.218 0.017 7.60 411.0
2458245.88441 17.235 0.017 6.65 464.0
2458246.74087 17.225 0.013 6.06 321.0
2458246.85984 17.256 0.012 4.79 406.0
2458247.66337 17.258 0.013 6.15 368.0
2458247.77280 17.252 0.010 4.44 293.0
2458247.90307 17.240 0.014 5.79 403.0
2458248.78339 17.225 0.013 6.40 336.0
2458249.74045 17.259 0.013 6.66 268.0
2458249.87147 17.225 0.010 4.49 340.0
2458250.68615 17.268 0.010 5.62 216.0
2458250.81532 17.245 0.010 5.11 256.0
2458250.92680 17.268 0.012 4.49 365.0
2458251.71870 17.255 0.012 6.18 252.0
2458251.85529 17.236 0.011 5.10 298.0
2458252.88096 17.235 0.012 5.38 355.0
2458253.66653 17.224 0.011 5.78 253.0
2458253.78391 17.254 0.010 4.90 275.0
2458254.67378 17.252 0.010 4.47 248.0
2458254.82339 17.249 0.009 3.55 276.0
2458254.94319 17.262 0.015 4.06 1094.0
2458255.74886 17.233 0.010 4.38 257.0
2458255.89091 17.214 0.012 4.69 383.0
2458256.66972 17.231 0.011 5.58 263.0
2458256.79250 17.229 0.012 5.81 301.0
2458256.91900 17.223 0.012 4.92 388.0
2458257.72903 17.252 0.010 5.06 233.0
2458257.84396 17.256 0.010 4.09 279.0
2458258.70990 17.231 0.010 5.32 235.0
2458258.83513 17.254 0.010 4.01 265.0
2458259.63861 17.212 0.010 5.22 349.0
2458259.80144 17.267 0.010 4.43 311.0
2458259.92436 17.258 0.012 5.15 395.0
2458260.83724 17.244 0.009 3.62 400.0
2458261.71299 17.277 0.010 4.24 277.0
2458261.87296 17.263 0.011 4.17 301.0
2458262.69332 17.254 0.010 5.01 254.0
2458262.83245 17.252 0.010 4.06 208.0
2458262.93286 17.263 0.012 5.08 405.0
2458263.73563 17.247 0.010 4.36 272.0
2458263.86994 17.255 0.009 3.28 229.0
2458264.74921 17.230 0.011 4.34 380.0
2458264.86777 17.241 0.011 4.52 374.0
2458265.64546 17.255 0.014 5.67 513.0
2458265.76648 17.245 0.011 4.71 434.0
2458266.60971 17.197 0.017 6.17 914.0
2458266.77025 17.203 0.015 5.90 592.0
2458271.63998 17.270 0.015 6.10 450.0
2458271.80846 17.268 0.015 5.62 464.0
2458271.89139 17.245 0.017 6.30 603.0
2458272.75484 17.238 0.012 5.26 342.0
2458272.87124 17.224 0.013 5.12 427.0
2458273.60740 17.262 0.012 5.54 322.0
2458273.74148 17.236 0.010 4.70 258.0
2458274.58803 17.256 0.013 6.88 274.0
2458274.70067 17.250 0.015 7.52 273.0
2458274.83210 17.237 0.011 4.51 373.0
2458275.58190 17.247 0.012 5.41 372.0
2458275.72174 17.243 0.010 3.95 282.0
2458275.84017 17.264 0.012 4.77 370.0
2458276.58919 17.261 0.015 7.18 340.0
2458276.70272 17.245 0.010 4.59 239.0
2458276.82904 17.235 0.010 4.28 336.0
2458277.63587 17.244 0.011 5.52 250.0
2458277.76867 17.231 0.011 5.62 239.0
2458277.88554 17.257 0.012 5.17 384.0
2458278.58294 17.290 0.012 5.82 294.0
2458278.74994 17.265 0.010 4.99 332.0
2458282.60069 17.241 0.010 4.88 242.0
2458282.73710 17.249 0.010 6.12 196.0
2458282.86566 17.254 0.011 4.56 297.0
2458283.56497 17.249 0.012 6.31 252.0
2458283.68250 17.227 0.010 4.95 225.0
2458283.80928 17.241 0.010 4.46 295.0
2458284.53438 17.208 0.012 5.84 351.0
2458284.64405 17.251 0.011 5.33 254.0
2458284.77864 17.235 0.010 4.87 220.0
2458284.89062 17.239 0.012 5.36 351.0
2458285.78688 17.256 0.011 5.00 256.0
2458286.61100 17.230 0.010 5.50 190.0
2458286.74868 17.271 0.010 4.51 195.0
2458286.88709 17.251 0.011 4.48 320.0
2458287.59885 17.242 0.010 4.90 217.0
2458287.73955 17.235 0.010 4.81 202.0
2458287.87916 17.260 0.010 4.19 285.0
2458288.57405 17.223 0.010 5.29 251.0
2458288.71390 17.225 0.010 5.22 192.0
2458288.85230 17.234 0.013 6.00 322.0
2458289.57165 17.249 0.011 5.23 271.0
2458289.71058 17.227 0.010 4.64 246.0
2458289.84410 17.228 0.011 4.85 293.0
2458290.56892 17.212 0.011 5.17 308.0
2458290.70819 17.240 0.012 5.51 306.0
2458290.84070 17.279 0.012 5.28 360.0
2458291.61273 17.246 0.012 4.83 536.0
2458291.75531 17.241 0.012 5.00 374.0
2458291.88564 17.270 0.013 5.51 408.0
2458292.61887 17.237 0.013 6.15 332.0
2458292.76050 17.264 0.012 4.77 350.0
2458292.88780 17.244 0.014 5.59 435.0
2458293.62897 17.245 0.013 5.68 382.0
2458293.77169 17.245 0.014 6.13 464.0
2458294.65147 17.212 0.014 5.96 475.0
2458294.80930 17.220 0.019 7.26 752.0
2458301.62056 17.236 0.015 6.77 417.0
2458301.73997 17.230 0.014 6.77 354.0
2458302.59391 17.201 0.010 5.20 417.0
2458304.53833 17.217 0.014 6.83 340.0
2458304.64642 17.241 0.015 7.89 291.0
2458305.52341 17.203 0.015 7.38 350.0
2458305.67134 17.233 0.014 7.76 245.0
2458305.79645 17.220 0.014 6.95 303.0
2458306.65507 17.229 0.014 7.64 255.0
2458306.78473 17.231 0.015 7.63 304.0
2458307.50152 17.236 0.012 5.86 344.0
2458307.62378 17.251 0.010 5.20 225.0
2458307.74653 17.240 0.010 4.47 255.0
2458308.46909 17.247 0.015 7.05 421.0
2458308.57950 17.233 0.010 5.32 194.0
2458308.71029 17.239 0.012 6.11 230.0
2458308.81625 17.238 0.013 5.97 347.0
2458309.55575 17.262 0.010 5.03 231.0
2458309.68872 17.240 0.010 4.36 198.0
2458309.79910 17.257 0.010 4.13 313.0
2458310.52042 17.255 0.012 6.49 248.0
2458310.60630 17.259 0.010 4.79 216.0
2458310.69325 17.234 0.010 4.77 252.0
2458310.80423 17.257 0.012 5.73 310.0
2458311.53260 17.212 0.015 8.29 265.0
2458311.65614 17.223 0.011 5.80 212.0
2458311.77650 17.255 0.012 5.01 326.0
2458312.50219 17.248 0.012 6.06 308.0
2458312.61667 17.251 0.010 4.96 197.0
2458312.76578 17.254 0.009 3.98 216.0
2458313.50313 17.271 0.012 6.33 309.0
2458313.61926 17.260 0.009 4.81 202.0
2458313.73618 17.266 0.011 4.09 286.0
2458314.47025 17.277 0.014 5.97 426.0
2458314.58176 17.237 0.012 5.73 273.0
2458314.71227 17.268 0.011 4.89 284.0
2458316.46745 17.264 0.016 6.58 491.0
2458316.58240 17.236 0.012 6.33 280.0
2458316.71106 17.236 0.013 6.24 255.0
2458320.52013 17.276 0.014 6.80 336.0
2458320.65107 17.256 0.011 5.28 275.0
2458320.76126 17.255 0.010 4.79 282.0
2458321.55319 17.258 0.013 5.74 399.0
2458328.52014 17.243 0.014 5.53 480.0
2458328.63203 17.245 0.014 6.13 431.0
2458328.74293 17.219 0.019 7.27 655.0
2458329.54195 17.264 0.013 5.27 417.0
2458329.65396 17.242 0.012 5.17 413.0
2458329.76160 17.231 0.013 5.11 550.0
2458330.58355 17.245 0.015 6.16 741.0
2458331.55912 17.232 0.010 5.21 223.0
2458331.68156 17.248 0.012 5.45 319.0
2458332.55998 17.209 0.012 5.90 285.0
2458332.68335 17.206 0.013 6.26 357.0
2458333.54078 17.229 0.011 4.96 297.0
2458333.67486 17.249 0.011 5.03 256.0
2458334.58514 17.240 0.012 6.24 304.0
2458335.53942 17.239 0.012 5.45 383.0
2458336.47351 17.250 0.015 6.95 340.0
2458336.61583 17.253 0.010 5.07 187.0
2458338.48923 17.206 0.014 7.32 333.0
2458338.61713 17.215 0.012 6.14 250.0
2458339.50557 17.247 0.010 4.49 280.0
2458339.64539 17.225 0.010 4.67 200.0
2458340.59909 17.230 0.011 5.23 259.0
2458341.49842 17.252 0.011 5.00 289.0
2458341.62054 17.262 0.009 4.05 199.0
2458342.52978 17.237 0.011 5.39 243.0
2458343.51129 17.223 0.012 5.36 294.0
2458344.54083 17.233 0.011 5.01 275.0
2458344.71569 17.243 0.012 5.52 311.0
2458345.57239 17.241 0.011 4.92 310.0
2458346.48037 17.254 0.013 6.42 272.0
2458346.61941 17.270 0.011 5.20 195.0
2458347.52501 17.243 0.010 4.81 215.0
2458347.70802 17.248 0.010 4.68 254.0
2458348.59165 17.257 0.013 5.81 284.0
2458355.56169 17.240 0.012 5.12 400.0
2458356.49688 17.223 0.013 4.96 471.0
2458356.69126 17.222 0.012 4.62 586.0
2458357.67348 17.238 0.012 4.15 497.0
2458358.58655 17.251 0.012 4.37 394.0
2458359.50223 17.236 0.012 5.89 277.0
2458359.66624 17.236 0.014 5.80 443.0
2458360.57862 17.241 0.014 5.94 369.0
2458361.48225 17.249 0.014 6.30 383.0
2458363.58344 17.256 0.011 5.88 253.0
2458364.52968 17.243 0.011 5.32 314.0
2458364.67665 17.270 0.011 6.22 251.0
2458366.66248 17.246 0.011 5.10 305.0
2458367.64421 17.252 0.011 5.13 287.0
2458368.59222 17.260 0.010 3.69 316.0
2458369.51777 17.241 0.011 4.54 289.0
2458370.49112 17.235 0.011 4.60 352.0
2458371.48373 17.263 0.011 4.31 355.0
2458371.65162 17.242 0.013 5.81 349.0
2458372.63448 17.247 0.013 5.85 339.0
2458373.62753 17.226 0.016 7.51 318.0
2458375.60183 17.231 0.013 6.54 258.0
2458376.53266 17.260 0.015 7.46 315.0
2458381.53428 17.266 0.016 5.63 744.0
2458382.55227 17.240 0.012 4.47 470.0
2458383.58881 17.243 0.015 5.12 574.0
2458385.56303 17.245 0.010 3.62 469.0
2458392.48331 17.262 0.020 7.39 577.0
2458394.51340 17.258 0.014 6.08 331.0
2458397.55918 17.284 0.012 5.75 280.0
2458407.49540 17.213 0.024 7.74 966.0
2458517.87992 17.243 0.019 7.60 632.0
2458519.87561 17.182 0.013 6.37 445.0
2458522.89285 17.221 0.020 5.55 1848.0
2458523.89520 17.269 0.017 5.07 1219.0
2458526.89090 17.230 0.022 7.32 1029.0
2458528.87322 17.199 0.013 6.24 369.0
2458528.88468 17.283 0.014 6.19 431.0
2458535.84984 17.202 0.016 7.08 486.0
2458535.88940 17.242 0.015 6.65 502.0
2458536.87833 17.234 0.013 5.54 448.0
2458537.86779 17.263 0.014 6.79 350.0
2458539.83572 17.242 0.016 7.16 419.0
2458539.87770 17.223 0.012 5.55 366.0
2458540.85950 17.248 0.015 4.59 850.0
2458544.81794 17.244 0.010 4.80 263.0
2458544.86088 17.258 0.011 5.93 237.0
2458546.82746 17.255 0.010 4.60 268.0
2458546.87794 17.261 0.011 5.53 248.0
2458547.82503 17.283 0.012 6.64 274.0
2458547.88713 17.264 0.010 4.98 251.0
2458548.83551 17.245 0.011 4.75 337.0
2458548.89100 17.255 0.011 5.78 348.0
2458549.82913 17.258 0.012 6.64 256.0
2458549.88002 17.244 0.012 6.26 260.0
2458550.84234 17.280 0.010 4.73 249.0
2458550.89129 17.268 0.012 6.57 262.0
2458551.85246 17.252 0.011 5.70 236.0
2458551.90115 17.246 0.012 6.19 274.0
2458552.87352 17.228 0.013 7.30 238.0
2458553.79880 17.227 0.013 6.95 241.0
2458553.85133 17.236 0.013 6.99 267.0
2458554.78787 17.233 0.013 6.89 286.0
2458554.82767 17.270 0.012 5.64 280.0
2458554.87764 17.263 0.011 6.02 242.0
2458555.78917 17.242 0.012 5.91 310.0
2458555.83847 17.271 0.011 6.02 265.0
2458555.88620 17.241 0.010 4.96 247.0
2458556.80971 17.235 0.011 5.69 300.0
2458556.85037 17.257 0.012 6.64 249.0
2458556.90016 17.244 0.011 6.31 277.0
2458557.81760 17.260 0.011 5.47 253.0
2458557.86716 17.231 0.011 5.67 247.0
2458557.90935 17.233 0.014 5.85 499.0
2458558.82013 17.238 0.011 5.96 257.0
2458558.85970 17.234 0.011 5.42 263.0
2458558.91107 17.241 0.012 5.65 372.0
2458559.80388 17.227 0.010 4.73 278.0
2458559.85377 17.250 0.009 3.80 239.0
2458559.89416 17.234 0.010 5.11 246.0
2458560.81394 17.272 0.010 4.24 338.0
2458560.85348 17.233 0.010 4.71 251.0
2458560.90264 17.253 0.010 4.79 276.0
2458561.80741 17.248 0.012 5.15 396.0
2458561.85979 17.262 0.011 5.00 343.0
2458561.89944 17.259 0.012 5.70 273.0
2458562.80496 17.226 0.015 6.50 505.0
2458562.84579 17.269 0.013 5.97 472.0
2458562.90245 17.275 0.014 5.99 425.0
2458563.78362 17.255 0.015 6.44 616.0
2458563.84173 17.242 0.012 4.31 511.0
2458563.88173 17.259 0.012 4.34 483.0
2458564.78001 17.242 0.013 5.60 490.0
2458564.83118 17.244 0.012 5.04 432.0
2458564.88105 17.268 0.011 4.70 449.0
2458565.77329 17.266 0.013 5.41 550.0
2458565.83840 17.265 0.013 5.35 473.0
2458565.88276 17.252 0.011 3.92 420.0
2458566.78987 17.232 0.012 4.89 493.0
2458566.83809 17.259 0.011 4.39 464.0
2458566.88912 17.254 0.012 5.14 407.0
2458567.85200 17.239 0.016 4.80 1060.0
2458567.89889 17.274 0.020 5.53 1233.0
2458573.87466 17.246 0.013 6.85 279.0
2458573.92498 17.214 0.017 6.21 731.0
2458574.81284 17.222 0.014 8.12 222.0
2458574.87450 17.235 0.012 6.50 225.0
2458574.91804 17.211 0.012 6.28 296.0
2458575.76869 17.229 0.011 6.22 249.0
2458575.80798 17.222 0.011 6.38 237.0
2458575.85612 17.262 0.011 5.64 248.0
2458575.89562 17.268 0.013 6.45 260.0
2458576.78387 17.259 0.012 7.41 247.0
2458576.82119 17.248 0.011 6.32 240.0
2458576.86928 17.213 0.012 6.87 217.0
2458576.91133 17.259 0.013 7.34 233.0
2458577.77333 17.271 0.014 7.07 293.0
2458577.83177 17.237 0.013 6.50 299.0
2458577.90441 17.215 0.015 7.42 335.0
2458578.72928 17.237 0.012 5.75 288.0
2458578.77627 17.236 0.010 5.09 264.0
2458578.81572 17.242 0.011 5.58 286.0
2458578.88317 17.221 0.011 5.94 289.0
2458578.92565 17.225 0.014 6.11 533.0
2458579.75416 17.244 0.012 5.65 312.0
2458579.79207 17.230 0.014 6.87 329.0
2458579.83900 17.260 0.013 6.07 373.0
2458579.89282 17.229 0.012 5.71 360.0
2458580.72642 17.216 0.013 6.96 330.0
2458580.76524 17.230 0.011 6.13 278.0
2458580.82214 17.240 0.011 5.99 265.0
2458580.85778 17.293 0.013 6.21 301.0
2458580.92551 17.261 0.018 4.94 1337.0
2458581.75678 17.245 0.011 6.06 263.0
2458581.87064 17.231 0.011 5.03 263.0
2458582.73181 17.229 0.012 6.77 245.0
2458582.82295 17.212 0.011 5.48 266.0
2458583.69942 17.236 0.013 6.94 325.0
2458583.77295 17.236 0.011 6.09 260.0
2458583.90077 17.216 0.011 5.03 295.0
2458584.73799 17.218 0.010 5.62 262.0
2458584.85115 17.227 0.010 5.23 227.0
2458585.72683 17.250 0.011 6.31 271.0
2458585.81534 17.238 0.009 4.52 254.0
2458586.69009 17.237 0.014 7.52 315.0
2458586.75188 17.238 0.010 5.51 237.0
2458586.88021 17.235 0.011 5.64 231.0
2458587.70731 17.252 0.014 6.91 354.0
2458587.79279 17.241 0.012 6.09 257.0
2458588.68974 17.238 0.013 6.47 384.0
2458588.74846 17.248 0.011 5.81 293.0
2458588.88434 17.265 0.010 4.27 261.0
2458589.71903 17.227 0.013 5.61 419.0
2458589.80868 17.259 0.011 4.90 337.0
2458590.69253 17.241 0.013 5.69 528.0
2458590.74674 17.230 0.011 4.75 438.0
2458590.87355 17.270 0.010 3.40 355.0
2458591.71645 17.240 0.013 5.67 554.0
2458591.80872 17.228 0.011 4.97 462.0
2458592.73114 17.209 0.017 5.72 963.0
2458592.85455 17.236 0.013 5.76 563.0
2458593.72332 17.232 0.018 6.46 867.0
2458593.86131 17.267 0.015 4.94 1095.0
2458594.69387 17.249 0.015 5.43 699.0
2458594.76423 17.240 0.014 5.83 554.0
2458594.88047 17.262 0.014 5.21 623.0
2458595.71246 17.204 0.024 7.05 1272.0
2458599.69143 17.272 0.018 8.05 471.0
2458599.74516 17.227 0.014 7.27 322.0
2458599.80270 17.229 0.011 6.16 292.0
2458599.88436 17.250 0.010 4.55 305.0
2458599.93475 17.264 0.015 4.92 886.0
2458600.70233 17.230 0.011 5.77 271.0
2458600.85970 17.237 0.010 4.72 356.0
2458601.68296 17.225 0.010 5.45 267.0
2458601.78489 17.254 0.010 4.73 286.0
2458602.68007 17.258 0.010 5.02 247.0
2458602.76914 17.251 0.010 4.64 247.0
2458602.93504 17.245 0.015 3.70 1331.0
2458603.71755 17.246 0.010 5.13 236.0
2458603.87682 17.236 0.010 4.28 295.0
2458604.75249 17.266 0.013 6.40 241.0
2458604.87070 17.248 0.012 5.80 280.0
2458605.69484 17.242 0.011 5.68 265.0
2458605.81159 17.254 0.012 5.65 284.0
2458606.67248 17.290 0.010 4.55 277.0
2458606.76148 17.252 0.009 3.64 236.0
2458606.90996 17.234 0.010 4.14 305.0
2458607.69885 17.243 0.010 5.58 270.0
2458607.84132 17.250 0.011 4.73 302.0
2458608.65558 17.284 0.013 5.61 516.0
2458608.80081 17.240 0.010 4.34 316.0
2458609.66470 17.255 0.011 5.79 339.0
2458612.77074 17.275 0.013 6.65 226.0
2458612.91713 17.227 0.013 5.97 341.0
2458613.67620 17.248 0.012 5.96 264.0
2458613.81589 17.248 0.011 4.86 302.0
2458614.63869 17.240 0.013 6.02 389.0
2458614.71145 17.232 0.012 5.60 311.0
2458614.86968 17.238 0.012 4.51 421.0
2458615.66857 17.204 0.012 6.66 291.0
2458615.81343 17.249 0.010 4.70 240.0
2458616.63936 17.237 0.011 5.49 356.0
2458616.72885 17.257 0.010 4.33 305.0
2458616.87718 17.258 0.010 4.20 348.0
2458617.66647 17.256 0.011 5.40 334.0
2458617.78633 17.241 0.009 3.34 284.0
2458618.62865 17.278 0.013 6.38 415.0
2458618.72281 17.248 0.012 5.43 390.0
2458618.87461 17.276 0.013 5.39 483.0
2458619.65643 17.240 0.015 7.32 409.0
2458619.76177 17.257 0.012 5.27 377.0
2458620.62924 17.259 0.017 7.57 493.0
2458620.71206 17.268 0.014 6.40 404.0
2458620.88409 17.232 0.012 4.87 431.0
2458621.70372 17.208 0.016 6.15 688.0
2458621.86732 17.254 0.016 5.29 716.0
2458626.62078 17.248 0.018 7.85 472.0
2458626.67019 17.229 0.015 6.88 435.0
2458626.72050 17.227 0.014 6.44 404.0
2458626.77817 17.237 0.011 4.69 417.0
2458626.83579 17.230 0.013 5.33 505.0
2458626.88595 17.212 0.013 5.00 557.0
2458626.93567 17.226 0.015 5.84 664.0
2458627.66292 17.251 0.013 5.36 778.0
2458627.72533 17.209 0.011 4.49 508.0
2458635.65608 17.249 0.011 5.25 236.0
2458635.75424 17.246 0.011 5.16 257.0
2458635.88971 17.214 0.015 7.36 377.0
2458636.59506 17.247 0.011 5.46 277.0
2458636.71094 17.236 0.009 4.03 236.0
2458636.84684 17.252 0.010 4.32 265.0
2458637.57941 17.247 0.011 5.90 307.0
2458637.66093 17.259 0.010 5.49 198.0
2458637.80901 17.240 0.010 3.90 320.0
2458638.63050 17.255 0.010 6.23 253.0
2458638.71280 17.245 0.009 4.72 210.0
2458638.90511 17.265 0.012 4.73 445.0
2458639.74668 17.264 0.010 5.09 263.0
2458640.57857 17.255 0.012 6.67 294.0
2458640.66512 17.278 0.010 4.90 241.0
2458640.81899 17.252 0.012 5.15 299.0
2458641.58881 17.251 0.013 6.74 349.0
2458641.71682 17.250 0.009 4.39 287.0
2458642.65032 17.235 0.011 5.81 268.0
2458642.86902 17.283 0.013 5.25 403.0
2458643.56870 17.225 0.011 6.36 320.0
2458643.67561 17.273 0.010 4.37 272.0
2458643.80111 17.243 0.010 4.19 254.0
2458643.90198 17.226 0.013 6.02 359.0
2458644.58584 17.276 0.013 6.44 342.0
2458644.71303 17.279 0.010 4.54 250.0
2458644.82837 17.253 0.013 5.78 330.0
2458646.58323 17.199 0.014 7.10 326.0
2458646.63846 17.221 0.011 5.85 273.0
2458646.75047 17.252 0.013 5.87 318.0
2458646.85308 17.245 0.015 6.98 370.0
2458647.61883 17.264 0.012 5.47 386.0
2458647.70973 17.203 0.011 5.12 353.0
2458647.83021 17.240 0.013 6.19 363.0
2458648.62308 17.255 0.014 5.92 488.0
2458648.71696 17.237 0.015 6.63 435.0
2458648.83608 17.262 0.014 6.01 469.0
2458649.59171 17.252 0.018 6.78 651.0
2458649.67352 17.207 0.018 7.46 602.0
2458655.52918 17.188 0.010 6.25 384.0
2458655.70262 17.242 0.013 5.91 457.0
2458656.61433 17.265 0.011 5.10 511.0
2458656.67655 17.238 0.011 5.45 434.0
2458656.81577 17.229 0.011 5.20 357.0
2458657.54556 17.217 0.011 5.64 282.0
2458657.63853 17.291 0.011 5.02 246.0
2458657.75732 17.242 0.010 4.48 240.0
2458657.86780 17.245 0.012 5.56 349.0
2458660.50374 17.280 0.014 6.72 311.0
2458660.70723 17.241 0.010 4.74 209.0
2458661.54737 17.265 0.012 5.88 283.0
2458662.59322 17.226 0.014 7.97 291.0
2458664.56955 17.245 0.010 5.03 186.0
2458664.81771 17.233 0.010 6.07 324.0
2458666.54454 17.234 0.013 6.30 348.0
2458666.81838 17.252 0.015 8.43 238.0
2458667.66896 17.269 0.011 5.06 292.0
2458668.49302 17.297 0.016 3.00 315.0
2458668.76578 17.226 0.010 5.58 189.0
2458669.55193 17.254 0.013 6.39 350.0
2458669.81304 17.238 0.011 5.47 325.0
2458670.62164 17.232 0.009 4.59 207.0
2458671.67600 17.221 0.013 7.64 215.0
2458673.74501 17.237 0.011 5.89 273.0
2458674.73867 17.255 0.011 5.29 249.0
2458675.62831 17.263 0.012 4.38 624.0
2458676.49449 17.215 0.013 5.54 517.0
2458676.74345 17.266 0.013 5.09 438.0
2458676.81968 17.310 0.019 7.76 485.0
2458681.50287 17.239 0.020 6.96 825.0
2458681.65968 17.250 0.014 4.99 655.0
2458682.52873 17.254 0.014 5.93 478.0
2458683.52365 17.264 0.014 6.58 393.0
2458683.78355 17.204 0.014 6.12 429.0
2458684.52755 17.266 0.013 5.96 282.0
2458684.74089 17.262 0.010 4.13 315.0
2458685.57088 17.253 0.011 5.42 312.0
2458688.61280 17.232 0.013 7.71 223.0
2458689.54066 17.252 0.011 5.67 271.0
2458689.78557 17.249 0.015 7.26 350.0
2458690.52746 17.235 0.013 6.75 286.0
2458691.49475 17.244 0.010 4.66 286.0
2458691.75703 17.259 0.014 6.90 290.0
2458692.49735 17.251 0.012 5.41 342.0
2458692.69664 17.248 0.010 4.63 242.0
2458693.49652 17.261 0.013 6.82 255.0
2458694.53426 17.246 0.010 4.67 273.0
2458694.74225 17.234 0.009 4.21 237.0
2458695.53081 17.236 0.010 5.41 242.0
2458698.52250 17.234 0.010 5.18 222.0
2458698.75709 17.269 0.010 4.93 270.0
2458699.50197 17.221 0.011 5.41 295.0
2458700.50008 17.229 0.009 4.23 257.0
2458701.65378 17.252 0.010 4.61 271.0
2458702.49763 17.241 0.012 5.56 277.0
2458702.66014 17.224 0.010 4.36 247.0
2458704.72229 17.225 0.018 8.36 602.0
2458711.68279 17.237 0.024 7.77 977.0
2458712.63356 17.244 0.015 7.03 368.0
2458713.62506 17.233 0.014 6.58 325.0
2458715.51526 17.246 0.012 6.28 243.0
2458717.63673 17.251 0.012 6.12 247.0
2458718.65290 17.281 0.011 5.12 268.0
2458719.61986 17.257 0.013 6.57 277.0
2458721.69412 17.294 0.014 6.94 278.0
2458723.65197 17.262 0.011 5.35 291.0
2458724.65204 17.257 0.010 5.22 229.0
2458725.60237 17.263 0.012 6.00 235.0
2458726.64375 17.224 0.010 4.96 197.0
2458727.62566 17.245 0.012 5.43 321.0
2458728.64694 17.237 0.011 4.87 268.0
2458729.64416 17.222 0.012 5.97 280.0
2458730.63112 17.241 0.011 5.64 249.0
2458731.61570 17.299 0.015 7.57 302.0
2458736.65142 17.217 0.019 7.75 595.0
2458737.63071 17.275 0.019 7.49 555.0
2458738.59965 17.236 0.015 6.04 547.0
2458739.51506 17.246 0.013 5.75 422.0
2458740.55763 17.252 0.015 6.09 438.0
2458741.61157 17.202 0.013 5.74 450.0
2458742.61049 17.255 0.014 5.97 450.0
2458746.60227 17.262 0.013 6.57 273.0
2458748.59729 17.211 0.013 6.42 348.0
2458754.59325 17.213 0.013 6.36 352.0
2458759.59146 17.273 0.017 7.07 431.0
2458783.52698 17.265 0.014 5.82 431.0
2458886.87041 17.249 0.014 7.29 315.0
2458887.86807 17.224 0.015 6.25 609.0
2458888.86801 17.212 0.017 6.73 707.0
2458889.86435 17.266 0.015 5.99 596.0
2458890.86275 17.300 0.013 5.62 482.0
2458892.86610 17.194 0.014 5.06 769.0
2458893.85399 17.257 0.013 5.61 481.0
2458909.84231 17.162 0.010 5.50 225.0
2458909.87775 17.252 0.009 4.48 214.0
2458910.83342 17.221 0.013 7.37 254.0
2458911.80625 17.225 0.012 6.37 290.0
2458911.85468 17.249 0.011 5.78 251.0
2458911.88899 17.241 0.012 6.82 259.0
2458912.82680 17.266 0.012 5.45 277.0
2458912.86146 17.213 0.010 5.66 222.0
2458913.78896 17.292 0.016 7.51 338.0
2458913.83228 17.260 0.011 5.82 266.0
2458913.87502 17.237 0.011 6.27 231.0
2458914.83949 17.207 0.011 5.52 272.0
2458914.88168 17.247 0.010 4.93 273.0
2458915.81944 17.258 0.013 6.07 353.0
2458915.86230 17.223 0.010 5.22 228.0
2458915.89684 17.250 0.010 5.47 253.0
2458916.82190 17.290 0.012 5.21 440.0
2458916.85641 17.229 0.011 4.79 378.0
2458917.78625 17.242 0.015 5.82 705.0
2458917.82544 17.251 0.013 5.42 572.0
2458917.87013 17.273 0.012 5.33 483.0
2458918.79497 17.214 0.015 5.67 664.0
2458918.84412 17.248 0.012 5.16 517.0
2458918.87958 17.269 0.012 5.31 432.0
2458919.79024 17.256 0.016 6.00 614.0
2458919.82888 17.265 0.013 5.20 502.0
2458919.87186 17.217 0.011 5.25 422.0
2458919.90656 17.276 0.012 5.07 502.0
2458920.82798 17.242 0.012 5.12 496.0
2458920.86693 17.264 0.011 4.72 431.0
2458920.90957 17.265 0.012 4.49 509.0
2458921.80810 17.228 0.012 5.05 496.0
2458921.85322 17.276 0.011 4.53 448.0
2458921.88817 17.252 0.011 4.44 436.0
2458922.82554 17.274 0.013 5.38 600.0
2459795.58308 17.243 0.011 5.67 232.0
2459795.62096 17.260 0.010 5.13 229.0
2459795.66619 17.242 0.012 6.55 246.0
2459795.70305 17.233 0.014 7.48 281.0
2459795.74565 17.238 0.014 7.04 358.0
2459796.52229 17.281 0.014 6.82 304.0
2459796.64444 17.269 0.011 5.48 273.0
2459796.68862 17.267 0.010 5.15 272.0
2459796.72621 17.282 0.012 6.50 245.0
2459797.54300 17.247 0.016 7.95 437.0
2459797.60129 17.276 0.013 5.64 353.0
2459797.64486 17.269 0.014 6.08 352.0
2459797.69231 17.257 0.012 5.30 368.0
2459797.74386 17.244 0.013 5.45 384.0
2459798.54706 17.254 0.024 7.09 1340.0
2459804.50634 17.263 0.012 4.58 467.0
2459804.54225 17.254 0.013 5.78 456.0
2459804.58715 17.261 0.014 6.00 446.0
2459804.62196 17.282 0.014 6.00 464.0
2459804.66603 17.289 0.014 5.79 524.0
2459804.70574 17.260 0.014 5.43 585.0
2459805.53074 17.231 0.014 6.19 435.0
2459805.56697 17.228 0.012 5.07 393.0
2459805.61018 17.265 0.012 4.80 417.0
2459805.64468 17.261 0.013 5.49 424.0
2459805.68741 17.251 0.013 5.05 475.0
2459805.72196 17.213 0.013 5.34 522.0
2459806.57568 17.260 0.015 6.81 394.0
2459806.62784 17.299 0.014 6.34 384.0
2459806.67387 17.231 0.014 6.34 386.0
2459806.70844 17.186 0.014 6.17 462.0
2459807.49177 17.267 0.012 5.97 268.0
2459807.54522 17.270 0.011 5.55 256.0
2459807.59273 17.257 0.011 5.75 242.0
2459807.64831 17.261 0.011 5.36 269.0
2459807.71423 17.252 0.012 5.77 343.0
2459807.74759 17.248 0.012 5.56 366.0
2459808.52032 17.288 0.011 5.65 235.0
2459808.58113 17.247 0.011 5.92 221.0
2459808.66830 17.244 0.011 5.16 291.0
2459808.70577 17.294 0.014 6.00 372.0
2459809.56848 17.274 0.013 7.20 227.0
2459809.60411 17.275 0.011 5.62 230.0
2459809.64941 17.233 0.011 5.68 235.0
2459810.47721 17.237 0.012 5.07 428.0
2459810.54209 17.277 0.009 4.48 230.0
2459810.67081 17.243 0.009 4.01 235.0
2459811.48416 17.239 0.014 7.06 277.0
2459811.51883 17.276 0.011 6.57 215.0
2459811.66929 17.234 0.010 4.62 225.0
2459811.70416 17.280 0.010 4.61 269.0
2459812.49105 17.227 0.013 6.94 252.0
2459812.52768 17.246 0.011 6.26 208.0
2459812.68893 17.235 0.009 4.33 217.0
2459813.48209 17.206 0.016 6.96 472.0
2459813.66307 17.230 0.011 5.81 227.0
2459813.69793 17.231 0.011 5.83 221.0
2459814.49229 17.239 0.011 5.90 269.0
2459814.54794 17.243 0.010 5.23 252.0
2459814.59086 17.241 0.011 5.73 248.0
2459814.68183 17.258 0.013 6.55 291.0
2459815.47877 17.201 0.012 4.97 529.0
2459815.53461 17.248 0.011 5.98 254.0
2459815.57736 17.277 0.011 5.55 266.0
2459815.69688 17.216 0.010 5.25 292.0
2459816.49875 17.244 0.012 6.71 250.0
2459816.53575 17.283 0.013 6.95 254.0
2459816.58035 17.243 0.010 4.73 246.0
2459816.68848 17.272 0.010 4.52 259.0
2459817.48469 17.228 0.011 5.21 342.0
2459817.52448 17.262 0.010 4.34 293.0
2459817.59473 17.261 0.011 5.31 276.0
2459817.64529 17.263 0.010 4.46 285.0
2459818.51787 17.263 0.015 7.77 301.0
2459818.57393 17.263 0.013 6.48 335.0
2459819.49616 17.256 0.010 4.35 341.0
2459819.56686 17.240 0.010 4.40 304.0
2459819.67141 17.272 0.010 4.48 383.0
2459820.52107 17.267 0.012 6.11 286.0
2459820.65852 17.245 0.011 5.30 265.0
2459821.49479 17.246 0.012 6.34 306.0
2459821.54474 17.233 0.010 5.46 219.0
2459821.68036 17.241 0.011 5.52 303.0
2459822.52132 17.304 0.011 5.27 268.0
2459822.58084 17.264 0.011 5.52 269.0
2459823.58235 17.239 0.013 6.76 321.0
2459823.66753 17.239 0.013 6.76 328.0
2459824.54739 17.276 0.016 7.26 399.0
2459824.59446 17.249 0.014 5.86 431.0
2459825.63233 17.221 0.016 7.12 489.0
2459829.56421 17.214 0.016 6.51 630.0
2459829.65734 17.313 0.020 6.41 798.0
2459830.48567 17.262 0.021 7.56 697.0
2459831.48968 17.214 0.016 7.12 586.0
2459831.53907 17.205 0.014 6.13 511.0
2459831.60743 17.228 0.015 6.32 596.0
2459832.49905 17.186 0.016 6.93 551.0
2459832.54879 17.190 0.014 6.23 558.0
2459834.48924 17.222 0.012 5.45 437.0
2459834.54527 17.268 0.013 5.47 467.0
2459834.59273 17.259 0.014 5.96 519.0
2459834.64336 17.279 0.013 5.20 595.0
2459835.57350 17.265 0.015 6.42 419.0
2459835.62099 17.264 0.013 5.94 379.0
2459836.49091 17.256 0.019 8.16 489.0
2459837.62771 17.232 0.011 4.79 382.0
2459838.51840 17.230 0.012 5.86 315.0
2459838.57855 17.248 0.011 5.24 329.0
2459838.62619 17.279 0.011 5.26 365.0
2459840.52161 17.266 0.013 7.03 269.0
2459840.56921 17.263 0.013 6.83 296.0
2459840.63316 17.243 0.014 6.92 345.0
2459841.53385 17.252 0.011 5.42 326.0
2459841.58078 17.225 0.011 5.28 367.0
2459841.62503 17.264 0.013 6.57 396.0
2459843.58631 17.221 0.013 6.34 323.0
2459844.51645 17.267 0.011 5.40 308.0
2459844.56897 17.237 0.011 5.52 337.0
2459844.61641 17.260 0.013 6.54 388.0
2459845.52809 17.227 0.011 5.77 279.0
2459845.57704 17.226 0.010 4.77 292.0
2459846.56769 17.231 0.015 7.52 320.0
2459846.61646 17.223 0.014 6.77 411.0
2459848.55369 17.231 0.014 6.49 380.0
2459848.60038 17.256 0.013 6.23 399.0
2459849.60951 17.223 0.012 6.15 334.0
2459850.57954 17.255 0.014 6.68 347.0
2459851.53219 17.215 0.014 7.16 356.0
2459852.49981 17.286 0.016 7.82 352.0
2459852.54427 17.233 0.013 6.20 360.0
2459852.59783 17.251 0.012 5.41 398.0
2459856.52509 17.226 0.016 6.42 631.0
2459857.54852 17.282 0.016 5.96 631.0
2459859.50735 17.209 0.011 4.72 544.0
2459859.55653 17.262 0.012 4.65 614.0
2459860.49600 17.283 0.021 7.24 782.0
2459860.54028 17.307 0.018 6.52 670.0
2459861.55729 17.240 0.017 6.31 751.0
2459862.53982 17.232 0.017 6.12 701.0
2459863.52187 17.244 0.014 5.21 544.0
2459864.51249 17.236 0.020 7.80 500.0
2459864.56182 17.266 0.015 5.00 751.0
2459866.50260 17.255 0.014 4.81 662.0
2459866.55178 17.231 0.012 4.36 570.0
2459868.50226 17.251 0.018 6.13 695.0
2459869.51337 17.261 0.013 5.04 426.0
2459870.52011 17.249 0.013 5.61 398.0
2459875.50205 17.215 0.020 7.22 833.0
2459877.51374 17.273 0.015 5.66 530.0
2459984.87191 17.295 0.015 6.58 488.0
2459995.86220 17.259 0.010 5.03 349.0
2460000.84577 17.248 0.012 5.71 399.0
2460004.81460 17.254 0.010 5.06 317.0
2460007.81078 17.247 0.012 5.62 491.0
2460010.89207 17.248 0.014 6.38 463.0
2460011.89007 17.278 0.011 4.64 433.0
2460015.79785 17.272 0.013 5.84 581.0
2460021.81911 17.246 0.010 5.33 267.0
2460024.81130 17.228 0.009 4.31 257.0
2460027.77104 17.256 0.011 6.08 280.0
2460029.79708 17.246 0.010 5.97 231.0
2460031.86649 17.272 0.010 5.63 285.0
2460034.75280 17.276 0.011 6.58 257.0
2460036.87731 17.262 0.010 6.05 254.0
2460036.88632 17.221 0.008 3.92 245.0
2460039.77417 17.259 0.013 6.00 423.0
2460041.80163 17.207 0.012 5.39 472.0
2460047.90042 17.232 0.010 4.44 372.0
2460050.80969 17.278 0.010 5.29 222.0
2460053.72387 17.235 0.009 5.11 253.0
2460056.84765 17.240 0.009 4.55 256.0
2460059.66921 17.261 0.015 7.92 334.0
2460061.71115 17.245 0.010 5.25 275.0
2460063.70305 17.258 0.010 5.20 344.0
2460066.91510 17.275 0.009 3.92 274.0
2460068.89352 17.270 0.011 4.55 508.0
2460070.85343 17.239 0.015 4.59 1172.0
2460076.73931 17.240 0.010 4.81 406.0
2460086.62757 17.248 0.014 6.34 366.0
2460087.66659 17.256 0.011 4.67 290.0
2460088.61080 17.254 0.014 6.11 390.0
2460089.76779 17.256 0.012 5.54 295.0
2460091.83563 17.235 0.012 5.05 376.0
2460093.89467 17.249 0.015 6.55 494.0
2460095.90479 17.235 0.014 5.85 411.0
2460097.59309 17.273 0.015 4.87 667.0
2460104.65503 17.248 0.012 4.77 358.0
2460105.78613 17.259 0.012 5.49 304.0
2460107.75141 17.248 0.015 7.53 252.0
2460109.59916 17.225 0.015 7.47 310.0
2460111.53197 17.240 0.013 5.89 366.0
2460112.63565 17.273 0.011 4.92 288.0
2460113.77294 17.265 0.013 5.81 327.0
2460118.68948 17.239 0.012 5.93 284.0
2460120.57049 17.265 0.012 5.55 296.0
2460122.49761 17.298 0.015 6.07 461.0
2460123.72466 17.253 0.011 4.75 356.0
2460125.49974 17.249 0.019 6.07 921.0
2460130.51600 17.274 0.018 5.74 943.0
2460131.78113 17.239 0.016 5.77 720.0
2460134.51965 17.238 0.012 5.89 391.0
2460139.71877 17.261 0.012 5.71 273.0
2460141.63741 17.257 0.012 5.83 246.0
2460143.64106 17.274 0.010 4.55 250.0
2460149.52466 17.256 0.011 5.03 329.0
2460157.66521 17.277 0.013 3.99 791.0
2460159.57717 17.262 0.013 4.94 431.0
2460160.74735 17.251 0.015 5.46 553.0
2460167.53489 17.244 0.013 6.72 230.0
2460169.65177 17.275 0.013 6.21 221.0
2460171.66837 17.235 0.011 5.21 282.0
2460174.62625 17.256 0.013 6.71 258.0
2460179.58807 17.275 0.011 4.70 288.0
2460185.55612 17.252 0.017 6.17 583.0
2460188.58070 17.246 0.014 6.10 467.0
2460201.60036 17.241 0.012 5.65 302.0
2460204.50320 17.256 0.014 6.12 358.0
2460212.55840 17.289 0.014 5.29 567.0
2460218.54253 17.257 0.017 7.20 435.0
2460225.56464 17.311 0.017 6.90 450.0
2460230.52635 17.242 0.019 7.65 509.0
2460243.51758 17.216 0.018 5.94 703.0
2460353.87603 17.260 0.014 6.25 392.0
2460364.89241 17.233 0.016 6.10 594.0
2460370.83526 17.261 0.012 4.74 482.0
2460377.82370 17.236 0.012 5.27 373.0
2460380.82880 17.257 0.013 5.23 406.0
2460383.80083 17.267 0.012 5.28 319.0
2460385.89808 17.252 0.012 5.51 279.0
2460388.91189 17.264 0.011 4.64 423.0
2460392.77267 17.243 0.012 4.92 448.0
2460394.84515 17.253 0.012 4.53 528.0
2460396.86974 17.256 0.012 4.67 520.0
2460398.76361 17.288 0.013 5.02 625.0
2460403.87977 17.260 0.010 4.32 279.0
2460406.76416 17.264 0.014 6.58 315.0
2460409.74278 17.226 0.011 5.07 338.0
2460416.77892 17.258 0.015 7.28 286.0
2460419.74910 17.222 0.012 5.44 332.0
2460424.75301 17.260 0.014 5.51 599.0
2460432.72883 17.247 0.012 5.65 346.0
2460434.72584 17.235 0.012 5.71 343.0
2460436.69956 17.233 0.013 6.95 251.0
2460439.82190 17.260 0.011 5.51 336.0
2460442.93299 17.212 0.019 8.09 523.0
2460449.61439 17.255 0.014 6.69 367.0
2460450.61499 17.223 0.013 5.91 471.0
2460458.58445 17.265 0.017 7.23 509.0
2460459.85657 17.250 0.012 4.50 716.0
2460462.74703 17.240 0.009 4.37 223.0
2460464.81808 17.244 0.011 4.80 305.0
2460467.84344 17.246 0.013 5.68 481.0
2460473.60060 17.222 0.012 5.75 336.0
2460477.60312 17.268 0.013 5.74 404.0
2460479.60702 17.237 0.014 6.42 431.0
2460485.64599 17.219 0.014 5.93 545.0
2460487.63384 17.239 0.013 6.14 341.0
2460490.52795 17.214 0.014 5.84 471.0
2460491.81044 17.246 0.013 6.10 309.0
2460495.55454 17.240 0.013 6.67 257.0
2460496.82081 17.243 0.016 6.43 471.0
2460498.73701 17.255 0.011 5.37 230.0
2460500.60310 17.246 0.011 5.64 202.0
2460502.57379 17.219 0.013 6.61 271.0
2460504.55404 17.235 0.013 6.59 262.0
2460505.79849 17.220 0.014 7.13 274.0
2460513.61676 17.240 0.021 8.01 635.0
2460516.66835 17.229 0.011 5.58 295.0
2460518.69722 17.265 0.013 5.85 325.0
2460521.66428 17.246 0.010 5.11 237.0
2460530.60708 17.218 0.013 6.97 266.0
2460533.69143 17.279 0.012 6.11 222.0
2460542.58139 17.233 0.015 5.79 612.0
2460548.48432 17.248 0.014 6.34 320.0
2460554.66527 17.256 0.015 6.23 391.0
2460558.54338 17.249 0.011 4.94 291.0
2460560.63008 17.249 0.014 6.57 340.0
2460567.53609 17.234 0.015 5.96 563.0
2460567.62316 17.216 0.016 5.86 711.0
2460570.63233 17.247 0.019 6.39 830.0
2460574.58070 17.237 0.015 7.36 383.0
2460580.55187 17.292 0.017 8.08 317.0
2460585.50250 17.236 0.013 5.73 330.0
2460596.54095 17.211 0.017 6.23 759.0
2460597.55235 17.243 0.016 5.96 706.0
2460598.52399 17.273 0.017 6.30 673.0
2460599.53898 17.231 0.013 4.73 660.0
2460600.52623 17.258 0.016 5.27 870.0
2460601.53891 17.254 0.016 5.40 841.0
2460610.52439 17.208 0.015 5.97 567.0
2460714.88359 17.228 0.016 5.67 762.0
2460718.87180 17.296 0.017 6.53 596.0
2460721.86977 17.215 0.015 6.70 491.0
2460724.86574 17.228 0.013 5.85 381.0
2460732.87802 17.285 0.017 8.24 285.0
2460735.83245 17.238 0.013 6.47 332.0
2460738.81973 17.220 0.012 5.62 326.0
2460740.89664 17.232 0.012 5.98 272.0
2460743.79906 17.234 0.012 5.50 364.0
2460745.79880 17.231 0.011 5.29 378.0
2460747.79144 17.253 0.013 5.23 507.0
2460749.78452 17.217 0.014 5.26 621.0
2460751.80694 17.217 0.012 4.79 467.0
2460753.75879 17.222 0.015 6.19 635.0
2460759.87216 17.220 0.011 5.26 306.0
2460762.84801 17.228 0.010 4.31 288.0
2460764.74667 17.251 0.011 5.08 366.0
2460766.73357 17.206 0.012 5.88 361.0
2460768.72970 17.278 0.013 6.33 319.0
2460770.72864 17.221 0.011 5.29 306.0
2460772.71949 17.222 0.013 6.75 365.0
2460773.89750 17.263 0.010 4.30 269.0
2460775.75717 17.234 0.013 5.64 413.0
2460778.70761 17.220 0.016 6.41 693.0
2460779.88377 17.222 0.012 4.65 552.0
2460786.72061 17.236 0.015 7.65 337.0
2460787.69049 17.248 0.011 5.58 278.0
2460788.84509 17.240 0.010 4.33 272.0
2460790.67562 17.228 0.011 5.38 307.0
2460791.81098 17.217 0.009 4.21 240.0
2460793.66276 17.248 0.013 6.24 402.0
2460794.76642 17.225 0.010 5.29 235.0
2460797.66612 17.242 0.012 6.52 275.0
2460798.78603 17.221 0.011 5.78 257.0
2460799.87032 17.242 0.012 4.99 361.0
2460801.64555 17.240 0.014 7.06 360.0
2460805.65253 17.187 0.015 6.68 537.0
2460806.75376 17.245 0.012 5.19 476.0
2460807.85668 17.230 0.013 4.46 687.0
2460814.70622 17.233 0.011 5.20 362.0
2460815.85867 17.240 0.010 4.24 308.0
2460817.62027 17.218 0.009 4.62 269.0
2460818.71328 17.218 0.009 4.75 223.0
2460819.78624 17.214 0.010 5.35 261.0
2460820.90888 17.234 0.014 5.71 464.0
2460822.60815 17.236 0.013 6.49 339.0
2460824.58221 17.224 0.012 6.36 315.0
2460825.58681 17.258 0.011 5.35 294.0
2460826.65661 17.225 0.010 4.94 281.0
2460828.58089 17.208 0.010 5.31 287.0
2460830.78001 17.211 0.010 5.30 301.0
2460831.90682 17.267 0.015 6.99 443.0
2460833.72169 17.215 0.013 5.87 391.0
2460834.91144 17.253 0.015 7.08 398.0
2460835.55021 17.211 0.017 6.46 728.0
2460841.73062 17.228 0.014 5.52 548.0
2460843.56473 17.202 0.014 6.55 463.0
2460844.64234 17.232 0.013 6.35 292.0
2460845.82078 17.175 0.015 6.97 408.0
2460846.84367 17.237 0.013 5.28 409.0
2460847.85630 17.201 0.013 5.71 430.0
2460849.69144 17.224 0.014 7.38 250.0
2460850.79069 17.205 0.010 4.70 319.0
2460853.50489 17.194 0.013 6.18 398.0
2460854.53310 17.173 0.013 6.40 344.0
2460855.53308 17.204 0.018 7.96 486.0
2460856.63278 17.199 0.009 4.93 248.0
2460858.53256 17.170 0.011 5.81 358.0
2460859.71072 17.219 0.010 4.55 239.0
2460860.72971 17.220 0.009 4.48 255.0
2460862.53131 17.198 0.015 6.76 495.0
2460868.61928 17.211 0.014 5.66 612.0
2460869.70668 17.227 0.013 5.80 393.0
2460871.49464 17.203 0.013 7.66 241.0
2460873.49881 17.199 0.011 6.00 313.0
2460874.62015 17.200 0.009 4.64 247.0
2460875.69927 17.200 0.011 5.33 254.0
2460877.53537 17.200 0.010 5.25 278.0
2460879.55637 17.204 0.009 4.83 222.0
2460880.79336 17.173 0.014 6.47 418.0
2460882.71494 17.202 0.011 6.42 282.0
2460885.76313 17.191 0.011 5.99 249.0
2460895.64879 17.186 0.015 5.90 635.0
2460898.52928 17.159 0.012 6.17 327.0
2460899.66223 17.171 0.010 5.06 317.0
2460901.54821 17.168 0.012 5.89 305.0
2460904.55537 17.192 0.012 6.35 306.0
2460911.66078 17.130 0.014 7.69 333.0
2460913.68850 17.169 0.010 5.47 280.0
2460915.66861 17.136 0.010 5.40 242.0
2460923.61840 17.103 0.014 6.52 620.0
2460924.62658 17.063 0.013 6.27 605.0
2460925.50839 17.070 0.013 6.48 499.0
2460925.55570 17.063 0.016 7.58 521.0
2460925.60284 17.138 0.016 7.13 579.0
2460925.64976 17.080 0.016 6.98 700.0
2460926.50906 17.068 0.014 6.58 526.0
2460926.55622 17.127 0.015 6.46 563.0
2460926.60738 17.091 0.017 7.47 668.0
2460927.50507 17.080 0.010 4.91 444.0
2460927.55230 17.082 0.011 5.39 460.0
2460927.60004 17.086 0.014 7.08 500.0
2460928.50743 17.087 0.010 5.22 290.0
2460928.55440 17.087 0.011 5.83 372.0
2460928.60161 17.067 0.012 6.17 429.0
2460928.64864 17.088 0.013 6.37 516.0
2460929.53284 17.093 0.009 4.78 299.0
2460929.58008 17.068 0.010 5.24 333.0
2460929.62704 17.101 0.011 5.68 432.0
2460930.50992 17.070 0.009 4.83 322.0
2460930.55699 17.070 0.010 5.07 352.0
2460930.60393 17.062 0.011 6.19 432.0
2460930.65117 17.060 0.013 6.41 579.0
2460931.52138 17.056 0.011 6.87 286.0
2460931.62454 17.136 0.011 6.09 295.0
2460932.54399 17.063 0.011 6.16 342.0
2460932.59125 17.039 0.012 6.73 339.0
2460933.53585 17.026 0.010 5.47 379.0
2460933.58329 17.057 0.012 6.28 448.0
2460934.53643 17.041 0.009 4.61 388.0
2460934.58499 17.031 0.010 5.14 409.0
2460937.49627 17.047 0.012 6.95 347.0
2460942.57309 16.986 0.010 6.27 278.0
2460950.50048 16.918 0.013 7.12 534.0
2460953.57450 16.862 0.013 7.17 612.0
2460957.55582 16.803 0.011 6.30 593.0
2460965.53769 16.700 0.010 6.64 461.0
