2458692.47890 15.180 0.003 4.79 421.0
2458692.51968 15.168 0.003 5.56 345.0
2458692.76575 15.177 0.003 5.83 365.0
2458693.50456 15.177 0.003 6.26 270.0
2458693.76051 15.184 0.003 6.06 319.0
2458694.50758 15.173 0.003 5.00 299.0
2458695.54641 15.177 0.003 5.21 263.0
2458697.66708 15.172 0.004 6.77 272.0
2458698.52078 15.169 0.003 5.02 254.0
2458699.52463 15.175 0.003 5.12 290.0
2458700.52348 15.181 0.003 4.75 267.0
2458701.52539 15.179 0.003 4.98 291.0
2458702.68520 15.174 0.003 5.55 285.0
2458703.52646 15.168 0.003 5.51 341.0
2458704.58699 15.185 0.004 6.27 397.0
2458711.58058 15.166 0.004 6.58 801.0
2458712.68382 15.174 0.004 7.33 454.0
2458713.52565 15.181 0.003 5.72 335.0
2458714.57695 15.174 0.003 6.20 359.0
2458715.58480 15.172 0.003 4.97 298.0
2458717.55453 15.171 0.004 7.36 245.0
2458718.68935 15.183 0.003 4.05 318.0
2458719.52797 15.177 0.004 7.42 299.0
2458722.48588 15.181 0.003 4.58 319.0
2458724.48637 15.179 0.003 4.21 282.0
2458726.60160 15.173 0.003 5.52 237.0
2458728.58912 15.177 0.003 5.37 297.0
2458730.55869 15.183 0.004 7.15 270.0
2458736.62960 15.180 0.003 5.64 559.0
2458738.52715 15.167 0.003 5.82 502.0
2458740.52342 15.175 0.004 7.23 449.0
2458742.52314 15.172 0.004 6.59 414.0
2458745.61910 15.172 0.004 6.82 339.0
2458748.63365 15.175 0.003 6.53 366.0
2458750.57573 15.175 0.003 4.83 305.0
2458753.50685 15.180 0.003 5.80 349.0
2458757.50157 15.178 0.003 6.79 317.0
2458768.55174 15.176 0.004 5.91 575.0
2458773.50750 15.169 0.004 6.25 448.0
2458781.55411 15.182 0.003 5.50 420.0
2458782.53769 15.171 0.003 4.87 476.0
2458783.50682 15.170 0.003 5.26 421.0
2458784.52583 15.181 0.004 7.82 397.0
2459987.87714 15.158 0.003 5.56 718.0
2459996.87146 15.180 0.003 5.43 362.0
2460001.82284 15.179 0.003 5.07 402.0
2460005.81530 15.171 0.003 5.49 407.0
2460009.79486 15.170 0.003 6.49 639.0
2460013.80740 15.177 0.003 4.49 472.0
2460020.87077 15.182 0.003 4.48 306.0
2460023.79522 15.178 0.003 6.49 235.0
2460025.90961 15.182 0.003 3.97 354.0
2460028.78735 15.172 0.003 6.90 310.0
2460030.85041 15.178 0.003 4.17 282.0
2460033.76822 15.172 0.003 5.55 320.0
2460035.84594 15.180 0.003 5.61 291.0
2460038.81547 15.184 0.003 4.58 383.0
2460040.83782 15.184 0.003 4.38 511.0
2460042.89740 15.177 0.003 4.33 537.0
2460048.84040 15.175 0.003 4.65 322.0
2460054.78678 15.181 0.003 4.67 252.0
2460062.69504 15.177 0.003 4.93 324.0
2460065.83845 15.179 0.003 4.54 285.0
2460069.82684 15.172 0.003 5.38 747.0
2460075.89033 15.178 0.003 4.55 543.0
2460085.63630 15.180 0.004 7.00 342.0
2460089.61399 15.179 0.004 5.79 441.0
2460091.62088 15.173 0.004 5.50 423.0
2460092.93533 15.179 0.004 6.84 499.0
2460096.93717 15.168 0.004 6.19 635.0
2460098.64003 15.186 0.004 6.39 1216.0
2460104.82180 15.184 0.004 5.93 426.0
2460106.69008 15.181 0.004 7.23 262.0
2460108.55609 15.178 0.004 6.11 340.0
2460109.89113 15.192 0.004 5.54 593.0
2460111.65208 15.181 0.003 5.09 302.0
2460112.75396 15.178 0.003 4.91 356.0
2460113.88166 15.169 0.004 7.21 415.0
2460118.82428 15.176 0.003 6.12 380.0
2460120.71076 15.181 0.003 5.16 255.0
2460122.65240 15.181 0.004 6.11 292.0
2460125.69017 15.183 0.004 6.29 572.0
2460130.62743 15.186 0.004 6.00 649.0
2460132.59419 15.187 0.003 6.26 497.0
2460134.65721 15.186 0.003 6.09 286.0
2460139.81045 15.184 0.004 6.97 373.0
2460141.73676 15.185 0.003 5.48 290.0
2460143.73291 15.186 0.003 5.04 283.0
2460149.62082 15.179 0.003 5.11 287.0
2460157.69936 15.185 0.003 4.10 908.0
2460159.62893 15.179 0.003 5.10 443.0
2460161.59287 15.181 0.004 6.20 330.0
2460168.54504 15.186 0.003 5.77 293.0
2460170.54222 15.178 0.003 5.58 257.0
2460175.65397 15.181 0.003 5.33 350.0
2460180.49235 15.185 0.004 6.84 457.0
2460186.49134 15.173 0.005 8.08 722.0
2460188.68315 15.178 0.004 6.35 665.0
2460201.64389 15.182 0.004 5.83 386.0
2460204.53263 15.182 0.004 7.21 356.0
2460212.58504 15.179 0.004 5.23 581.0
2460216.60904 15.166 0.004 7.13 851.0
2460222.55671 15.179 0.004 6.32 384.0
2460242.50783 15.176 0.005 6.83 651.0
2460254.50476 15.180 0.004 6.64 967.0
2460357.87518 15.180 0.004 6.39 340.0
2460368.85548 15.179 0.003 5.23 437.0
2460378.82423 15.179 0.003 4.60 354.0
2460381.81393 15.179 0.003 5.18 369.0
2460386.82736 15.176 0.003 5.17 304.0
2460390.80817 15.191 0.003 4.30 383.0
2460392.88016 15.181 0.003 4.80 383.0
2460395.76888 15.182 0.003 4.69 584.0
2460397.76088 15.171 0.004 5.89 604.0
2460398.78368 15.181 0.003 5.20 593.0
2460403.89618 15.187 0.003 5.31 319.0
2460406.85085 15.184 0.003 5.73 341.0
2460410.79236 15.188 0.003 5.58 345.0
2460417.73248 15.193 0.003 6.21 341.0
2460420.71802 15.188 0.003 5.56 396.0
2460424.85988 15.177 0.003 5.35 610.0
2460432.78301 15.184 0.004 6.37 416.0
2460434.74110 15.189 0.003 5.14 331.0
2460436.80090 15.178 0.004 6.40 301.0
2460442.68170 15.176 0.004 7.73 327.0
2460448.63819 15.175 0.004 7.77 419.0
2460449.81309 15.185 0.003 5.89 336.0
2460458.60264 15.178 0.004 6.46 548.0
2460460.59956 15.181 0.003 5.27 413.0
2460462.79760 15.180 0.003 4.33 248.0
2460464.83331 15.182 0.003 4.90 330.0
2460467.86071 15.181 0.003 5.00 577.0
2460473.61558 15.177 0.003 5.43 354.0
2460477.61380 15.182 0.003 5.42 442.0
2460479.62206 15.183 0.004 5.73 453.0
2460485.66493 15.186 0.004 5.38 645.0
2460487.68035 15.180 0.003 5.79 428.0
2460490.54345 15.186 0.004 6.09 475.0
2460491.82639 15.183 0.004 7.02 374.0
2460495.64134 15.179 0.004 7.65 266.0
2460497.62542 15.182 0.003 5.92 287.0
2460499.49276 15.181 0.004 7.06 359.0
2460501.51393 15.163 0.004 8.98 322.0
2460503.53005 15.168 0.004 6.58 367.0
2460505.53345 15.175 0.004 6.37 399.0
2460506.83216 15.187 0.004 7.18 324.0
2460513.74012 15.173 0.004 6.43 771.0
2460516.76472 15.177 0.003 6.03 382.0
2460518.77170 15.179 0.004 6.50 348.0
2460520.77904 15.179 0.003 5.65 336.0
2460530.54460 15.182 0.004 6.44 292.0
2460533.66624 15.182 0.003 5.70 222.0
2460542.58309 15.170 0.004 6.18 651.0
2460548.49557 15.169 0.004 6.45 329.0
2460554.67306 15.171 0.003 5.76 389.0
2460561.50627 15.166 0.003 5.49 373.0
2460567.60838 15.173 0.004 6.70 681.0
2460569.63917 15.162 0.004 6.56 738.0
2460573.61481 15.166 0.003 5.72 616.0
2460579.52404 15.156 0.004 7.17 326.0
2460582.53097 15.156 0.004 6.94 375.0
2460587.49241 15.160 0.003 4.54 435.0
2460605.50792 15.103 0.004 7.11 457.0
2460614.50678 15.069 0.004 7.43 687.0
2460621.50782 15.015 0.004 6.45 1080.0
2460716.87467 15.098 0.003 5.85 341.0
2460719.86566 15.101 0.004 7.15 575.0
2460722.86291 15.115 0.003 5.40 457.0
2460725.85367 15.125 0.003 6.29 453.0
2460726.82543 15.122 0.003 5.46 548.0
2460733.83027 15.142 0.003 6.11 347.0
2460736.82176 15.151 0.003 6.27 321.0
2460739.81765 15.151 0.003 5.85 396.0
2460741.81621 15.154 0.003 6.60 334.0
2460743.85829 15.159 0.003 5.23 321.0
2460745.89646 15.165 0.003 4.76 280.0
2460748.79114 15.158 0.003 5.61 383.0
2460750.78288 15.166 0.004 6.65 574.0
2460752.77813 15.160 0.003 5.11 542.0
2460753.77384 15.164 0.003 5.50 620.0
2460762.86306 15.171 0.003 4.49 310.0
2460764.76181 15.170 0.003 4.57 383.0
2460766.74882 15.174 0.003 5.03 377.0
2460768.74484 15.172 0.003 6.34 339.0
2460770.74390 15.175 0.003 5.49 326.0
2460772.75568 15.168 0.003 6.36 332.0
2460774.74137 15.173 0.004 6.79 377.0
2460777.72230 15.174 0.003 5.71 593.0
2460778.90590 15.175 0.003 5.38 572.0
2460780.73486 15.177 0.004 7.07 652.0
2460786.80258 15.177 0.003 6.27 380.0
2460788.70613 15.173 0.003 6.32 292.0
2460789.83452 15.180 0.003 5.55 292.0
2460791.67953 15.178 0.003 5.65 320.0
2460792.85394 15.186 0.003 5.38 352.0
2460794.67229 15.173 0.003 6.25 297.0
2460795.90001 15.172 0.004 6.97 316.0
2460798.65704 15.180 0.003 6.80 349.0
2460799.76897 15.181 0.003 5.88 270.0
2460800.87687 15.172 0.003 4.97 305.0
2460802.65104 15.185 0.003 5.99 358.0
2460804.75728 15.174 0.004 7.27 434.0
2460806.65204 15.184 0.003 5.60 634.0
2460807.73289 15.180 0.003 5.07 712.0
2460808.70440 15.170 0.003 5.43 868.0
2460814.78428 15.176 0.003 5.29 394.0
2460815.90042 15.182 0.003 4.80 405.0
2460817.72012 15.180 0.003 4.65 315.0
2460820.69534 15.192 0.004 7.04 286.0
2460821.77025 15.179 0.003 6.08 274.0
2460823.64317 15.175 0.004 7.99 315.0
2460824.74471 15.185 0.003 5.66 304.0
2460827.65197 15.185 0.003 5.41 263.0
2460828.73663 15.184 0.003 5.07 236.0
2460831.56541 15.175 0.004 8.11 425.0
2460832.59181 15.178 0.003 6.38 412.0
2460835.56398 15.178 0.003 5.73 691.0
2460841.75550 15.176 0.003 5.46 634.0
2460843.71078 15.177 0.003 5.21 393.0
2460844.78152 15.189 0.004 7.37 376.0
2460846.51853 15.186 0.004 6.72 474.0
2460849.83980 15.178 0.004 6.58 439.0
2460850.85848 15.187 0.004 7.24 470.0
2460853.64394 15.182 0.003 5.73 286.0
2460854.66722 15.189 0.003 5.64 262.0
2460855.73016 15.184 0.003 6.36 315.0
2460857.66705 15.184 0.003 5.90 293.0
2460868.49274 15.168 0.004 7.14 805.0
2460869.50966 15.186 0.004 7.63 476.0
2460872.66553 15.176 0.003 5.84 277.0
2460873.77752 15.179 0.003 5.83 351.0
2460875.49292 15.191 0.003 5.12 379.0
2460876.64011 15.190 0.003 5.12 225.0
2460878.65712 15.187 0.003 4.81 227.0
2460880.56396 15.189 0.003 5.98 264.0
2460881.69732 15.183 0.003 5.05 268.0
2460884.65013 15.186 0.003 5.14 236.0
2460886.64957 15.171 0.003 5.29 266.0
2460895.72822 15.173 0.004 6.76 906.0
2460897.57391 15.183 0.003 6.05 457.0
2460899.57641 15.184 0.003 4.97 289.0
2460900.72573 15.175 0.003 5.31 362.0
2460903.57216 15.178 0.004 6.79 400.0
2460911.48850 15.176 0.004 8.04 427.0
2460913.54222 15.181 0.003 5.96 319.0
2460915.52731 15.174 0.004 5.75 279.0
2460935.54217 15.178 0.003 5.65 290.0
2460937.54195 15.179 0.003 6.13 331.0
2460942.60792 15.181 0.003 6.01 305.0
2460950.55733 15.183 0.003 5.70 629.0
2460954.51780 15.185 0.004 6.59 546.0
2460957.57472 15.180 0.004 6.52 669.0
2460967.50742 15.177 0.003 6.11 438.0
