2457792.87770 19.320 0.121 6.75 755.0
2457793.88447 19.222 0.094 5.39 850.0
2457794.89148 19.485 0.169 6.41 1275.0
2457797.86414 19.286 0.130 6.69 884.0
2457799.85942 19.171 0.118 7.39 676.0
2457801.84668 19.326 0.128 6.86 799.0
2457802.89497 19.126 0.110 6.46 1049.0
2457808.87730 19.431 0.074 4.71 388.0
2457809.87208 19.168 0.080 6.37 425.0
2457810.86701 19.382 0.070 4.70 406.0
2457811.88609 19.378 0.085 5.62 379.0
2457813.81638 19.191 0.087 5.87 569.0
2457814.88878 19.356 0.062 4.16 390.0
2457816.81463 19.445 0.114 6.82 444.0
2457817.81105 19.399 0.083 4.95 502.0
2457817.90153 19.231 0.060 3.92 665.0
2457818.88762 19.293 0.061 4.12 395.0
2457819.87411 19.342 0.066 4.75 373.0
2457820.87682 19.248 0.061 4.44 422.0
2457821.87450 19.141 0.071 5.21 459.0
2457822.87024 19.307 0.073 5.06 452.0
2457823.85551 19.331 0.075 4.47 589.0
2457824.85160 19.430 0.118 5.85 622.0
2457825.84330 19.397 0.090 5.20 580.0
2457826.80161 19.296 0.096 5.63 699.0
2457826.89153 19.288 0.074 4.69 558.0
2457827.86655 19.278 0.062 4.12 479.0
2457828.83597 19.240 0.073 4.99 539.0
2457829.81729 19.613 0.169 7.10 698.0
2457830.82803 19.201 0.090 5.06 944.0
2457830.90971 19.427 0.093 4.26 992.0
2457834.88326 19.092 0.074 5.26 624.0
2457835.85044 19.215 0.080 6.22 364.0
2457836.80319 19.426 0.118 7.54 372.0
2457836.91594 19.327 0.112 5.91 812.0
2457837.84817 19.199 0.060 5.10 323.0
2457838.78594 19.374 0.088 5.88 398.0
2457838.90513 19.283 0.058 4.54 362.0
2457839.85272 19.258 0.047 3.87 292.0
2457840.77764 19.316 0.080 5.93 345.0
2457840.89754 19.247 0.050 4.26 314.0
2457841.83593 19.286 0.074 5.72 328.0
2457842.75288 19.409 0.117 7.79 364.0
2457842.86111 19.354 0.078 5.54 356.0
2457843.78466 19.390 0.079 5.70 320.0
2457843.90341 19.240 0.062 5.20 301.0
2457844.82158 19.552 0.116 6.88 329.0
2457845.73030 19.246 0.090 6.89 382.0
2457845.84552 19.225 0.053 4.42 319.0
2457846.77634 19.303 0.068 5.33 319.0
2457846.88402 19.301 0.058 4.70 326.0
2457847.78683 19.407 0.071 4.92 334.0
2457847.90734 19.306 0.056 4.18 316.0
2457848.80044 19.157 0.054 4.94 304.0
2457848.92128 19.391 0.075 4.65 458.0
2457849.81359 19.302 0.053 4.06 327.0
2457850.71830 19.127 0.086 6.06 539.0
2457850.82625 19.209 0.057 4.76 350.0
2457851.73579 19.342 0.104 6.36 582.0
2457851.84383 19.267 0.066 4.87 406.0
2457852.84156 19.168 0.068 5.73 392.0
2457853.90593 19.273 0.086 6.22 421.0
2457854.76682 19.191 0.073 4.94 594.0
2457854.88808 19.388 0.075 4.77 490.0
2457855.79691 19.286 0.084 4.98 601.0
2457855.91937 19.332 0.077 4.44 617.0
2457856.80752 19.336 0.100 6.10 558.0
2457857.84438 19.445 0.152 7.13 816.0
2457857.90892 19.161 0.076 4.83 672.0
2457858.90950 19.247 0.071 4.93 537.0
2457862.76605 19.313 0.107 7.16 439.0
2457862.87785 19.425 0.097 6.06 423.0
2457863.83783 19.212 0.058 4.85 376.0
2457864.81473 19.351 0.052 3.91 329.0
2457865.67608 19.267 0.071 5.69 387.0
2457865.78344 19.215 0.049 3.89 343.0
2457865.92325 19.147 0.058 4.40 526.0
2457866.77991 19.216 0.049 3.92 344.0
2457866.91336 19.262 0.049 3.58 384.0
2457867.78364 19.225 0.052 4.25 323.0
2457867.91514 19.276 0.060 4.69 344.0
2457868.86277 19.393 0.112 7.08 398.0
2457869.73075 19.258 0.064 5.19 351.0
2457869.86058 19.234 0.052 4.03 349.0
2457870.74194 19.295 0.049 3.96 304.0
2457870.87204 19.308 0.054 4.13 322.0
2457871.75617 19.221 0.052 4.07 365.0
2457871.89723 19.265 0.056 4.01 367.0
2457872.75612 19.254 0.051 3.88 369.0
2457872.90464 19.270 0.052 3.89 377.0
2457873.73570 19.208 0.052 4.08 354.0
2457873.86705 19.413 0.069 4.42 380.0
2457874.69589 19.244 0.078 5.84 427.0
2457874.82456 19.451 0.091 5.74 352.0
2457874.93617 19.144 0.106 5.34 1328.0
2457875.90264 19.240 0.059 4.31 671.0
2457876.70799 19.152 0.072 5.94 465.0
2457876.84601 19.418 0.066 4.43 398.0
2457877.66983 19.214 0.068 5.31 470.0
2457877.79893 19.224 0.045 3.61 361.0
2457878.66203 19.241 0.072 5.08 576.0
2457878.83084 19.267 0.051 3.88 372.0
2457879.66407 19.401 0.114 7.05 530.0
2457879.77490 19.413 0.115 6.65 495.0
2457880.69615 19.600 0.136 7.02 480.0
2457880.81754 19.283 0.070 4.76 461.0
2457881.77173 19.398 0.119 6.71 570.0
2457881.88626 19.349 0.104 6.18 515.0
2457882.76054 19.341 0.087 5.68 496.0
2457882.89265 19.246 0.073 4.75 586.0
2457889.93041 19.377 0.139 6.28 999.0
2457890.81386 19.314 0.119 6.74 590.0
2457893.64557 19.315 0.113 7.44 450.0
2457893.76250 19.153 0.069 5.54 414.0
2457893.88368 19.254 0.067 4.99 413.0
2457894.62929 19.283 0.090 6.65 466.0
2457894.75539 19.217 0.051 4.25 338.0
2457894.86551 19.157 0.059 4.56 402.0
2457895.62622 19.330 0.084 5.79 528.0
2457897.67024 19.270 0.078 5.80 376.0
2457900.91713 19.612 0.130 6.63 423.0
2457901.60567 19.064 0.089 7.61 453.0
2457901.73492 19.411 0.072 5.13 445.0
2457902.59989 19.073 0.096 8.12 434.0
2457902.71480 19.302 0.064 5.02 343.0
2457902.83697 19.449 0.111 6.48 411.0
2457903.76480 19.376 0.107 7.20 337.0
2457903.88339 19.179 0.074 5.84 424.0
2457904.62529 19.415 0.091 6.18 390.0
2457904.74075 19.291 0.053 4.34 300.0
2457904.86304 19.219 0.056 4.55 359.0
2457905.59052 19.307 0.094 6.78 435.0
2457905.70879 19.280 0.052 4.06 315.0
2457905.83005 19.294 0.057 4.01 393.0
2457905.94290 19.195 0.083 4.67 879.0
2457906.64913 19.305 0.062 4.62 392.0
2457906.77959 19.297 0.058 4.02 398.0
2457906.88934 19.215 0.064 4.09 541.0
2457907.65858 19.165 0.066 4.82 533.0
2457907.75384 19.168 0.054 4.19 482.0
2457908.60373 19.451 0.117 6.27 611.0
2457908.72109 19.287 0.060 4.22 439.0
2457908.84172 19.133 0.056 4.71 394.0
2457908.93623 19.395 0.098 5.31 663.0
2457909.64452 19.335 0.075 4.84 479.0
2457909.76534 19.324 0.073 4.08 592.0
2457909.86826 19.299 0.061 3.86 510.0
2457910.56599 19.512 0.136 6.73 697.0
2457910.66020 19.228 0.065 4.62 489.0
2457910.79216 19.257 0.058 3.76 498.0
2457910.90984 19.367 0.075 4.60 533.0
2457911.62657 19.151 0.090 6.35 609.0
2457911.76038 19.216 0.117 7.43 605.0
2457917.60749 19.342 0.097 5.78 556.0
2457917.72410 19.354 0.069 4.19 509.0
2457917.83389 19.071 0.075 5.29 634.0
2457918.57614 19.422 0.111 7.18 690.0
2457922.58570 19.491 0.119 6.57 484.0
2457922.71643 19.146 0.071 5.67 392.0
2457923.58780 19.373 0.094 5.95 473.0
2457923.72475 19.261 0.099 7.05 397.0
2457923.83338 19.344 0.089 5.65 424.0
2457924.61756 19.165 0.062 5.41 370.0
2457924.74449 19.291 0.059 4.04 357.0
2457924.85196 19.309 0.063 4.15 460.0
2457925.64157 19.282 0.058 4.67 333.0
2457925.77779 19.263 0.068 5.29 336.0
2457925.89727 19.357 0.102 6.57 543.0
2457926.68080 19.124 0.061 5.44 328.0
2457926.81522 19.198 0.079 6.27 394.0
2457928.65694 19.265 0.077 5.90 382.0
2457932.69770 19.105 0.084 7.11 376.0
2457932.81862 19.267 0.074 5.63 376.0
2457933.67961 19.426 0.100 6.95 299.0
2457933.80628 19.528 0.122 7.45 340.0
2457934.50386 19.363 0.101 6.52 505.0
2457934.61064 19.289 0.076 5.64 361.0
2457934.73360 19.457 0.068 4.51 332.0
2457934.84151 19.344 0.088 6.15 345.0
2457935.59168 19.212 0.071 5.39 375.0
2457935.71411 19.275 0.061 4.55 318.0
2457935.82330 19.165 0.047 4.18 300.0
2457935.88784 19.239 0.058 4.69 377.0
2457936.57489 19.227 0.069 5.54 363.0
2457936.71088 19.323 0.068 5.22 319.0
2457936.83077 19.204 0.072 5.90 307.0
2457937.51627 19.293 0.093 6.27 545.0
2457937.62695 19.297 0.064 4.91 358.0
2457937.75907 19.251 0.077 6.04 362.0
2457938.53957 19.438 0.114 6.20 539.0
2457938.65705 19.456 0.117 6.98 461.0
2457944.50853 19.366 0.127 6.48 818.0
2457944.54921 19.298 0.088 5.00 760.0
2457944.60061 19.275 0.085 5.13 675.0
2457944.64991 19.407 0.086 4.34 694.0
2457944.71122 19.321 0.082 4.65 628.0
2457944.75949 19.260 0.081 4.89 646.0
2457944.81170 19.384 0.129 6.32 804.0
2457944.84224 19.469 0.192 7.15 1289.0
2457945.54799 19.185 0.073 5.18 559.0
2457945.65949 19.187 0.060 4.52 443.0
2457945.77045 19.280 0.066 4.54 529.0
2457946.48331 19.294 0.094 6.95 396.0
2457946.60282 19.251 0.075 5.35 438.0
2457946.73195 19.169 0.071 5.54 421.0
2457946.84011 19.232 0.093 6.05 563.0
2457947.58600 19.276 0.069 5.30 374.0
2457947.74682 19.608 0.125 6.47 416.0
2457948.48212 19.318 0.098 6.97 396.0
2457948.60689 19.218 0.054 4.55 336.0
2457948.74524 19.179 0.059 4.70 426.0
2457948.84726 19.231 0.083 5.78 528.0
2457949.65033 19.203 0.076 5.85 426.0
2457952.67513 19.240 0.062 5.00 328.0
2457952.79846 19.244 0.088 6.79 337.0
2457953.56824 19.251 0.067 5.33 329.0
2457953.69917 19.224 0.058 5.16 267.0
2457953.81684 19.334 0.078 5.73 364.0
2457954.57457 19.237 0.050 4.06 315.0
2457954.73233 19.198 0.055 4.66 399.0
2457955.77543 19.263 0.061 4.64 313.0
2457956.57022 19.214 0.056 4.68 335.0
2457956.70322 19.221 0.060 4.85 318.0
2457957.54382 19.326 0.084 6.00 377.0
2457957.74588 19.291 0.073 5.98 328.0
2457958.63981 19.410 0.097 6.54 320.0
2457958.75346 19.295 0.070 5.33 314.0
2457959.50129 19.223 0.062 5.16 358.0
2457959.61594 19.152 0.051 4.57 314.0
2457959.73160 19.167 0.050 4.59 295.0
2457960.48773 19.401 0.099 6.59 392.0
2457960.62032 19.233 0.064 5.47 338.0
2457960.74115 19.229 0.067 5.64 346.0
2457961.57144 19.132 0.059 5.57 396.0
2457961.66594 19.247 0.057 4.81 339.0
2457962.50076 19.213 0.055 4.46 355.0
2457962.76349 19.173 0.062 5.22 440.0
2457964.56089 19.342 0.073 4.77 407.0
2457964.67588 19.358 0.082 5.44 438.0
2457965.65782 19.192 0.064 5.01 366.0
2457966.53077 19.265 0.099 6.91 431.0
2457966.61750 19.463 0.116 7.18 338.0
2457966.72880 19.675 0.123 6.42 353.0
2457967.65727 19.237 0.097 6.78 435.0
2457967.72522 19.224 0.083 6.18 453.0
2457971.50173 19.172 0.118 5.77 1300.0
2457971.54239 19.226 0.095 5.53 792.0
2457971.59222 19.274 0.101 5.56 686.0
2457971.63053 19.174 0.081 4.92 745.0
2457971.67960 19.318 0.094 4.75 875.0
2457971.72153 19.100 0.079 4.78 820.0
2457972.51387 19.151 0.108 6.44 696.0
2457972.55058 19.227 0.111 6.34 675.0
2457972.60307 19.235 0.088 5.11 639.0
2457972.64745 19.324 0.109 5.81 646.0
2457972.70983 19.334 0.097 4.90 741.0
2457972.74623 19.230 0.120 5.99 900.0
2457973.63517 19.160 0.086 5.84 612.0
2457974.50021 19.181 0.071 5.11 507.0
2457974.61573 19.324 0.084 5.30 478.0
2457974.72975 19.266 0.079 4.61 602.0
2457979.47732 19.102 0.061 4.95 473.0
2457979.61177 19.194 0.047 3.83 380.0
2457980.54758 19.400 0.102 6.26 432.0
2457980.66012 19.308 0.090 5.76 431.0
2457981.60143 19.277 0.066 4.75 368.0
2457982.49261 19.229 0.071 5.21 400.0
2457982.62273 19.229 0.075 5.50 365.0
2457983.55023 19.079 0.061 5.12 361.0
2457983.66220 19.340 0.061 4.72 317.0
2457984.57575 19.290 0.079 5.58 350.0
2457985.50407 19.362 0.103 6.55 418.0
2457985.62148 19.288 0.098 7.07 356.0
2457986.59886 19.164 0.056 4.80 330.0
2457987.51873 19.208 0.049 3.80 351.0
2457987.64808 19.334 0.054 3.70 361.0
2457990.57881 19.074 0.060 5.23 382.0
2457991.49649 19.281 0.071 5.16 396.0
2457991.62979 19.337 0.082 5.97 339.0
2457992.54584 19.243 0.056 4.38 356.0
2457993.48047 19.344 0.086 5.26 490.0
2457993.59316 19.318 0.075 5.44 346.0
2457994.52700 19.385 0.089 5.63 436.0
2457994.63813 19.218 0.076 5.59 415.0
2458000.48141 19.409 0.102 5.43 616.0
2458000.53583 19.352 0.117 6.87 524.0
2458000.57697 19.347 0.113 6.59 573.0
2458000.63288 19.179 0.089 5.74 675.0
2458001.56104 19.253 0.062 4.23 518.0
2458002.53184 19.247 0.154 6.35 1451.0
2458003.55284 19.200 0.112 7.23 535.0
2458004.56390 19.195 0.086 6.40 453.0
2458007.51680 19.225 0.085 6.37 411.0
2458008.53623 19.400 0.090 5.81 373.0
2458010.56657 19.395 0.088 5.70 410.0
2458012.50105 19.144 0.063 4.93 448.0
2458013.50519 19.296 0.060 4.08 413.0
2458014.52417 19.298 0.064 4.59 392.0
2458015.51197 19.614 0.137 7.16 397.0
2458016.52984 19.298 0.081 5.75 409.0
2458017.55480 19.224 0.060 4.65 407.0
2458019.48571 19.165 0.062 4.55 466.0
2458020.53286 19.264 0.079 5.22 405.0
2458026.51275 19.036 0.081 4.03 1570.0
2458026.55596 19.147 0.088 4.68 1166.0
2458030.48788 19.143 0.064 4.13 691.0
2458035.56523 19.408 0.103 5.84 490.0
2458037.54900 19.448 0.135 6.92 514.0
2458039.53335 19.336 0.098 6.08 466.0
2458041.50700 19.257 0.077 5.58 458.0
2458049.52856 19.258 0.056 3.78 675.0
2458161.85812 19.444 0.106 6.11 563.0
2458162.86656 19.293 0.070 5.34 464.0
2458163.88845 19.367 0.098 5.18 855.0
2458164.87802 19.376 0.085 5.68 472.0
2458165.87529 19.303 0.071 4.59 458.0
2458166.85829 19.432 0.115 6.86 475.0
2458167.84266 19.129 0.073 5.80 485.0
2458167.88253 19.159 0.066 5.34 421.0
2458168.86365 19.287 0.081 5.80 421.0
2458169.84142 19.226 0.092 6.76 466.0
2458169.88643 19.175 0.071 5.29 460.0
2458170.86027 19.383 0.069 4.44 426.0
2458171.83508 19.145 0.075 5.53 502.0
2458171.86927 19.104 0.060 4.91 433.0
2458172.84062 19.213 0.069 5.54 450.0
2458172.87965 19.333 0.078 5.03 470.0
2458173.85040 19.316 0.077 5.27 550.0
2458173.89112 19.219 0.058 4.10 484.0
2458174.86127 19.178 0.068 4.76 547.0
2458174.90013 19.321 0.075 3.81 930.0
2458175.85991 19.385 0.081 5.46 431.0
2458175.89904 19.234 0.078 4.55 806.0
2458176.85293 19.270 0.069 4.96 470.0
2458176.89255 19.355 0.068 4.48 453.0
2458181.84598 19.356 0.084 4.42 663.0
2458181.88768 19.233 0.073 4.43 572.0
2458182.89643 19.322 0.068 4.13 543.0
2458183.90143 19.254 0.074 4.65 651.0
2458184.87004 19.269 0.081 4.93 581.0
2458185.82832 19.228 0.107 6.32 735.0
2458185.87817 19.338 0.103 5.89 627.0
2458189.78764 19.368 0.082 5.44 447.0
2458190.89781 19.242 0.052 4.06 361.0
2458191.88456 19.204 0.072 5.68 379.0
2458192.87489 19.321 0.077 5.35 388.0
2458193.85125 19.341 0.078 5.67 346.0
2458194.81403 19.295 0.076 5.70 357.0
2458195.78778 19.233 0.089 6.93 416.0
2458195.90646 19.266 0.051 3.79 388.0
2458196.87398 19.247 0.062 4.79 337.0
2458197.81759 19.239 0.064 5.10 376.0
2458198.77405 19.285 0.067 5.22 394.0
2458198.88999 19.036 0.057 4.61 436.0
2458199.82628 19.129 0.054 4.77 356.0
2458200.81622 19.362 0.071 4.97 391.0
2458201.76036 19.262 0.112 7.76 458.0
2458201.86669 19.251 0.064 5.14 337.0
2458202.79424 19.180 0.065 5.00 431.0
2458202.91071 19.142 0.053 4.15 430.0
2458203.84334 19.317 0.057 3.90 366.0
2458204.77505 19.219 0.080 5.85 487.0
2458204.89083 19.293 0.066 5.13 341.0
2458205.82036 19.238 0.082 6.12 402.0
2458206.75607 19.141 0.077 5.72 602.0
2458206.86254 19.179 0.047 3.89 392.0
2458207.78240 19.150 0.072 5.39 573.0
2458207.88980 19.213 0.052 3.98 410.0
2458208.80921 19.329 0.076 4.25 645.0
2458209.73298 19.159 0.093 6.11 808.0
2458209.83743 19.244 0.071 4.92 545.0
2458210.74138 19.295 0.104 6.06 752.0
2458210.85027 19.234 0.060 3.99 533.0
2458211.75706 19.104 0.073 5.49 629.0
2458211.86393 19.248 0.061 4.10 531.0
2458212.76408 19.223 0.084 5.46 715.0
2458212.85714 19.242 0.057 3.59 593.0
2458217.80544 19.395 0.094 6.31 415.0
2458220.73058 19.335 0.097 7.12 347.0
2458220.82460 19.285 0.071 5.70 308.0
2458221.74614 19.398 0.096 6.71 326.0
2458221.85795 19.238 0.051 4.11 328.0
2458222.74875 19.394 0.067 4.80 331.0
2458222.88978 19.285 0.068 4.85 379.0
2458223.86364 19.248 0.070 5.12 357.0
2458224.74322 19.205 0.070 5.13 408.0
2458224.88027 19.261 0.063 5.00 382.0
2458226.81361 19.396 0.097 6.65 355.0
2458227.69834 19.275 0.085 6.48 387.0
2458227.83839 19.244 0.050 4.10 310.0
2458228.74943 19.339 0.073 5.26 373.0
2458228.89264 19.170 0.053 4.60 319.0
2458229.77793 19.255 0.054 4.48 313.0
2458229.89370 19.163 0.052 4.52 341.0
2458230.76346 19.079 0.056 5.25 356.0
2458230.89922 19.192 0.050 4.21 319.0
2458232.90187 19.247 0.058 4.41 348.0
2458233.84903 19.210 0.054 4.61 340.0
2458236.71562 19.240 0.065 4.30 585.0
2458238.71171 19.330 0.103 5.80 766.0
2458238.83056 19.449 0.082 4.34 640.0
2458244.68616 19.514 0.103 5.75 508.0
2458244.80673 19.225 0.059 4.11 486.0
2458245.74126 19.397 0.097 5.73 513.0
2458245.85247 19.305 0.100 5.91 561.0
2458246.70937 19.245 0.078 5.83 412.0
2458246.82629 19.171 0.064 4.84 477.0
2458247.74121 19.175 0.058 4.78 380.0
2458247.87203 19.281 0.083 5.55 500.0
2458248.74246 19.292 0.078 5.86 395.0
2458249.70886 19.548 0.118 6.90 389.0
2458249.82103 19.272 0.067 5.18 379.0
2458250.64836 19.178 0.064 5.42 364.0
2458250.76352 19.242 0.050 4.12 331.0
2458250.89558 19.232 0.055 4.49 384.0
2458251.68745 19.319 0.089 6.55 365.0
2458251.94144 19.156 0.100 4.77 1410.0
2458253.63494 19.258 0.092 6.93 415.0
2458253.74481 19.221 0.056 4.62 351.0
2458254.63086 19.142 0.063 5.07 449.0
2458254.76165 19.201 0.045 3.58 373.0
2458254.91230 19.213 0.048 3.73 441.0
2458255.70525 19.307 0.070 5.18 339.0
2458255.85941 19.193 0.062 4.71 402.0
2458256.63658 19.375 0.098 6.56 401.0
2458256.75840 19.267 0.073 5.53 368.0
2458256.88816 19.152 0.060 4.76 441.0
2458257.69779 19.387 0.078 5.29 359.0
2458257.81052 19.282 0.078 5.98 355.0
2458258.65611 19.209 0.064 5.28 353.0
2458258.79921 19.249 0.056 4.40 333.0
2458258.93067 19.545 0.062 3.32 470.0
2458259.76338 19.217 0.062 4.75 422.0
2458259.88793 19.205 0.068 4.76 488.0
2458260.75278 19.233 0.043 3.43 412.0
2458261.67468 19.150 0.055 4.13 421.0
2458261.83160 19.248 0.052 4.12 347.0
2458262.66113 19.243 0.064 5.02 368.0
2458262.77762 19.247 0.048 3.87 329.0
2458263.70227 19.239 0.054 4.15 401.0
2458263.83479 19.245 0.044 3.82 286.0
2458264.71610 19.272 0.056 3.77 510.0
2458264.83667 19.167 0.055 3.93 528.0
2458265.61365 19.236 0.097 5.89 677.0
2458265.73049 19.213 0.063 4.44 512.0
2458265.88104 19.140 0.058 4.21 541.0
2458266.73424 19.372 0.089 5.15 599.0
2458272.72155 19.240 0.065 4.72 460.0
2458272.83824 19.171 0.068 4.97 494.0
2458272.94391 19.390 0.112 5.09 927.0
2458273.69138 19.139 0.048 4.11 370.0
2458273.82730 19.204 0.065 5.15 407.0
2458273.91714 19.110 0.062 5.01 448.0
2458274.66962 19.352 0.087 6.16 362.0
2458274.79702 19.178 0.066 5.30 442.0
2458274.91219 19.346 0.120 6.73 704.0
2458275.67135 19.215 0.062 5.01 353.0
2458275.80654 19.244 0.057 4.34 420.0
2458275.92333 19.345 0.080 4.58 620.0
2458276.66802 19.271 0.063 5.03 336.0
2458276.79599 19.242 0.052 4.13 362.0
2458277.59999 19.139 0.064 5.26 415.0
2458277.73398 19.243 0.051 4.31 302.0
2458277.85034 19.235 0.061 4.60 413.0
2458278.55080 19.177 0.080 6.32 485.0
2458278.68530 19.195 0.060 4.83 465.0
2458282.56782 19.335 0.079 5.60 406.0
2458282.69055 19.150 0.042 4.09 279.0
2458282.83238 19.135 0.055 4.76 366.0
2458283.54153 19.364 0.098 6.40 465.0
2458283.64257 19.302 0.070 5.29 334.0
2458283.77805 19.270 0.055 4.25 356.0
2458283.89077 19.023 0.065 5.78 434.0
2458284.61301 19.232 0.066 5.58 318.0
2458284.74705 19.282 0.056 4.74 296.0
2458284.85876 19.101 0.061 5.27 362.0
2458285.76141 19.323 0.077 5.79 334.0
2458286.57978 19.082 0.054 5.31 298.0
2458286.71480 19.249 0.051 4.30 275.0
2458286.85502 19.147 0.050 4.32 338.0
2458287.56751 19.387 0.073 5.13 347.0
2458287.70591 19.195 0.066 6.15 277.0
2458287.84790 19.170 0.045 4.27 292.0
2458288.54352 19.177 0.068 5.68 380.0
2458288.66987 19.244 0.053 4.45 285.0
2458288.80758 19.230 0.057 4.58 308.0
2458289.53994 19.214 0.081 6.29 465.0
2458289.66672 19.227 0.049 4.09 326.0
2458289.81178 19.419 0.080 5.39 350.0
2458290.53282 19.311 0.094 5.82 612.0
2458290.66789 19.265 0.060 4.45 375.0
2458290.80826 19.257 0.071 5.22 400.0
2458291.57587 19.266 0.086 5.13 743.0
2458291.72428 19.230 0.065 4.36 486.0
2458291.85803 19.180 0.064 4.84 433.0
2458292.58713 19.321 0.098 6.37 426.0
2458292.71812 19.268 0.073 4.80 483.0
2458292.86850 19.352 0.072 4.51 457.0
2458293.59350 19.561 0.119 5.99 509.0
2458293.73716 19.359 0.090 5.72 484.0
2458294.62038 19.141 0.110 7.33 606.0
2458294.77311 19.293 0.126 7.59 668.0
2458299.52851 19.362 0.141 6.59 1045.0
2458301.60046 19.185 0.116 7.88 541.0
2458301.71056 19.303 0.114 7.46 538.0
2458301.83539 19.248 0.124 7.56 702.0
2458303.64051 19.016 0.083 7.86 360.0
2458304.61801 19.213 0.099 7.59 400.0
2458305.64498 19.177 0.084 7.41 327.0
2458305.76562 19.350 0.102 6.98 380.0
2458306.67242 19.576 0.124 7.05 367.0
2458306.76135 19.012 0.078 7.30 380.0
2458307.48437 19.153 0.089 6.80 529.0
2458307.59053 19.290 0.065 4.99 384.0
2458307.71546 19.168 0.058 4.98 333.0
2458307.83576 19.158 0.070 5.54 420.0
2458308.54958 19.248 0.065 5.53 296.0
2458308.66977 19.327 0.061 4.78 282.0
2458308.78978 19.331 0.087 5.82 426.0
2458309.52398 19.198 0.065 5.68 352.0
2458309.66529 19.362 0.058 4.42 308.0
2458309.76831 19.292 0.055 4.16 361.0
2458310.48859 19.306 0.087 5.91 415.0
2458310.57953 19.311 0.070 5.22 381.0
2458310.66943 19.289 0.064 5.06 370.0
2458310.76288 19.336 0.071 5.41 355.0
2458311.50216 19.388 0.110 7.44 376.0
2458311.61476 19.258 0.065 5.42 299.0
2458311.74589 19.309 0.061 4.42 357.0
2458312.47038 19.407 0.134 7.14 631.0
2458312.58433 19.256 0.067 5.37 334.0
2458312.72515 19.234 0.050 4.40 309.0
2458313.47880 19.324 0.080 5.50 497.0
2458313.58304 19.223 0.048 4.19 290.0
2458313.70548 19.319 0.055 4.00 332.0
2458313.81428 19.320 0.059 3.83 424.0
2458314.55016 19.321 0.069 4.95 385.0
2458314.67176 19.254 0.056 4.24 357.0
2458314.78977 19.223 0.059 4.86 332.0
2458316.54919 19.336 0.093 6.48 406.0
2458316.66569 19.234 0.078 6.06 342.0
2458320.48920 19.120 0.070 5.69 476.0
2458320.60866 19.282 0.071 5.49 393.0
2458320.73068 19.316 0.067 5.07 347.0
2458321.52253 19.249 0.081 5.13 582.0
2458328.48692 19.338 0.106 5.87 645.0
2458328.59998 19.182 0.071 5.00 568.0
2458328.71263 19.347 0.099 5.60 648.0
2458329.51123 19.329 0.082 5.31 494.0
2458329.62309 19.362 0.094 5.86 521.0
2458329.73145 19.118 0.061 4.46 551.0
2458330.54296 19.246 0.058 4.59 443.0
2458331.52799 19.269 0.050 4.03 317.0
2458331.65140 19.266 0.066 5.10 376.0
2458332.52851 19.262 0.068 5.03 398.0
2458332.65264 19.254 0.071 5.22 438.0
2458333.50988 19.195 0.069 5.26 440.0
2458333.64361 19.201 0.050 4.32 320.0
2458334.55276 19.333 0.063 4.40 405.0
2458334.67610 19.143 0.052 4.57 339.0
2458335.68808 19.430 0.090 6.17 344.0
2458336.57150 19.199 0.049 4.29 286.0
2458336.74514 19.297 0.061 4.49 346.0
2458338.57521 19.324 0.078 5.85 357.0
2458339.47446 19.291 0.076 4.99 478.0
2458339.61414 19.174 0.045 4.23 272.0
2458340.51215 19.215 0.055 4.19 352.0
2458340.72984 19.384 0.069 5.05 308.0
2458341.58732 19.262 0.055 4.39 314.0
2458342.49402 19.486 0.094 5.69 373.0
2458342.65310 19.236 0.075 5.72 360.0
2458344.50745 19.260 0.065 4.79 393.0
2458344.63845 19.174 0.066 5.30 375.0
2458345.54022 19.271 0.085 5.93 437.0
2458345.70657 19.304 0.052 3.95 297.0
2458346.58806 19.126 0.055 4.90 308.0
2458347.49246 19.522 0.089 5.52 328.0
2458347.62880 19.259 0.057 4.36 303.0
2458348.55257 19.409 0.101 5.94 422.0
2458349.51820 19.554 0.130 6.76 420.0
2458349.72615 19.190 0.089 5.05 885.0
2458355.52761 19.237 0.080 4.99 527.0
2458355.69216 19.117 0.077 5.28 661.0
2458356.66009 19.264 0.062 3.96 563.0
2458357.56669 19.124 0.051 3.72 489.0
2458358.53545 19.176 0.074 5.06 494.0
2458358.69920 19.310 0.096 5.80 575.0
2458359.60335 19.208 0.069 4.64 476.0
2458360.54822 19.288 0.081 5.54 403.0
2458360.68140 19.442 0.125 6.63 584.0
2458363.53050 19.292 0.077 5.55 383.0
2458364.48553 19.030 0.057 4.98 440.0
2458364.64498 19.194 0.046 4.22 312.0
2458366.56090 19.240 0.052 4.08 334.0
2458367.57143 19.338 0.053 3.74 338.0
2458368.52512 19.275 0.061 4.37 350.0
2458369.48302 19.344 0.078 4.75 443.0
2458369.64350 19.107 0.052 4.29 376.0
2458370.63757 19.143 0.058 4.65 387.0
2458371.58889 19.175 0.058 4.82 336.0
2458372.55987 19.215 0.058 4.28 353.0
2458373.53900 19.434 0.094 5.67 352.0
2458375.56936 19.196 0.074 5.79 369.0
2458376.50126 19.223 0.091 6.86 395.0
2458376.62833 19.413 0.109 6.72 401.0
2458377.56046 19.272 0.094 5.57 766.0
2458382.51803 19.172 0.057 3.95 539.0
2458382.62559 19.238 0.059 3.44 642.0
2458383.56471 19.354 0.106 5.89 607.0
2458384.51522 19.410 0.091 4.62 573.0
2458384.60751 19.359 0.083 4.28 650.0
2458385.53824 19.274 0.052 3.31 535.0
2458385.62901 19.223 0.052 3.50 636.0
2458387.53979 19.082 0.081 4.24 1119.0
2458392.52015 19.218 0.091 6.39 426.0
2458393.50477 19.206 0.082 6.28 367.0
2458393.59658 19.215 0.094 6.78 400.0
2458394.57332 19.208 0.072 5.54 355.0
2458398.52060 19.435 0.088 5.38 380.0
2458401.52050 19.352 0.088 5.76 425.0
2458404.55448 19.520 0.127 6.62 526.0
2458409.57138 19.220 0.118 7.02 716.0
2458411.56439 19.454 0.135 6.40 752.0
2458413.55777 19.189 0.103 5.74 836.0
2458415.51445 19.366 0.146 6.83 791.0
2458418.53214 19.134 0.106 7.42 545.0
2458423.51930 19.372 0.130 7.50 544.0
2458425.52239 19.244 0.078 4.97 495.0
2458530.87239 19.226 0.062 4.94 408.0
2458532.87341 19.158 0.079 5.87 561.0
2458534.87230 19.312 0.091 5.43 641.0
2458535.87754 19.208 0.087 5.97 590.0
2458536.86490 19.393 0.089 5.14 589.0
2458537.85238 19.198 0.085 6.07 497.0
2458538.88394 19.207 0.064 5.04 487.0
2458539.86373 19.371 0.077 4.82 507.0
2458540.84628 19.259 0.106 5.04 1163.0
2458540.88652 19.245 0.083 4.45 857.0
2458544.88692 19.212 0.055 4.88 342.0
2458546.86436 19.208 0.061 5.30 355.0
2458546.90417 19.235 0.074 4.69 696.0
2458547.87387 19.162 0.052 4.59 354.0
2458548.81970 19.302 0.065 4.61 458.0
2458548.87765 19.208 0.054 4.13 424.0
2458549.81518 19.178 0.081 6.56 394.0
2458549.86538 19.197 0.060 5.19 366.0
2458550.82890 19.263 0.059 4.90 353.0
2458550.87805 19.287 0.059 4.65 351.0
2458551.83916 19.277 0.085 6.95 353.0
2458551.88795 19.481 0.099 6.25 350.0
2458552.86031 19.257 0.083 6.72 354.0
2458552.90909 19.371 0.141 6.94 921.0
2458553.84260 19.153 0.084 7.04 389.0
2458554.81209 19.228 0.076 6.07 398.0
2458554.86371 19.141 0.051 4.55 366.0
2458554.90382 19.280 0.073 5.56 425.0
2458555.82489 19.218 0.058 4.83 366.0
2458555.87239 19.317 0.055 4.07 363.0
2458556.79632 19.286 0.074 5.63 382.0
2458556.83637 19.183 0.059 4.98 351.0
2458556.88662 19.287 0.059 4.72 358.0
2458557.79800 19.220 0.085 6.77 376.0
2458557.85367 19.179 0.054 4.75 342.0
2458557.89600 19.268 0.066 5.17 358.0
2458558.80681 19.194 0.062 5.24 399.0
2458558.84627 19.043 0.052 5.02 379.0
2458558.89550 19.264 0.067 5.38 357.0
2458559.79061 19.282 0.075 6.07 392.0
2458559.84029 19.191 0.051 4.36 344.0
2458559.88063 19.157 0.042 3.72 337.0
2458560.80035 19.356 0.071 4.66 508.0
2458560.84010 19.248 0.054 4.40 366.0
2458560.88902 19.288 0.054 4.01 377.0
2458561.79416 19.216 0.084 6.07 571.0
2458561.84638 19.226 0.074 5.18 480.0
2458561.88557 19.347 0.087 6.04 382.0
2458562.79092 19.297 0.100 6.09 652.0
2458562.83220 19.374 0.104 6.01 636.0
2458562.88822 19.311 0.083 5.28 548.0
2458563.77281 19.402 0.103 5.36 806.0
2458563.82836 19.211 0.064 4.27 652.0
2458563.86818 19.367 0.069 4.18 580.0
2458564.76933 19.045 0.069 5.17 666.0
2458564.81553 19.240 0.068 4.81 553.0
2458564.86709 19.250 0.065 4.26 536.0
2458564.90762 19.203 0.070 4.78 579.0
2458565.82466 19.281 0.080 5.15 579.0
2458565.86455 19.141 0.073 5.30 534.0
2458566.77618 19.161 0.072 5.15 629.0
2458566.82464 19.048 0.060 5.22 565.0
2458566.87583 19.174 0.058 4.40 493.0
2458567.76818 19.216 0.074 4.77 727.0
2458567.83827 19.157 0.063 4.57 559.0
2458567.88667 19.132 0.070 5.59 520.0
2458573.86087 19.397 0.116 7.53 390.0
2458573.90986 19.143 0.066 5.76 388.0
2458574.74235 19.063 0.068 6.53 365.0
2458574.86108 19.184 0.071 6.62 321.0
2458574.90141 19.328 0.073 5.85 322.0
2458575.75549 19.313 0.089 6.72 377.0
2458575.79475 19.319 0.081 6.13 346.0
2458575.84299 19.225 0.086 6.88 352.0
2458575.88210 19.249 0.070 5.40 352.0
2458576.77216 19.191 0.077 6.72 354.0
2458576.80805 19.290 0.086 6.80 361.0
2458576.85616 19.230 0.085 7.30 337.0
2458576.89564 19.291 0.093 7.38 326.0
2458577.73174 19.254 0.097 7.22 445.0
2458577.81361 19.195 0.096 7.41 424.0
2458577.89206 19.115 0.072 6.25 444.0
2458578.71915 19.236 0.082 6.59 413.0
2458578.76303 19.086 0.055 5.15 357.0
2458578.80248 19.167 0.058 4.95 392.0
2458578.86935 19.274 0.071 5.57 402.0
2458578.91195 19.318 0.086 6.43 380.0
2458579.74083 19.464 0.093 5.86 429.0
2458579.78041 19.498 0.095 5.38 455.0
2458579.82576 19.200 0.080 5.96 471.0
2458579.87830 19.219 0.074 5.63 459.0
2458580.71952 19.187 0.080 6.12 438.0
2458580.75212 19.235 0.077 6.01 391.0
2458580.80662 19.196 0.061 5.34 368.0
2458580.84611 19.290 0.077 5.83 384.0
2458580.91202 19.188 0.057 4.58 393.0
2458581.73978 19.249 0.069 5.31 385.0
2458581.83802 19.235 0.055 4.30 353.0
2458582.71921 19.201 0.070 6.07 355.0
2458582.79139 19.116 0.061 5.29 371.0
2458582.91296 19.400 0.062 4.10 416.0
2458583.74210 19.101 0.060 5.55 366.0
2458583.85193 19.171 0.048 4.18 370.0
2458584.72473 19.178 0.065 5.74 394.0
2458584.81915 19.206 0.053 4.70 331.0
2458585.71418 19.392 0.081 5.68 389.0
2458585.78393 19.179 0.058 5.59 361.0
2458585.91010 19.279 0.051 3.84 375.0
2458586.72193 19.300 0.079 6.03 359.0
2458586.82678 19.136 0.046 4.24 307.0
2458587.69722 19.027 0.084 7.30 506.0
2458587.76114 19.349 0.082 6.15 372.0
2458587.90399 19.179 0.059 4.98 378.0
2458588.71989 19.168 0.070 5.78 451.0
2458588.83205 19.255 0.048 3.91 307.0
2458589.70598 19.067 0.069 4.77 618.0
2458589.77688 19.146 0.060 4.58 482.0
2458589.90801 19.273 0.059 4.68 361.0
2458590.71825 19.107 0.061 4.82 611.0
2458590.82187 19.206 0.053 3.99 476.0
2458591.70250 19.218 0.078 5.25 723.0
2458591.77381 19.249 0.072 4.94 585.0
2458591.92701 19.237 0.085 4.65 869.0
2458592.81937 19.315 0.081 5.01 640.0
2458593.68285 19.288 0.133 6.71 1103.0
2458593.79924 19.407 0.112 5.20 1123.0
2458594.68244 19.371 0.109 5.41 898.0
2458594.73225 19.238 0.081 5.12 670.0
2458594.84801 19.253 0.062 3.96 619.0
2458595.69858 19.367 0.163 6.73 1323.0
2458595.78087 19.219 0.147 6.59 1482.0
2458595.92888 19.313 0.107 5.44 937.0
2458599.72047 19.212 0.074 5.65 478.0
2458599.77655 19.269 0.077 5.78 426.0
2458599.83192 19.214 0.057 4.63 402.0
2458599.91072 19.485 0.074 4.77 410.0
2458600.67787 19.330 0.086 6.28 393.0
2458600.79461 19.171 0.053 4.55 363.0
2458600.93491 19.230 0.075 4.10 986.0
2458601.72798 19.184 0.061 5.16 391.0
2458601.92274 19.315 0.054 3.87 450.0
2458602.71976 19.200 0.048 4.34 315.0
2458602.88812 19.250 0.052 3.79 373.0
2458603.68715 19.238 0.075 6.49 357.0
2458603.81910 19.216 0.044 3.69 423.0
2458604.69289 19.270 0.080 6.58 377.0
2458604.81047 19.377 0.073 5.29 335.0
2458605.65810 19.483 0.103 6.46 401.0
2458605.75505 19.230 0.073 5.93 368.0
2458605.92024 19.257 0.059 4.66 392.0
2458606.70882 19.318 0.056 4.19 348.0
2458606.86250 19.207 0.045 3.56 359.0
2458607.67451 19.262 0.066 5.29 391.0
2458607.79256 19.239 0.056 4.36 386.0
2458607.91806 19.165 0.055 4.37 422.0
2458608.69436 19.421 0.091 6.08 453.0
2458608.89855 19.045 0.051 4.86 415.0
2458612.74650 19.421 0.087 5.97 318.0
2458612.87012 19.243 0.075 5.57 392.0
2458613.64828 19.201 0.103 7.91 420.0
2458613.75325 19.234 0.060 4.83 355.0
2458613.90578 19.225 0.060 4.33 474.0
2458614.66982 19.079 0.073 6.33 449.0
2458614.81011 19.153 0.069 5.42 421.0
2458615.64879 19.204 0.079 6.34 398.0
2458615.75612 19.400 0.063 4.51 341.0
2458615.91700 19.370 0.092 6.32 387.0
2458616.68204 19.175 0.067 5.29 453.0
2458616.82909 19.199 0.046 3.75 377.0
2458617.64256 19.268 0.070 5.02 482.0
2458617.72443 19.308 0.059 4.35 428.0
2458617.90604 19.248 0.054 3.80 468.0
2458618.67500 19.317 0.085 5.82 493.0
2458618.81450 19.387 0.082 5.07 504.0
2458619.63210 19.468 0.131 7.10 580.0
2458619.71558 19.358 0.087 5.76 462.0
2458619.89625 19.286 0.068 5.41 344.0
2458620.66494 19.043 0.067 5.74 525.0
2458620.81126 19.191 0.063 4.61 491.0
2458621.67171 19.537 0.165 7.35 723.0
2458621.81915 19.293 0.087 4.68 754.0
2458626.70624 19.232 0.127 6.18 1230.0
2458626.75901 19.199 0.085 4.99 801.0
2458626.82136 19.357 0.079 4.84 598.0
2458626.87116 19.337 0.084 4.77 650.0
2458626.92143 19.093 0.067 4.62 724.0
2458627.64960 19.367 0.088 5.39 782.0
2458627.71078 19.343 0.063 4.46 399.0
2458627.81528 19.202 0.055 4.52 484.0
2458635.69627 19.110 0.057 5.42 318.0
2458635.84395 19.107 0.061 5.37 385.0
2458636.57092 19.244 0.081 6.12 438.0
2458636.65609 19.354 0.066 4.95 342.0
2458636.80094 19.356 0.057 4.48 307.0
2458636.92303 19.332 0.080 5.74 455.0
2458637.61508 19.312 0.072 5.84 322.0
2458637.75918 19.164 0.056 4.84 359.0
2458637.88595 19.377 0.070 4.67 408.0
2458638.66457 19.095 0.052 5.53 328.0
2458638.85726 19.143 0.060 5.31 422.0
2458639.68452 19.080 0.046 4.35 355.0
2458639.91832 19.330 0.072 4.70 499.0
2458640.61868 19.237 0.071 6.15 351.0
2458640.77040 19.410 0.082 5.65 365.0
2458640.89537 19.146 0.069 5.64 445.0
2458641.65098 19.115 0.055 4.85 414.0
2458642.58262 19.168 0.071 5.48 467.0
2458642.83661 19.392 0.081 5.24 433.0
2458643.55040 19.491 0.117 7.21 455.0
2458643.63547 19.236 0.055 4.32 349.0
2458643.76977 19.294 0.054 4.42 327.0
2458643.87812 19.202 0.075 5.90 406.0
2458644.57326 19.360 0.083 5.49 461.0
2458644.67171 19.187 0.051 4.41 331.0
2458644.79713 18.991 0.064 6.19 401.0
2458644.90541 19.277 0.082 5.35 436.0
2458645.66572 19.213 0.079 6.07 488.0
2458646.60959 19.272 0.102 7.31 405.0
2458646.71656 19.284 0.084 6.39 384.0
2458646.82057 19.155 0.069 5.88 376.0
2458647.60636 19.398 0.097 6.01 510.0
2458647.67747 19.210 0.074 5.61 451.0
2458647.80006 19.307 0.093 6.26 465.0
2458648.60954 19.630 0.127 6.17 600.0
2458648.68211 19.151 0.072 5.51 500.0
2458648.80462 19.210 0.063 4.67 513.0
2458648.90699 19.453 0.125 7.26 490.0
2458649.62692 19.294 0.133 7.47 689.0
2458654.88726 19.143 0.055 3.65 757.0
2458655.63532 19.377 0.070 4.12 706.0
2458655.84076 19.202 0.075 5.06 663.0
2458656.64615 19.245 0.074 6.03 427.0
2458656.77344 19.237 0.067 5.47 446.0
2458656.88328 18.997 0.070 6.26 613.0
2458657.60724 19.215 0.063 5.04 323.0
2458657.71831 19.173 0.056 4.86 330.0
2458657.83771 19.203 0.054 4.49 376.0
2458658.54762 19.441 0.085 6.04 315.0
2458660.58763 19.306 0.070 5.78 310.0
2458660.86223 19.220 0.067 5.40 502.0
2458662.56330 19.493 0.110 7.04 400.0
2458662.81967 19.492 0.092 5.50 436.0
2458664.70533 19.220 0.050 4.55 259.0
2458666.50024 19.127 0.100 6.91 647.0
2458666.69181 19.217 0.062 5.47 292.0
2458667.57308 19.461 0.110 6.76 427.0
2458667.81308 19.073 0.056 5.57 350.0
2458668.66699 19.186 0.058 5.21 279.0
2458669.71831 19.236 0.058 5.04 319.0
2458670.51966 19.146 0.066 5.99 401.0
2458670.77993 19.116 0.046 4.28 301.0
2458673.64268 19.263 0.059 4.93 333.0
2458674.60167 19.241 0.087 6.91 348.0
2458674.84184 19.244 0.087 6.31 525.0
2458675.66288 19.194 0.055 4.16 434.0
2458676.52682 19.227 0.069 4.95 485.0
2458676.77592 19.179 0.071 5.32 507.0
2458676.84590 19.216 0.085 6.35 468.0
2458677.60508 19.403 0.106 5.85 605.0
2458681.53536 19.336 0.137 6.07 1142.0
2458681.76444 19.413 0.138 6.02 1040.0
2458682.52001 19.448 0.127 6.63 671.0
2458683.49267 19.194 0.097 7.39 462.0
2458683.57737 19.266 0.083 5.84 492.0
2458683.79974 19.352 0.081 5.19 510.0
2458684.54145 19.293 0.079 5.39 414.0
2458685.55606 19.151 0.057 5.18 424.0
2458688.58609 19.326 0.099 7.32 346.0
2458689.53165 19.187 0.085 6.71 383.0
2458689.77299 19.296 0.083 6.10 376.0
2458690.51879 19.283 0.085 6.33 397.0
2458690.73418 19.174 0.049 4.47 304.0
2458691.52728 19.150 0.044 4.08 302.0
2458691.78966 19.140 0.059 5.07 380.0
2458692.53416 19.213 0.064 5.19 500.0
2458692.78078 19.184 0.075 6.08 413.0
2458693.53157 19.639 0.110 6.45 327.0
2458694.52500 19.167 0.057 4.77 367.0
2458694.68285 19.284 0.046 4.00 339.0
2458695.52219 19.335 0.074 5.60 338.0
2458695.78881 19.263 0.057 4.73 354.0
2458697.78550 19.494 0.112 7.63 300.0
2458698.53660 19.271 0.063 5.17 310.0
2458699.68434 19.305 0.054 4.19 307.0
2458700.59514 19.131 0.052 4.59 332.0
2458701.73768 19.307 0.067 4.92 384.0
2458702.65159 19.177 0.064 5.46 334.0
2458704.68853 19.231 0.086 5.89 505.0
2458711.61395 19.247 0.072 4.98 533.0
2458711.74072 19.186 0.116 6.24 970.0
2458712.66853 19.276 0.106 6.94 491.0
2458713.69866 19.075 0.061 5.19 437.0
2458715.72942 19.160 0.072 5.48 457.0
2458716.69395 19.282 0.063 5.30 363.0
2458717.71170 19.509 0.136 7.74 400.0
2458718.72665 19.363 0.078 5.08 475.0
2458719.65362 19.304 0.072 5.58 335.0
2458722.70829 19.108 0.059 5.98 286.0
2458723.69447 19.356 0.067 4.91 349.0
2458724.68872 19.132 0.071 6.01 403.0
2458725.69330 19.212 0.062 5.38 324.0
2458726.68012 19.081 0.052 4.85 307.0
2458727.67714 19.353 0.084 5.74 380.0
2458728.68272 19.329 0.060 4.41 325.0
2458729.68850 19.369 0.075 5.40 353.0
2458730.66874 19.336 0.075 5.43 318.0
2458736.66418 19.390 0.130 6.60 732.0
2458737.65757 19.414 0.127 6.64 687.0
2458738.64447 19.636 0.171 7.08 747.0
2458739.64045 19.323 0.101 5.87 607.0
2458740.60072 19.111 0.088 6.44 563.0
2458741.65151 19.119 0.075 5.59 552.0
2458742.64688 19.324 0.095 5.78 544.0
2458747.59463 19.168 0.072 6.55 308.0
2458752.59677 19.287 0.074 5.94 361.0
2458757.58283 19.271 0.083 6.29 350.0
2458763.56960 19.448 0.112 5.82 637.0
2458899.85558 19.128 0.076 6.43 419.0
2458900.86385 19.217 0.062 5.03 372.0
2458901.86553 19.366 0.066 4.96 354.0
2458902.86530 19.334 0.069 5.34 344.0
2458903.86247 19.184 0.079 6.32 415.0
2458904.85271 19.404 0.079 5.85 327.0
2458905.84712 19.263 0.064 4.94 355.0
2458906.86093 19.621 0.100 5.89 371.0
2458907.85785 19.415 0.079 5.16 422.0
2458908.85231 19.138 0.080 6.69 409.0
2458909.83041 19.246 0.075 6.05 356.0
2458909.86604 19.329 0.058 4.54 325.0
2458910.82629 19.270 0.100 7.47 382.0
2458910.88916 18.984 0.085 7.55 457.0
2458911.84304 19.272 0.070 5.37 369.0
2458911.87729 19.242 0.074 6.18 360.0
2458912.81496 19.439 0.107 6.82 405.0
2458912.84968 19.387 0.072 5.47 353.0
2458912.89286 19.255 0.066 5.43 391.0
2458913.82033 19.253 0.091 7.00 392.0
2458913.86321 19.360 0.084 6.32 362.0
2458913.89904 19.217 0.096 6.68 550.0
2458914.86999 19.252 0.061 5.22 371.0
2458914.90426 19.225 0.089 5.81 726.0
2458915.85029 19.233 0.065 5.39 330.0
2458915.88515 19.207 0.055 5.08 336.0
2458916.81007 19.485 0.100 5.42 625.0
2458916.84457 19.297 0.074 4.99 523.0
2458916.89005 19.291 0.063 4.71 453.0
2458917.81366 19.217 0.090 5.62 797.0
2458917.85725 19.279 0.071 4.59 634.0
2458917.89395 19.194 0.077 5.22 702.0
2458918.83245 19.346 0.086 4.96 685.0
2458918.86691 19.344 0.076 5.03 564.0
2458918.90999 19.199 0.077 4.60 1033.0
2458919.81695 19.309 0.106 6.05 661.0
2458919.85945 19.272 0.076 4.96 556.0
2458919.89484 18.956 0.049 4.78 497.0
2458920.81612 19.437 0.091 4.91 633.0
2458920.85531 19.181 0.063 4.78 557.0
2458920.89781 19.251 0.069 5.44 509.0
2458921.79617 19.389 0.096 5.44 652.0
2458921.84124 19.130 0.059 4.88 556.0
2458921.87638 19.190 0.061 4.75 533.0
2458922.81383 19.201 0.085 5.93 665.0
2458923.79732 19.145 0.119 5.19 1853.0
2458923.81718 19.262 0.128 4.97 1981.0
2458923.83177 19.177 0.115 4.98 2009.0
2458923.84249 19.150 0.120 5.05 2149.0
2458923.86370 19.445 0.141 4.46 2192.0
2458923.87474 19.422 0.144 4.55 2322.0
2458923.88647 19.124 0.119 5.35 2353.0
2458923.89508 19.370 0.166 5.30 2431.0
2459795.60742 19.171 0.062 5.46 320.0
2459795.65563 19.330 0.070 5.77 329.0
2459795.69019 19.294 0.089 7.18 351.0
2459795.73524 19.073 0.074 6.86 407.0
2459795.76570 19.495 0.118 6.84 472.0
2459796.54642 19.633 0.115 6.54 364.0
2459796.63362 19.189 0.070 6.11 355.0
2459796.67783 19.115 0.054 5.43 340.0
2459796.71560 19.454 0.082 5.91 332.0
2459796.75885 19.142 0.067 6.21 342.0
2459797.59076 19.331 0.089 5.57 429.0
2459797.63398 19.485 0.105 5.81 423.0
2459797.68165 19.080 0.063 5.98 381.0
2459797.73280 19.306 0.080 5.44 457.0
2459797.76480 19.080 0.070 6.09 408.0
2459798.53354 19.154 0.108 7.10 642.0
2459798.71459 19.352 0.125 6.82 849.0
2459804.49599 19.320 0.078 5.08 576.0
2459804.53060 19.132 0.093 6.48 634.0
2459804.57623 19.258 0.077 5.47 519.0
2459804.61162 19.262 0.091 6.18 564.0
2459804.65542 19.432 0.118 6.71 623.0
2459804.69529 19.197 0.095 6.27 643.0
2459805.51947 19.408 0.101 6.26 444.0
2459805.55586 19.254 0.076 5.21 490.0
2459805.59958 19.171 0.067 5.00 527.0
2459805.63440 19.243 0.070 5.03 476.0
2459805.67707 19.231 0.068 4.91 530.0
2459805.71151 18.989 0.054 4.52 549.0
2459806.56367 19.288 0.101 6.81 522.0
2459806.61220 19.515 0.124 6.98 436.0
2459806.66012 19.392 0.108 6.65 460.0
2459806.69785 19.085 0.077 5.97 475.0
2459807.48136 19.191 0.083 5.83 551.0
2459807.52545 19.223 0.066 5.73 332.0
2459807.58229 19.053 0.052 5.42 326.0
2459807.63802 19.264 0.072 6.03 356.0
2459807.70374 19.144 0.063 5.43 411.0
2459807.73867 19.050 0.057 5.35 406.0
2459808.50966 19.269 0.095 7.33 337.0
2459808.57070 19.131 0.072 6.60 320.0
2459808.65795 19.352 0.076 5.59 336.0
2459808.69411 19.190 0.077 5.99 383.0
2459808.73966 18.957 0.055 5.06 392.0
2459809.59364 19.340 0.082 6.15 310.0
2459809.63857 19.397 0.083 6.23 303.0
2459809.71467 19.191 0.060 4.83 372.0
2459810.53056 19.317 0.047 3.97 302.0
2459810.56773 19.235 0.052 4.85 311.0
2459810.71596 19.321 0.059 4.77 321.0
2459811.50826 19.385 0.079 5.73 306.0
2459811.58491 19.050 0.052 5.61 311.0
2459811.69379 19.248 0.056 4.27 314.0
2459812.48069 19.267 0.120 7.44 560.0
2459812.51570 19.208 0.063 5.71 297.0
2459812.63072 19.158 0.057 5.01 299.0
2459812.71801 19.331 0.065 4.69 312.0
2459813.51467 19.272 0.096 7.24 341.0
2459813.69059 19.128 0.063 5.90 303.0
2459814.48180 19.224 0.087 6.00 586.0
2459814.52726 19.283 0.065 5.25 348.0
2459814.58047 19.261 0.066 5.72 316.0
2459814.67131 19.168 0.076 6.31 364.0
2459814.71390 19.537 0.108 6.88 363.0
2459815.51327 19.194 0.056 5.02 331.0
2459815.56690 19.271 0.073 6.18 350.0
2459815.68651 19.286 0.065 5.07 356.0
2459816.48851 19.471 0.091 5.56 363.0
2459816.52474 19.191 0.071 5.88 351.0
2459816.56919 19.281 0.065 5.40 338.0
2459816.68074 19.138 0.049 4.07 328.0
2459817.51225 19.376 0.092 6.57 402.0
2459817.58239 19.099 0.054 5.19 382.0
2459817.62779 19.245 0.059 5.09 356.0
2459817.71183 19.421 0.067 4.69 396.0
2459818.55243 19.659 0.134 6.72 419.0
2459818.69132 19.127 0.058 4.62 381.0
2459819.53367 19.206 0.055 4.57 415.0
2459819.59306 19.171 0.054 5.14 372.0
2459820.49953 19.194 0.061 5.19 373.0
2459820.54725 19.305 0.082 6.44 384.0
2459820.68853 19.160 0.061 5.26 366.0
2459821.52325 19.178 0.070 6.47 341.0
2459821.66009 19.260 0.066 5.52 364.0
2459822.49837 19.192 0.060 5.13 388.0
2459822.54737 19.459 0.086 6.09 366.0
2459823.56115 19.215 0.091 7.30 414.0
2459823.60838 19.331 0.084 6.16 420.0
2459824.52596 19.275 0.104 7.22 479.0
2459824.58155 19.304 0.103 7.17 496.0
2459825.61071 19.367 0.113 7.19 530.0
2459829.55122 19.203 0.133 7.63 889.0
2459829.65072 19.415 0.155 6.82 985.0
2459830.65895 19.304 0.121 6.50 903.0
2459831.51748 19.377 0.100 6.03 649.0
2459831.57813 19.176 0.087 6.20 656.0
2459831.64557 19.176 0.099 6.51 792.0
2459832.52745 19.464 0.139 7.43 652.0
2459832.57481 19.139 0.101 7.17 691.0
2459834.52198 19.255 0.069 5.21 502.0
2459834.57130 19.262 0.076 5.34 574.0
2459834.62178 19.191 0.082 5.91 625.0
2459835.53650 19.216 0.103 7.74 417.0
2459835.59963 19.348 0.104 6.55 507.0
2459835.64682 19.080 0.069 6.34 392.0
2459836.64135 19.682 0.152 7.09 523.0
2459837.65388 19.113 0.061 5.03 523.0
2459838.60472 19.051 0.057 5.51 422.0
2459840.50043 19.403 0.084 5.99 374.0
2459840.54757 19.336 0.095 7.15 366.0
2459840.59783 19.395 0.094 6.53 397.0
2459841.51146 19.222 0.076 6.17 424.0
2459841.55960 19.319 0.072 5.48 423.0
2459841.60660 19.212 0.075 6.13 458.0
2459843.56324 19.167 0.084 6.88 398.0
2459843.61228 19.350 0.093 6.31 418.0
2459844.54770 19.304 0.084 6.60 426.0
2459844.59506 19.262 0.072 5.57 445.0
2459845.50584 18.931 0.069 7.25 387.0
2459845.55400 19.335 0.081 5.87 368.0
2459845.60329 19.164 0.055 4.69 388.0
2459846.59491 19.249 0.083 5.89 454.0
2459848.53259 19.408 0.095 6.34 431.0
2459848.57944 19.143 0.065 5.45 467.0
2459848.62671 19.224 0.068 5.26 454.0
2459850.55839 19.157 0.071 5.69 407.0
2459850.60543 19.175 0.071 5.78 410.0
2459851.60876 19.234 0.087 6.87 438.0
2459852.52591 19.350 0.108 7.53 436.0
2459852.57628 19.378 0.091 5.96 455.0
2459857.53554 19.325 0.133 7.43 750.0
2459857.59735 19.327 0.165 8.09 925.0
2459857.59942 19.116 0.143 8.26 940.0
2459859.53347 19.137 0.062 4.83 653.0
2459859.58426 19.225 0.083 5.68 759.0
2459860.52226 19.113 0.090 6.22 704.0
2459860.57263 19.146 0.094 5.94 811.0
2459861.55442 19.002 0.074 5.38 776.0
2459863.50092 19.225 0.098 6.22 706.0
2459863.54953 19.129 0.087 5.77 694.0
2459864.54685 19.135 0.077 5.22 690.0
2459865.54478 19.250 0.100 6.88 532.0
2459866.53586 19.180 0.065 4.43 600.0
2459867.51499 19.336 0.077 4.91 540.0
2459868.53868 19.169 0.069 4.92 510.0
2459869.53943 19.342 0.079 5.28 460.0
2459874.50300 19.292 0.100 5.62 759.0
2459876.50950 18.975 0.086 7.18 560.0
2459994.86685 18.992 0.055 5.30 454.0
2459999.86115 19.267 0.081 5.89 475.0
2460003.84928 19.260 0.069 4.87 475.0
2460007.84132 19.124 0.058 4.85 482.0
2460012.83592 19.165 0.056 4.07 600.0
2460015.82906 19.199 0.069 5.22 610.0
2460021.88343 19.213 0.053 4.79 371.0
2460024.85786 19.161 0.042 4.05 336.0
2460027.80426 19.377 0.079 5.87 370.0
2460029.86971 19.104 0.047 4.72 362.0
2460032.79814 19.174 0.060 4.93 358.0
2460034.84241 19.285 0.061 5.29 349.0
2460037.77814 19.410 0.072 4.70 461.0
2460039.90424 19.182 0.047 3.84 436.0
2460042.76488 19.299 0.068 4.65 622.0
2460048.77914 19.079 0.054 5.12 404.0
2460051.77709 18.978 0.053 5.89 339.0
2460054.74662 19.254 0.061 5.43 332.0
2460057.85217 19.354 0.075 6.06 381.0
2460059.90359 19.207 0.066 5.58 404.0
2460062.72302 19.219 0.059 5.12 400.0
2460065.87271 19.229 0.061 5.10 389.0
2460067.93479 19.287 0.102 4.47 1595.0
2460069.87727 19.313 0.091 5.04 833.0
2460075.93571 19.460 0.109 4.98 1114.0
2460085.67639 19.341 0.116 7.63 400.0
2460089.66188 19.171 0.061 4.88 475.0
2460091.74837 19.153 0.051 4.35 445.0
2460093.92814 19.100 0.088 6.36 679.0
2460095.92646 19.076 0.064 5.02 514.0
2460097.75798 19.232 0.075 4.75 660.0
2460098.82534 19.044 0.112 6.26 1305.0
2460105.61367 19.337 0.095 6.83 378.0
2460106.84181 19.351 0.084 5.75 409.0
2460108.71167 19.219 0.065 5.40 386.0
2460110.61492 19.247 0.072 5.52 400.0
2460111.84603 19.310 0.084 4.92 567.0
2460113.56889 19.152 0.068 5.86 429.0
2460116.75000 19.235 0.073 6.23 385.0
2460119.66316 19.377 0.097 6.78 383.0
2460120.82817 19.120 0.058 5.22 372.0
2460122.77588 19.187 0.068 5.50 379.0
2460124.58496 19.359 0.110 6.31 606.0
2460125.63002 19.111 0.081 5.98 587.0
2460130.59893 19.296 0.119 6.13 920.0
2460132.56151 19.252 0.072 5.70 439.0
2460134.64385 19.128 0.074 6.70 381.0
2460139.81872 19.200 0.077 5.59 466.0
2460141.76252 19.218 0.063 5.09 374.0
2460143.80825 19.389 0.086 6.06 381.0
2460149.68338 18.999 0.054 5.29 341.0
2460153.52212 19.318 0.107 6.81 574.0
2460153.78545 19.212 0.090 5.25 973.0
2460158.73842 19.013 0.078 5.17 1058.0
2460160.67528 19.407 0.091 5.34 495.0
2460165.69084 19.186 0.064 5.53 353.0
2460169.57212 19.130 0.058 5.48 318.0
2460171.58227 19.059 0.049 4.85 331.0
2460174.54803 19.082 0.072 6.77 362.0
2460179.50234 19.258 0.109 7.69 426.0
2460185.51060 19.192 0.136 7.56 852.0
2460187.69999 19.190 0.090 5.00 1000.0
2460201.54364 19.136 0.056 5.07 347.0
2460203.66179 19.012 0.063 5.54 425.0
2460206.62141 19.128 0.076 5.98 515.0
2460213.62799 19.035 0.095 6.58 761.0
2460219.55236 19.303 0.091 6.25 499.0
2460227.53571 19.216 0.088 5.92 537.0
2460230.58303 18.989 0.087 6.68 630.0
2460243.53826 19.069 0.086 5.71 764.0
2460255.52074 19.258 0.127 7.31 683.0
2460370.87890 19.206 0.058 4.56 487.0
2460377.89528 19.124 0.048 4.15 403.0
2460381.83681 19.194 0.068 5.04 447.0
2460384.83047 19.168 0.066 5.21 479.0
2460387.84887 19.193 0.059 4.92 453.0
2460391.80375 19.305 0.077 5.21 509.0
2460393.88047 19.263 0.066 4.99 481.0
2460396.79006 19.155 0.073 5.01 707.0
2460398.86017 19.145 0.055 4.28 578.0
2460404.89297 19.101 0.055 4.89 433.0
2460407.87389 19.192 0.050 4.39 376.0
2460411.80198 19.182 0.061 5.38 385.0
2460418.82159 19.246 0.062 5.45 376.0
2460423.88450 19.337 0.081 4.85 665.0
2460425.92807 19.209 0.084 4.97 870.0
2460433.83887 19.192 0.075 5.71 485.0
2460435.91868 19.228 0.071 5.55 418.0
2460439.83032 19.082 0.058 5.32 465.0
2460448.69524 19.107 0.085 7.01 455.0
2460449.83599 19.180 0.069 5.94 380.0
2460458.70223 19.146 0.065 5.48 481.0
2460460.81399 19.172 0.071 5.79 443.0
2460463.63703 19.365 0.082 6.35 356.0
2460467.68970 19.163 0.059 4.72 526.0
2460469.91873 19.252 0.083 5.77 515.0
2460476.90235 19.091 0.091 7.25 627.0
2460478.87381 19.154 0.100 7.71 478.0
2460486.60931 19.224 0.091 6.29 558.0
2460488.70611 19.084 0.058 5.41 397.0
2460491.57032 19.269 0.062 5.01 344.0
2460493.52068 19.097 0.065 5.71 462.0
2460494.82912 19.448 0.108 6.84 436.0
2460496.71582 19.224 0.099 6.42 596.0
2460498.53017 19.149 0.062 5.69 408.0
2460500.49827 19.268 0.095 6.70 434.0
2460502.48599 19.248 0.108 7.01 528.0
2460503.72674 19.145 0.060 5.52 345.0
2460506.52235 19.184 0.067 5.45 458.0
2460508.50192 19.148 0.084 5.82 710.0
2460515.64726 19.121 0.073 6.13 434.0
2460517.60634 19.392 0.108 7.49 325.0
2460519.67995 19.169 0.066 5.75 327.0
2460528.56240 19.246 0.078 6.38 348.0
2460532.56260 19.247 0.057 5.06 335.0
2460534.75053 19.113 0.057 5.21 365.0
2460544.60020 19.103 0.072 5.86 428.0
2460549.54526 18.986 0.066 6.31 410.0
2460555.66870 19.307 0.062 4.58 364.0
2460558.67690 19.176 0.057 4.73 370.0
2460561.58819 19.338 0.069 5.10 357.0
2460569.50801 19.186 0.098 6.32 609.0
2460571.63970 19.235 0.109 6.06 863.0
2460576.58007 19.184 0.088 6.61 416.0
2460581.57661 19.166 0.076 5.88 414.0
2460586.50277 19.040 0.087 7.05 449.0
2460595.50933 19.240 0.126 7.37 804.0
2460596.52785 19.075 0.077 5.50 760.0
2460597.53855 19.281 0.092 5.74 739.0
2460598.51123 19.250 0.098 6.03 717.0
2460598.55862 19.107 0.091 6.20 818.0
2460599.51434 19.172 0.070 5.00 682.0
2460599.57383 19.202 0.074 4.80 804.0
2460600.51220 19.236 0.083 5.17 823.0
2460600.56071 19.195 0.091 5.35 1010.0
2460601.52577 19.095 0.076 5.03 809.0
2460601.56750 19.266 0.087 4.96 933.0
2460609.55718 19.211 0.081 5.47 623.0
2460721.88923 19.108 0.082 5.81 765.0
2460733.84669 19.235 0.084 6.79 465.0
2460736.84138 19.250 0.076 6.20 419.0
2460739.84016 19.176 0.064 5.27 486.0
2460742.82375 19.271 0.070 5.43 414.0
2460744.82868 19.196 0.072 5.65 453.0
2460747.82069 19.179 0.074 5.59 594.0
2460749.84474 19.093 0.068 5.27 620.0
2460751.87362 19.214 0.062 4.79 506.0
2460753.86199 19.211 0.064 4.37 598.0
2460761.82523 19.250 0.076 5.84 423.0
2460763.81524 19.235 0.078 6.03 413.0
2460765.81689 19.277 0.066 5.01 367.0
2460767.82087 19.250 0.062 5.07 396.0
2460769.81787 19.075 0.053 4.69 454.0
2460771.85192 19.204 0.071 5.91 365.0
2460773.79527 19.250 0.070 5.57 417.0
2460775.84800 19.109 0.060 5.15 450.0
2460778.78190 19.101 0.077 5.56 719.0
2460780.77306 19.317 0.087 5.37 643.0
2460781.70082 19.142 0.087 6.12 792.0
2460781.84404 19.191 0.072 5.39 623.0
2460787.75323 19.065 0.060 5.74 388.0
2460788.91061 19.213 0.057 4.41 397.0
2460790.73552 19.260 0.072 5.88 376.0
2460791.86096 19.251 0.052 4.32 376.0
2460793.73334 19.185 0.055 5.05 361.0
2460794.86052 19.261 0.060 4.97 340.0
2460797.81200 19.122 0.056 5.07 436.0
2460798.91165 19.299 0.066 5.32 373.0
2460800.75657 19.170 0.059 5.05 380.0
2460801.87271 19.196 0.054 4.35 417.0
2460803.83717 19.225 0.069 5.46 413.0
2460805.91806 19.207 0.072 5.77 417.0
2460807.67929 19.104 0.086 5.90 841.0
2460808.83618 19.171 0.076 4.80 854.0
2460813.91473 19.153 0.073 5.42 657.0
2460815.77856 19.159 0.044 4.22 374.0
2460817.64940 19.172 0.057 5.31 382.0
2460818.76831 19.177 0.050 4.84 345.0
2460819.87843 19.218 0.061 5.09 439.0
2460821.68019 19.291 0.088 6.87 365.0
2460823.70713 19.143 0.065 6.27 324.0
2460824.77632 19.199 0.064 5.14 397.0
2460825.81701 19.147 0.051 4.34 409.0
2460827.82619 19.190 0.052 4.61 377.0
2460829.77450 19.178 0.058 5.49 351.0
2460831.81976 19.048 0.062 6.06 385.0
2460833.64767 19.209 0.097 7.40 479.0
2460834.83320 19.207 0.065 4.97 527.0
2460841.64710 19.305 0.083 5.85 536.0
2460843.59594 19.128 0.101 7.71 528.0
2460844.67641 19.079 0.063 5.92 366.0
2460845.83952 19.063 0.077 6.35 518.0
2460846.87768 19.182 0.073 5.07 594.0
2460847.89090 19.348 0.124 7.31 594.0
2460849.80427 19.165 0.074 5.78 448.0
2460850.82228 19.157 0.068 5.71 444.0
2460853.60941 19.196 0.081 6.71 389.0
2460854.63180 19.175 0.060 5.50 344.0
2460855.68067 19.348 0.086 6.46 374.0
2460856.78885 19.136 0.070 6.53 356.0
2460859.52616 19.232 0.063 5.24 362.0
2460860.53197 19.182 0.072 5.85 490.0
2460861.65425 19.066 0.075 6.18 533.0
2460863.55609 19.169 0.118 7.68 698.0
2460868.74770 19.142 0.087 5.45 835.0
2460870.54217 19.255 0.096 7.68 374.0
2460872.53523 18.988 0.070 7.08 383.0
2460873.65265 19.182 0.072 6.46 345.0
2460874.76048 19.100 0.052 4.65 379.0
2460876.49117 18.991 0.053 5.43 369.0
2460878.52173 19.166 0.054 5.03 383.0
2460879.79010 18.995 0.053 5.34 413.0
2460879.79494 19.214 0.070 5.68 423.0
2460881.58213 19.097 0.049 5.25 319.0
2460885.57797 18.972 0.046 5.42 321.0
2460896.51973 18.795 0.069 6.26 749.0
2460898.60724 18.706 0.047 5.56 432.0
2460899.71777 18.766 0.042 4.80 475.0
2460901.57728 18.754 0.049 5.53 395.0
2460904.58702 18.428 0.037 6.13 361.0
2460911.68976 18.111 0.038 7.71 442.0
2460913.71575 17.993 0.021 5.17 385.0
2460915.69859 18.138 0.025 5.43 343.0
2460923.60581 18.634 0.053 6.01 779.0
2460924.61360 18.601 0.049 5.71 699.0
2460925.49561 18.660 0.054 6.23 623.0
2460925.54307 18.750 0.068 7.04 629.0
2460925.58984 18.682 0.060 6.61 648.0
2460925.63688 18.811 0.075 7.18 750.0
2460926.54362 18.665 0.067 7.34 675.0
2460926.59084 18.885 0.078 6.94 726.0
2460926.64151 18.928 0.098 7.77 841.0
2460927.49252 18.848 0.047 5.04 530.0
2460927.53965 18.885 0.046 4.83 531.0
2460927.58677 18.727 0.054 6.48 567.0
2460927.63421 18.810 0.056 6.12 608.0
2460928.49474 18.822 0.046 5.35 402.0
2460928.54183 18.872 0.048 5.40 424.0
2460928.58864 18.814 0.055 5.97 486.0
2460928.63605 18.877 0.058 5.80 544.0
2460929.52028 18.910 0.045 4.92 385.0
2460929.56752 18.868 0.042 4.84 389.0
2460929.61415 18.866 0.050 5.22 475.0
2460930.49706 18.860 0.045 5.24 428.0
2460930.54426 18.916 0.043 4.65 430.0
2460930.59107 18.775 0.049 5.68 486.0
2460930.63838 18.799 0.057 6.10 565.0
2460931.50858 18.854 0.050 5.61 390.0
2460932.53111 18.928 0.060 6.51 424.0
2460932.57864 19.026 0.080 7.58 421.0
2460932.62595 18.956 0.063 6.60 441.0
2460933.52320 19.026 0.058 5.57 433.0
2460933.57077 18.822 0.055 6.11 512.0
2460933.61783 18.901 0.057 5.52 555.0
2460934.52352 18.877 0.044 4.65 459.0
2460934.57245 19.016 0.053 4.69 488.0
2460934.61944 19.002 0.054 5.08 473.0
2460936.65261 18.875 0.065 6.76 454.0
2460942.53796 18.930 0.049 5.66 336.0
2460944.58313 19.096 0.075 6.58 422.0
2460952.54959 19.291 0.126 7.62 644.0
2460956.57352 19.040 0.097 7.22 736.0
2460962.51552 19.223 0.103 6.45 647.0
2460969.50717 19.043 0.069 6.01 511.0
