2457822.81640 19.569 0.195 5.58 124.0
2457823.86313 19.731 0.179 5.10 101.0
2457825.83405 19.421 0.143 5.08 116.0
2457826.85438 19.431 0.152 5.19 117.0
2457828.81043 19.896 0.219 5.00 118.0
2457834.82613 19.421 0.120 5.46 63.0
2457835.77807 20.047 0.278 7.28 53.0
2457836.88767 20.211 0.264 6.68 48.0
2457837.83654 19.649 0.132 5.79 48.0
2457838.77559 19.672 0.190 7.14 62.0
2457839.78833 19.790 0.129 4.88 46.0
2457840.81865 20.229 0.239 6.15 48.0
2457841.82946 19.861 0.172 5.91 47.0
2457842.82248 19.384 0.115 6.20 48.0
2457843.82972 20.094 0.180 5.49 42.0
2457844.82882 19.871 0.215 7.92 46.0
2457845.82197 19.855 0.148 5.61 47.0
2457846.82635 19.854 0.145 5.34 46.0
2457847.79347 19.684 0.127 4.89 49.0
2457848.78870 19.804 0.134 5.09 45.0
2457849.77349 19.777 0.138 4.80 65.0
2457850.75436 19.896 0.207 5.27 78.0
2457851.72137 19.770 0.299 7.12 114.0
2457854.77410 20.056 0.237 5.10 112.0
2457855.76954 19.560 0.149 4.10 134.0
2457862.69135 19.795 0.174 5.38 73.0
2457869.70553 19.768 0.122 4.34 51.0
2457870.74976 19.717 0.090 3.17 48.0
2457871.79631 19.964 0.130 3.79 58.0
2457872.87769 19.805 0.128 4.06 64.0
2457873.89356 20.026 0.161 3.99 69.0
2457876.88342 19.597 0.139 4.81 76.0
2457879.68769 19.548 0.161 5.79 81.0
2457880.76060 19.589 0.156 5.34 81.0
2457881.87922 19.546 0.239 6.71 116.0
2457882.93556 19.529 0.198 5.56 150.0
2457894.88488 20.348 0.295 5.40 75.0
2457901.65548 19.951 0.197 6.34 48.0
2457902.69433 19.936 0.138 4.54 48.0
2457903.83585 20.333 0.262 5.63 58.0
2457904.77543 19.838 0.133 4.89 44.0
2457905.67576 19.823 0.116 3.99 51.0
2457906.60873 19.721 0.143 4.32 73.0
2457906.88205 19.883 0.206 4.70 107.0
2457908.76859 20.033 0.220 4.98 86.0
2457909.66756 20.040 0.194 4.30 87.0
2457910.75256 19.962 0.191 4.14 103.0
2457916.66660 19.728 0.247 4.37 310.0
2457917.79188 19.584 0.172 5.23 103.0
2457922.59270 19.947 0.260 6.97 69.0
2457923.64102 19.601 0.146 5.35 64.0
2457924.56287 19.723 0.165 5.51 67.0
2457924.82831 20.057 0.211 4.41 86.0
2457925.80231 20.175 0.286 6.70 56.0
2457926.78077 19.565 0.204 7.43 71.0
2457932.70085 19.810 0.190 6.15 60.0
2457934.57247 19.860 0.167 4.71 80.0
2458191.80238 19.812 0.255 7.31 66.0
2458192.91369 20.064 0.247 4.45 131.0
2458293.76077 19.498 0.228 7.18 125.0
2458307.68897 19.881 0.126 4.03 47.0
2458308.67462 20.323 0.217 4.90 42.0
2458309.69386 19.694 0.094 3.78 38.0
2458311.67767 19.771 0.127 4.52 49.0
2458312.68579 20.083 0.169 4.77 45.0
2458313.67912 19.999 0.141 3.72 55.0
2458314.67663 19.791 0.135 4.41 59.0
2459983.86807 19.659 0.225 5.50 637.0
2459995.83862 19.701 0.129 4.01 368.0
2459999.82924 19.971 0.230 5.72 343.0
2460003.81535 19.550 0.143 5.47 362.0
2460006.88936 19.834 0.139 4.91 285.0
2460010.85815 19.991 0.284 6.44 502.0
2460011.85622 19.790 0.198 5.51 457.0
2460014.86650 19.993 0.268 5.97 495.0
2460020.86784 19.760 0.127 4.57 251.0
2460023.78415 19.937 0.157 5.10 194.0
2460025.87056 19.529 0.098 4.72 248.0
2460028.77469 19.663 0.184 6.85 263.0
2460030.82319 19.663 0.119 5.26 215.0
2460032.89284 19.619 0.089 4.28 183.0
2460035.80199 19.775 0.173 6.30 232.0
2460037.88350 19.865 0.133 4.97 211.0
2460040.73454 19.976 0.243 4.57 700.0
2460042.74207 19.671 0.186 4.91 613.0
2460047.85940 19.632 0.115 3.98 352.0
2460050.73438 19.751 0.141 5.32 234.0
2460052.90683 20.058 0.244 6.80 250.0
2460056.77097 19.726 0.128 5.24 236.0
2460058.84342 19.735 0.136 5.44 221.0
2460060.84338 19.733 0.123 4.71 263.0
2460062.89224 19.800 0.131 4.28 274.0
2460066.77938 19.658 0.114 4.49 285.0
2460068.78518 20.105 0.252 5.26 460.0
2460076.65313 19.600 0.148 5.87 274.0
2460085.68616 19.491 0.143 5.91 256.0
2460089.65611 19.881 0.181 4.68 363.0
2460091.73590 19.841 0.162 4.65 325.0
2460094.61588 19.787 0.188 4.67 454.0
2460096.58851 19.792 0.207 4.71 539.0
2460104.67881 19.645 0.158 5.36 311.0
2460105.80677 19.776 0.166 5.30 273.0
2460107.79038 19.969 0.251 7.31 215.0
2460109.68365 19.691 0.207 7.54 246.0
2460111.54953 19.769 0.157 4.75 309.0
2460112.66140 19.721 0.140 5.04 261.0
2460113.78983 19.937 0.211 5.56 312.0
2460118.68794 19.801 0.168 5.43 252.0
2460120.56295 19.670 0.147 5.50 257.0
2460122.48720 19.660 0.237 6.38 449.0
2460123.71209 19.657 0.134 4.59 327.0
2460131.70705 19.957 0.273 5.76 498.0
2460133.80615 19.734 0.209 6.02 390.0
2460139.64652 19.675 0.126 5.08 198.0
2460141.57067 19.654 0.144 5.41 219.0
2460143.58462 19.829 0.131 4.47 266.0
2460149.47950 19.748 0.194 5.28 437.0
2460157.63555 19.795 0.193 3.86 723.0
2460159.53973 19.746 0.162 4.55 414.0
2460161.52006 19.755 0.172 6.05 265.0
2460167.61259 19.629 0.142 6.39 175.0
2460169.68122 19.747 0.157 6.23 185.0
2460171.65987 19.713 0.154 5.81 245.0
2460174.61774 19.973 0.236 6.69 253.0
2460179.53570 19.795 0.210 6.44 283.0
2460212.52069 19.680 0.271 5.35 1004.0
2460226.49743 19.542 0.208 6.49 440.0
2460353.87010 19.752 0.203 6.21 374.0
2460369.84196 19.822 0.183 4.31 454.0
2460376.86222 19.457 0.135 4.86 412.0
2460379.84591 19.825 0.130 3.96 286.0
2460382.87886 19.606 0.142 5.36 284.0
2460385.79330 19.912 0.197 5.42 310.0
2460388.79379 19.872 0.246 6.75 297.0
2460391.79667 19.819 0.171 4.67 374.0
2460393.87210 19.942 0.181 4.67 362.0
2460395.91108 19.662 0.178 4.68 570.0
2460398.78609 19.790 0.188 4.25 603.0
2460403.86796 20.086 0.203 5.06 251.0
2460406.73006 19.779 0.164 5.05 306.0
2460408.76682 19.952 0.171 4.72 74.0
2460408.79287 19.662 0.139 5.07 260.0
2460412.78575 19.797 0.187 6.51 228.0
2460419.72545 19.579 0.144 5.08 336.0
2460424.72943 19.726 0.249 5.89 640.0
2460432.70526 19.824 0.185 5.27 356.0
2460433.93185 19.748 0.234 5.18 624.0
2460435.89390 19.770 0.190 6.09 283.0
2460439.77323 19.674 0.155 5.79 288.0
2460442.88699 19.792 0.232 6.43 382.0
2460449.63448 19.626 0.196 6.87 325.0
2460457.83574 19.789 0.248 6.38 460.0
2460459.68449 19.726 0.155 5.22 417.0
2460460.76692 20.015 0.235 5.63 90.0
2460462.88892 19.668 0.194 6.25 365.0
2460464.64682 19.842 0.126 4.04 333.0
2460466.85453 19.723 0.189 6.36 324.0
2460468.81277 19.694 0.165 5.35 284.0
2460476.64105 19.660 0.163 6.16 275.0
2460478.57967 19.475 0.202 6.27 532.0
2460480.58140 19.745 0.249 5.75 608.0
2460488.57888 19.574 0.135 6.05 223.0
2460488.58116 19.357 0.108 5.77 239.0
2460491.51237 19.561 0.127 5.43 240.0
2460492.79256 19.713 0.144 5.12 248.0
2460494.64211 19.860 0.164 5.65 220.0
2460498.70204 20.041 0.197 5.94 197.0
2460500.56789 19.829 0.163 5.97 173.0
2460502.53060 19.803 0.282 8.54 266.0
2460503.70345 20.123 0.192 5.01 53.0
2460503.77641 19.563 0.215 8.27 247.0
2460506.55346 20.025 0.167 4.51 283.0
2460516.60801 19.717 0.184 6.96 240.0
2460518.51358 19.611 0.166 5.88 333.0
2460520.65055 20.158 0.223 5.58 55.0
2460528.69598 19.758 0.201 6.58 287.0
2460532.59971 19.782 0.143 4.79 61.0
2460542.51378 19.682 0.263 6.30 628.0
2460546.53320 19.843 0.205 6.83 241.0
2460554.60555 19.714 0.192 5.98 319.0
2460558.50396 19.755 0.159 5.33 287.0
2460560.59115 19.855 0.213 6.32 315.0
2460562.61497 19.624 0.162 5.41 372.0
2460567.57040 19.656 0.223 5.95 545.0
2460580.52873 19.636 0.207 7.27 288.0
2460602.51266 19.595 0.178 5.21 491.0
2460716.88280 19.804 0.198 4.86 485.0
2460723.86828 19.554 0.188 6.30 356.0
2460732.88164 19.486 0.183 7.66 255.0
2460736.83159 19.731 0.141 5.04 269.0
2460739.82735 19.933 0.180 4.86 353.0
2460741.90134 19.672 0.146 5.32 263.0
2460744.80712 19.580 0.130 4.97 300.0
2460747.80102 19.934 0.197 4.40 473.0
2460749.79412 19.841 0.241 5.03 611.0
2460751.79013 19.693 0.183 5.00 486.0
2460753.78198 19.643 0.240 5.97 639.0
2460759.88407 19.711 0.233 7.95 281.0
2460762.84214 19.763 0.130 4.66 273.0
2460764.81392 19.854 0.182 4.82 337.0
2460766.80123 19.985 0.196 4.55 351.0
2460768.79739 19.668 0.148 5.96 247.0
2460770.79787 19.648 0.123 4.54 253.0
2460772.78247 19.938 0.199 5.98 266.0
2460774.75563 19.744 0.186 6.08 306.0
2460777.73655 19.887 0.259 5.82 516.0
2460778.89542 19.850 0.262 5.70 610.0
2460780.82461 20.090 0.269 4.84 558.0
2460788.72184 19.859 0.162 5.28 236.0
2460789.86214 19.711 0.130 4.54 249.0
2460791.69538 19.733 0.133 4.97 253.0
2460792.83463 19.712 0.126 4.77 253.0
2460794.68641 19.924 0.178 5.56 231.0
2460795.88331 19.877 0.192 5.92 254.0
2460798.74775 19.742 0.137 5.64 218.0
2460799.82574 19.875 0.188 5.19 299.0
2460800.89762 19.827 0.157 5.02 261.0
2460802.66527 19.616 0.154 5.61 300.0
2460805.75732 19.770 0.186 5.46 422.0
2460814.76159 19.936 0.168 4.55 353.0
2460815.85423 19.879 0.147 4.21 292.0
2460817.63283 19.778 0.125 4.63 232.0
2460818.71179 19.757 0.114 4.86 192.0
2460819.78162 19.731 0.132 5.15 233.0
2460820.90741 19.372 0.159 5.57 473.0
2460822.63325 19.345 0.171 7.24 334.0
2460824.60857 19.481 0.145 6.14 268.0
2460825.62694 19.239 0.085 4.71 235.0
2460826.73545 19.273 0.083 4.48 280.0
2460828.59595 19.383 0.094 4.63 247.0
2460830.85199 19.370 0.165 7.37 301.0
2460831.90249 19.433 0.201 7.37 438.0
2460833.71720 19.217 0.138 6.56 377.0
2460834.90696 19.008 0.122 6.93 380.0
2460841.68766 18.883 0.093 5.63 443.0
2460843.57876 18.494 0.077 6.84 364.0
2460844.65851 18.446 0.057 6.15 254.0
2460845.81927 18.389 0.081 7.20 392.0
2460846.83251 18.570 0.070 5.18 392.0
2460847.81884 18.579 0.070 5.50 350.0
2460848.82637 18.412 0.069 6.53 347.0
2460850.69791 18.566 0.047 4.62 239.0
2460851.69629 18.593 0.062 6.40 221.0
2460854.54572 18.697 0.068 5.63 254.0
2460855.55172 18.654 0.089 6.84 395.0
2460856.61966 18.780 0.055 5.08 203.0
2460858.65725 18.886 0.059 4.90 201.0
2460859.70076 19.160 0.073 4.25 198.0
2460860.71840 19.224 0.086 5.05 240.0
2460862.52209 19.267 0.180 7.06 526.0
2460868.60547 19.561 0.200 5.60 599.0
2460869.68872 19.744 0.196 5.90 374.0
2460870.80494 19.604 0.251 7.96 413.0
2460873.48452 19.502 0.136 5.55 301.0
2460874.58234 19.691 0.111 4.92 207.0
2460875.68328 19.626 0.123 4.75 201.0
2460877.48502 19.836 0.192 6.00 295.0
2460879.49185 19.709 0.154 5.35 297.0
2460880.74331 19.645 0.190 6.88 304.0
2460882.59439 19.595 0.123 5.17 240.0
2460885.66138 19.635 0.118 5.54 161.0
2460895.61462 19.371 0.170 5.67 544.0
2460898.49768 19.581 0.151 5.98 239.0
2460899.64843 19.808 0.167 5.21 284.0
2460901.52474 19.821 0.220 6.55 296.0
2460904.53854 19.881 0.199 6.22 264.0
2460911.59962 19.673 0.174 5.81 294.0
2460913.63447 19.626 0.150 6.18 218.0
2460915.60388 19.496 0.135 5.98 241.0
2460935.57601 19.756 0.190 6.53 245.0
2460943.51073 19.843 0.171 5.85 266.0
2460950.55223 19.604 0.217 5.63 630.0
2460954.50925 19.655 0.295 7.60 524.0
2460958.51503 19.327 0.191 7.23 408.0
