2457791.88014 16.942 0.010 4.59 517.0
2457792.88296 16.932 0.011 5.08 672.0
2457793.87443 16.930 0.010 4.70 451.0
2457794.88141 16.931 0.013 6.00 686.0
2457795.88544 16.927 0.013 5.74 740.0
2457798.85536 16.932 0.010 4.79 486.0
2457800.85975 16.922 0.010 4.71 451.0
2457802.83965 16.952 0.018 6.81 999.0
2457807.85423 16.952 0.010 5.45 328.0
2457810.83119 16.947 0.010 5.18 386.0
2457812.89626 16.932 0.009 4.09 374.0
2457816.82400 16.929 0.010 5.18 362.0
2457818.86706 16.923 0.009 4.48 342.0
2457820.90120 16.937 0.009 4.40 376.0
2457823.80578 16.938 0.011 4.56 602.0
2457825.83788 16.913 0.010 5.08 529.0
2457827.81525 16.926 0.010 4.86 494.0
2457829.80609 16.916 0.012 6.00 656.0
2457834.80558 16.947 0.010 5.48 340.0
2457834.91560 16.941 0.010 4.69 593.0
2457835.88230 16.931 0.010 5.46 298.0
2457836.83497 16.933 0.011 6.42 287.0
2457837.77155 16.940 0.010 6.12 285.0
2457837.87992 16.938 0.009 4.94 287.0
2457838.82698 16.934 0.009 5.27 321.0
2457839.76266 16.929 0.008 4.25 260.0
2457839.88784 16.924 0.008 3.91 254.0
2457840.81517 16.939 0.010 5.97 270.0
2457841.75838 16.944 0.013 7.32 285.0
2457841.86910 16.945 0.013 7.50 309.0
2457842.78469 16.926 0.010 6.06 273.0
2457842.89398 16.935 0.010 5.28 294.0
2457843.82563 16.948 0.010 5.62 254.0
2457844.73582 16.943 0.009 5.30 291.0
2457844.85274 16.941 0.011 6.57 285.0
2457845.76004 16.922 0.010 5.85 293.0
2457845.87767 16.932 0.009 5.17 270.0
2457846.80794 16.937 0.009 5.42 257.0
2457846.91705 16.949 0.010 5.17 323.0
2457847.81863 16.934 0.010 5.43 292.0
2457848.72492 16.941 0.010 5.52 376.0
2457848.83182 16.942 0.009 5.63 269.0
2457849.73749 16.932 0.010 5.44 391.0
2457849.85478 16.951 0.008 4.43 274.0
2457850.74965 16.924 0.011 5.40 405.0
2457850.86845 16.944 0.009 4.55 292.0
2457851.76739 16.908 0.012 6.12 429.0
2457851.88752 16.926 0.009 5.08 303.0
2457852.87370 16.918 0.011 6.22 332.0
2457853.92631 16.913 0.016 7.17 767.0
2457854.80736 16.936 0.010 4.19 481.0
2457854.92038 16.942 0.010 3.64 569.0
2457855.82874 16.928 0.011 4.78 559.0
2457856.72687 16.912 0.014 6.35 603.0
2457856.83940 16.906 0.014 6.94 541.0
2457857.86676 16.946 0.015 6.86 581.0
2457862.68851 16.916 0.010 5.50 367.0
2457862.79848 16.930 0.010 5.25 340.0
2457862.92264 16.929 0.010 5.10 368.0
2457863.89258 16.932 0.009 4.89 356.0
2457864.85085 16.932 0.008 4.28 306.0
2457865.70731 16.941 0.009 4.39 305.0
2457865.82658 16.938 0.008 3.53 336.0
2457866.70303 16.926 0.009 4.57 313.0
2457867.70632 16.919 0.009 4.02 301.0
2457867.83461 16.937 0.008 3.64 272.0
2457868.76242 16.921 0.011 5.60 307.0
2457868.90251 16.891 0.013 7.30 356.0
2457869.76207 16.936 0.009 4.48 285.0
2457869.89390 16.941 0.009 3.65 344.0
2457870.77365 16.924 0.008 3.46 258.0
2457870.90469 16.957 0.009 4.11 303.0
2457871.78834 16.923 0.008 3.58 309.0
2457871.93131 16.922 0.011 4.17 806.0
2457872.79830 16.933 0.008 3.63 301.0
2457872.93658 16.930 0.015 4.44 2082.0
2457873.76731 16.944 0.008 3.75 292.0
2457873.90287 16.926 0.009 4.87 340.0
2457874.73606 16.927 0.012 6.86 327.0
2457874.85882 16.929 0.010 4.93 372.0
2457875.81502 16.935 0.007 3.95 626.0
2457875.92671 16.965 0.010 5.30 421.0
2457876.74042 16.924 0.009 4.27 359.0
2457876.87743 16.926 0.011 5.69 363.0
2457877.70101 16.937 0.009 4.06 356.0
2457877.83319 16.928 0.009 3.85 394.0
2457878.73894 16.926 0.008 3.67 363.0
2457878.87417 16.939 0.008 3.61 341.0
2457879.69846 16.913 0.011 5.89 409.0
2457879.85104 16.939 0.012 6.37 350.0
2457880.72729 16.921 0.010 5.41 411.0
2457880.84912 16.930 0.013 6.80 415.0
2457881.80525 16.922 0.011 5.33 455.0
2457881.92602 16.916 0.014 6.81 499.0
2457882.80302 16.945 0.011 5.43 494.0
2457882.93267 16.902 0.011 5.17 502.0
2457890.69771 16.930 0.014 6.87 452.0
2457890.85560 16.952 0.011 4.68 505.0
2457893.67639 16.924 0.011 6.02 311.0
2457893.80512 16.940 0.010 5.19 331.0
2457893.91481 16.918 0.012 6.03 441.0
2457894.66017 16.924 0.010 4.93 357.0
2457894.78792 16.956 0.009 4.27 307.0
2457894.89732 16.948 0.010 5.42 388.0
2457895.76167 16.921 0.008 4.60 378.0
2457897.70136 16.939 0.011 5.98 314.0
2457900.91582 16.933 0.015 7.96 400.0
2457901.63696 16.927 0.010 5.62 307.0
2457901.79233 16.942 0.010 4.94 316.0
2457902.62772 16.949 0.012 6.21 327.0
2457902.75043 16.927 0.009 4.43 313.0
2457902.92576 16.949 0.016 8.25 579.0
2457903.79653 16.922 0.011 6.50 287.0
2457903.91404 16.943 0.014 7.28 420.0
2457904.65585 16.949 0.010 5.72 292.0
2457904.78432 16.950 0.009 4.66 255.0
2457904.89371 16.934 0.012 6.46 372.0
2457905.62271 16.927 0.009 4.58 314.0
2457905.74996 16.942 0.008 3.80 300.0
2457905.86260 16.941 0.011 5.39 430.0
2457906.57118 16.927 0.010 4.93 433.0
2457906.68939 16.933 0.008 3.90 331.0
2457906.81163 16.943 0.010 4.75 388.0
2457906.92055 16.929 0.012 6.38 630.0
2457907.68754 16.936 0.009 4.15 396.0
2457907.81880 16.948 0.010 5.41 521.0
2457908.63450 16.931 0.011 5.22 453.0
2457908.76389 16.927 0.010 4.81 446.0
2457908.87376 16.923 0.011 5.92 413.0
2457909.56548 16.931 0.012 5.17 731.0
2457909.68556 16.927 0.009 4.08 420.0
2457909.79659 16.931 0.010 4.49 601.0
2457909.90245 16.941 0.011 5.64 539.0
2457910.58275 16.924 0.012 5.53 551.0
2457910.70075 16.929 0.009 4.27 413.0
2457910.82291 16.924 0.010 4.62 474.0
2457911.55266 16.944 0.015 6.24 876.0
2457911.65808 16.927 0.011 4.80 551.0
2457911.82759 16.933 0.016 7.29 660.0
2457916.61086 16.944 0.010 4.18 618.0
2457916.70519 16.930 0.010 4.58 614.0
2457916.80923 16.932 0.011 4.48 607.0
2457916.90448 16.932 0.019 6.37 1752.0
2457917.64230 16.917 0.010 5.08 417.0
2457917.75748 16.934 0.009 4.01 452.0
2457917.86430 16.905 0.013 6.24 660.0
2457918.61917 16.900 0.012 6.00 517.0
2457922.61890 16.937 0.010 5.47 323.0
2457922.74897 16.928 0.011 6.08 370.0
2457923.61836 16.947 0.010 5.05 322.0
2457923.75547 16.925 0.012 6.67 364.0
2457923.87493 16.931 0.015 7.67 454.0
2457924.54115 16.938 0.010 4.88 368.0
2457924.64661 16.940 0.009 5.25 311.0
2457924.77550 16.945 0.010 4.48 318.0
2457924.87753 16.913 0.011 5.26 507.0
2457925.67285 16.927 0.008 3.96 260.0
2457925.81005 16.917 0.011 6.52 299.0
2457926.57936 16.936 0.011 6.26 313.0
2457926.72751 16.920 0.011 6.47 322.0
2457928.57699 16.905 0.010 5.66 334.0
2457932.60823 16.938 0.010 5.61 304.0
2457932.73287 16.938 0.010 5.47 277.0
2457933.51742 16.904 0.013 7.16 334.0
2457933.59884 16.946 0.011 6.38 293.0
2457933.72065 16.949 0.011 6.18 247.0
2457934.53447 16.927 0.010 5.41 338.0
2457934.65061 16.939 0.010 5.06 311.0
2457934.76482 16.925 0.010 5.62 329.0
2457935.50390 16.931 0.010 4.78 408.0
2457935.63253 16.924 0.009 4.68 282.0
2457935.74483 16.935 0.009 5.01 255.0
2457935.86396 16.927 0.010 6.34 339.0
2457936.49020 16.932 0.010 4.70 418.0
2457936.60673 16.910 0.009 5.15 285.0
2457936.85863 16.955 0.013 7.79 327.0
2457937.54794 16.945 0.011 5.48 418.0
2457937.65861 16.932 0.010 5.19 327.0
2457937.79029 16.936 0.010 5.96 286.0
2457938.57063 16.935 0.012 6.01 409.0
2457944.46871 16.937 0.013 5.16 801.0
2457944.52152 16.948 0.012 4.99 658.0
2457944.56291 16.956 0.011 4.43 600.0
2457944.61334 16.931 0.010 4.32 563.0
2457944.66335 16.953 0.011 5.18 495.0
2457944.72353 16.928 0.012 5.75 552.0
2457944.77278 16.946 0.012 5.73 592.0
2457945.48038 16.929 0.011 5.48 489.0
2457945.58002 16.926 0.010 4.93 417.0
2457945.69115 16.921 0.009 4.01 371.0
2457945.80137 16.950 0.011 5.66 549.0
2457946.51338 16.935 0.009 4.71 310.0
2457946.63481 16.927 0.010 5.18 349.0
2457946.76322 16.954 0.012 6.16 377.0
2457947.51435 16.953 0.011 6.60 278.0
2457947.61792 16.949 0.011 5.85 325.0
2457947.77864 16.943 0.011 6.21 399.0
2457948.50720 16.917 0.010 5.50 295.0
2457948.64070 16.937 0.011 5.47 365.0
2457948.77534 16.923 0.011 6.26 402.0
2457949.56645 16.976 0.013 5.90 550.0
2457949.68982 16.919 0.013 6.73 412.0
2457952.70783 16.917 0.011 6.25 272.0
2457953.47796 16.912 0.011 5.82 397.0
2457953.60999 16.934 0.009 5.28 278.0
2457953.73500 16.945 0.010 5.86 247.0
2457954.48979 16.914 0.009 4.53 513.0
2457954.63356 16.930 0.009 4.57 259.0
2457954.76919 16.956 0.010 5.36 344.0
2457955.79906 16.943 0.012 7.26 344.0
2457956.60430 16.943 0.008 4.08 265.0
2457956.73552 16.938 0.010 5.72 310.0
2457957.66063 16.942 0.011 6.12 302.0
2457958.57544 16.925 0.012 6.67 370.0
2457958.66610 16.904 0.012 7.35 291.0
2457959.53237 16.930 0.009 4.84 311.0
2457959.65014 16.950 0.009 4.77 256.0
2457959.76626 16.935 0.011 6.85 292.0
2457960.51962 16.924 0.009 5.11 282.0
2457960.65528 16.951 0.009 5.52 234.0
2457960.78105 16.921 0.011 6.82 302.0
2457961.60090 16.933 0.008 5.29 321.0
2457961.70762 16.954 0.009 5.86 360.0
2457962.52800 16.938 0.010 5.15 325.0
2457963.61905 16.929 0.009 4.87 328.0
2457964.59470 16.947 0.010 4.98 331.0
2457964.73446 16.960 0.011 6.96 404.0
2457965.67794 16.919 0.010 5.25 350.0
2457966.55163 16.921 0.012 6.61 375.0
2457966.64893 16.957 0.011 6.06 305.0
2457967.68492 16.945 0.013 6.45 429.0
2457967.74209 16.949 0.016 8.33 485.0
2457971.51422 16.928 0.011 5.02 615.0
2457971.60303 16.946 0.013 5.76 543.0
2457971.64292 16.953 0.011 5.17 567.0
2457971.69376 16.933 0.012 5.78 656.0
2457971.73402 16.929 0.014 6.00 801.0
2457972.52595 16.922 0.017 7.66 587.0
2457972.56482 16.936 0.015 7.24 549.0
2457972.61920 16.959 0.014 6.09 563.0
2457972.66691 16.942 0.014 6.22 599.0
2457972.72221 16.950 0.014 6.09 727.0
2457973.54133 16.949 0.016 7.31 553.0
2457973.66637 16.925 0.012 5.81 623.0
2457974.53100 16.964 0.010 4.40 410.0
2457974.64683 16.940 0.011 5.27 435.0
2457975.47643 16.972 0.014 7.18 397.0
2457979.52680 16.938 0.009 4.49 307.0
2457979.64617 16.946 0.009 4.40 335.0
2457980.58053 16.943 0.012 5.75 423.0
2457981.47875 16.976 0.014 6.67 486.0
2457981.63253 16.944 0.010 5.21 383.0
2457982.54204 16.950 0.011 5.48 298.0
2457982.65297 16.955 0.011 5.92 328.0
2457983.58067 16.946 0.010 5.09 320.0
2457984.48954 16.943 0.012 6.98 342.0
2457984.60726 16.941 0.010 5.68 308.0
2457985.53728 16.927 0.014 7.70 360.0
2457986.49283 16.948 0.009 4.53 344.0
2457986.63272 16.950 0.009 5.18 290.0
2457987.55994 16.938 0.009 4.79 338.0
2457990.47892 16.953 0.011 5.51 412.0
2457990.61116 16.955 0.011 5.99 328.0
2457991.53068 16.935 0.011 5.73 346.0
2457991.65993 16.929 0.012 6.80 340.0
2457992.57599 16.944 0.010 5.17 322.0
2457993.51288 16.944 0.011 5.60 380.0
2457993.62315 16.956 0.011 6.26 310.0
2457994.55711 16.960 0.014 6.30 565.0
2457998.52286 16.934 0.010 4.79 496.0
2457998.57113 16.950 0.013 5.31 952.0
2457998.61464 16.932 0.013 5.65 999.0
2458000.49556 16.983 0.013 6.21 462.0
2458000.54908 16.949 0.012 5.77 479.0
2458000.59087 16.958 0.013 6.41 544.0
2458001.48094 16.976 0.012 5.36 542.0
2458001.59181 16.960 0.012 5.83 509.0
2458002.56198 16.959 0.022 6.18 2026.0
2458003.60648 16.958 0.015 6.80 545.0
2458004.59459 16.951 0.013 6.69 464.0
2458007.55888 16.956 0.013 7.37 356.0
2458008.57685 16.955 0.013 6.96 338.0
2458011.51736 16.941 0.014 7.42 385.0
2458012.54171 16.957 0.010 5.16 426.0
2458013.54511 16.943 0.010 5.42 417.0
2458014.55412 16.964 0.011 5.71 378.0
2458015.55245 16.935 0.013 7.17 358.0
2458016.56098 16.948 0.012 6.81 327.0
2458018.49140 16.922 0.011 5.97 401.0
2458019.52922 16.946 0.009 5.06 347.0
2458020.56318 16.959 0.011 6.17 381.0
2458026.52622 16.956 0.014 5.67 1100.0
2458029.51120 16.935 0.013 5.89 627.0
2458030.51879 16.963 0.011 5.25 661.0
2458040.49979 16.982 0.016 7.23 557.0
2458164.85094 16.943 0.009 4.65 385.0
2458164.89113 16.936 0.011 4.55 630.0
2458165.88878 16.932 0.009 4.52 430.0
2458166.87159 16.937 0.010 5.54 339.0
2458167.85579 16.924 0.009 4.45 373.0
2458167.89565 16.951 0.011 5.10 581.0
2458168.87675 16.951 0.009 4.57 319.0
2458169.85145 16.934 0.009 4.37 363.0
2458170.83413 16.911 0.009 4.26 364.0
2458170.87340 16.939 0.009 3.90 339.0
2458171.84357 16.951 0.009 3.99 376.0
2458171.88241 16.953 0.009 4.03 367.0
2458172.85386 16.943 0.010 4.81 376.0
2458172.89274 16.929 0.010 4.18 442.0
2458173.86351 16.931 0.009 4.07 419.0
2458174.82447 16.918 0.010 4.67 491.0
2458174.87446 16.951 0.009 4.02 417.0
2458175.82432 16.931 0.009 4.25 363.0
2458175.87320 16.919 0.009 4.31 315.0
2458176.81597 16.921 0.010 4.61 526.0
2458176.86615 16.953 0.009 4.26 364.0
2458181.80692 16.918 0.011 5.01 636.0
2458181.86001 16.934 0.010 4.59 562.0
2458181.90098 16.935 0.011 4.73 637.0
2458183.82312 16.921 0.010 4.85 560.0
2458184.83418 16.918 0.010 4.12 554.0
2458184.88442 16.955 0.011 4.98 538.0
2458185.84181 16.950 0.012 5.72 557.0
2458185.89152 16.908 0.009 4.69 429.0
2458189.83814 16.947 0.009 4.37 344.0
2458190.81098 16.956 0.009 4.42 291.0
2458191.79763 16.936 0.012 6.79 339.0
2458192.78746 16.944 0.010 5.46 339.0
2458192.90698 16.924 0.009 4.19 343.0
2458193.88454 16.938 0.009 4.57 276.0
2458194.84580 16.952 0.009 4.64 271.0
2458195.81892 16.940 0.010 5.24 313.0
2458196.78815 16.935 0.009 4.59 306.0
2458196.90528 16.921 0.009 4.77 310.0
2458197.84917 16.956 0.009 4.00 308.0
2458198.80545 16.929 0.009 4.57 329.0
2458199.74673 16.935 0.010 5.38 320.0
2458199.86696 16.942 0.009 4.58 307.0
2458200.84803 16.939 0.009 4.18 348.0
2458201.78179 16.940 0.010 5.53 332.0
2458201.89782 16.928 0.009 4.70 264.0
2458202.82520 16.951 0.009 4.62 352.0
2458203.76738 16.924 0.009 4.62 309.0
2458203.87466 16.947 0.008 3.74 294.0
2458204.80635 16.954 0.011 6.00 326.0
2458205.74668 16.948 0.011 5.33 437.0
2458205.86532 16.957 0.010 5.56 308.0
2458206.78726 16.939 0.009 4.41 428.0
2458206.90362 16.938 0.008 3.34 304.0
2458207.81344 16.948 0.009 4.42 449.0
2458208.73376 16.943 0.010 4.26 762.0
2458208.84055 16.941 0.010 4.08 560.0
2458209.76129 16.905 0.010 4.51 600.0
2458209.86858 16.934 0.009 3.99 502.0
2458210.77425 16.951 0.010 4.85 588.0
2458211.78828 16.936 0.012 5.73 568.0
2458211.89628 16.941 0.009 3.89 524.0
2458212.78357 16.947 0.012 4.12 1292.0
2458212.88795 16.939 0.009 3.28 592.0
2458217.84246 16.945 0.009 4.34 315.0
2458220.71604 16.927 0.010 6.38 288.0
2458220.88129 16.941 0.008 4.29 284.0
2458221.71141 16.936 0.009 5.08 293.0
2458221.89841 16.924 0.009 4.16 318.0
2458222.78245 16.936 0.008 4.44 260.0
2458222.92314 16.937 0.010 4.46 468.0
2458223.90065 16.937 0.010 4.95 327.0
2458224.77452 16.932 0.009 4.84 340.0
2458224.91315 16.944 0.009 4.72 331.0
2458226.85533 16.939 0.011 6.21 312.0
2458227.72972 16.957 0.010 5.21 286.0
2458227.87123 16.933 0.008 4.01 293.0
2458228.78410 16.963 0.009 4.23 279.0
2458228.92404 16.963 0.009 4.54 370.0
2458229.81151 16.940 0.008 4.11 255.0
2458229.92546 16.935 0.009 4.67 401.0
2458230.79841 16.950 0.008 3.82 286.0
2458231.81713 16.924 0.008 3.95 319.0
2458233.71326 16.934 0.009 4.28 394.0
2458235.73974 16.938 0.010 5.08 485.0
2458236.74929 16.948 0.010 4.11 788.0
2458238.74494 16.936 0.011 4.48 675.0
2458238.86838 16.946 0.011 4.20 681.0
2458244.71900 16.939 0.010 5.35 386.0
2458244.84112 16.936 0.010 4.61 437.0
2458245.77279 16.930 0.014 6.94 466.0
2458245.88441 16.927 0.014 6.41 533.0
2458246.74087 16.921 0.011 5.62 374.0
2458246.85984 16.952 0.010 4.28 461.0
2458247.66337 16.934 0.010 5.31 415.0
2458247.77280 16.953 0.009 4.23 345.0
2458247.90307 16.923 0.012 5.73 465.0
2458248.78339 16.922 0.011 5.79 382.0
2458249.74045 16.935 0.010 5.97 324.0
2458249.87147 16.951 0.009 4.06 394.0
2458250.68615 16.927 0.008 4.22 256.0
2458250.81532 16.932 0.008 4.14 309.0
2458250.92680 16.942 0.010 5.03 423.0
2458251.71870 16.948 0.010 5.63 305.0
2458251.85529 16.941 0.009 5.19 350.0
2458252.88096 16.920 0.010 5.07 400.0
2458253.66653 16.937 0.009 4.80 300.0
2458253.78391 16.953 0.009 4.15 328.0
2458254.67378 16.945 0.008 4.10 295.0
2458254.82339 16.948 0.008 3.24 321.0
2458254.94319 16.932 0.012 3.95 1159.0
2458255.74886 16.931 0.009 4.99 301.0
2458255.89091 16.938 0.010 4.83 429.0
2458256.66972 16.938 0.010 5.26 312.0
2458256.79250 16.950 0.011 5.41 364.0
2458256.91900 16.947 0.011 5.39 445.0
2458257.72903 16.945 0.009 4.76 283.0
2458257.84396 16.966 0.009 4.72 332.0
2458258.70990 16.945 0.009 4.56 278.0
2458258.83513 16.949 0.009 3.75 316.0
2458259.63861 16.959 0.008 4.39 395.0
2458259.80144 16.939 0.008 3.83 372.0
2458259.92436 16.963 0.011 5.60 460.0
2458260.83724 16.938 0.008 3.37 454.0
2458261.71299 16.920 0.009 4.02 332.0
2458261.87296 16.942 0.009 4.34 346.0
2458262.69332 16.949 0.008 4.13 298.0
2458262.83245 16.932 0.008 3.78 255.0
2458262.93286 16.938 0.010 4.94 460.0
2458263.73563 16.931 0.008 3.77 325.0
2458263.86994 16.940 0.008 4.09 285.0
2458264.74921 16.946 0.009 3.86 429.0
2458264.86777 16.944 0.010 4.96 435.0
2458265.64546 16.928 0.011 4.93 571.0
2458265.76648 16.947 0.009 3.62 487.0
2458266.60971 16.962 0.014 5.77 968.0
2458266.77025 16.931 0.012 5.29 652.0
2458271.63998 16.956 0.012 5.89 502.0
2458271.80846 16.939 0.012 5.42 523.0
2458271.89139 16.947 0.013 6.05 658.0
2458272.75484 16.921 0.010 4.57 389.0
2458272.87124 16.944 0.011 5.20 480.0
2458273.60740 16.942 0.010 5.04 367.0
2458273.74148 16.938 0.008 3.99 302.0
2458274.58803 16.939 0.011 6.43 324.0
2458274.70067 16.964 0.013 7.11 344.0
2458274.83210 16.934 0.010 4.75 431.0
2458275.58190 16.942 0.010 4.94 421.0
2458275.72174 16.940 0.008 3.49 344.0
2458275.84017 16.944 0.010 5.10 417.0
2458276.58919 16.956 0.013 6.90 396.0
2458276.70272 16.946 0.008 4.29 293.0
2458276.82904 16.940 0.009 4.55 377.0
2458277.63587 16.933 0.009 4.85 298.0
2458277.76867 16.957 0.009 4.82 283.0
2458277.88554 16.946 0.010 4.93 430.0
2458278.58294 16.931 0.009 4.46 340.0
2458278.74994 16.945 0.008 4.23 381.0
2458282.60069 16.932 0.009 4.99 286.0
2458282.73710 16.927 0.008 4.35 236.0
2458282.86566 16.928 0.009 4.57 344.0
2458283.56497 16.932 0.011 6.23 297.0
2458283.68250 16.948 0.008 4.47 269.0
2458283.80928 16.940 0.009 3.94 337.0
2458284.53438 16.914 0.009 4.69 396.0
2458284.64405 16.943 0.009 4.97 296.0
2458284.77864 16.941 0.009 4.57 260.0
2458284.89062 16.957 0.010 5.29 395.0
2458285.78688 16.960 0.009 5.11 300.0
2458286.61100 16.948 0.009 5.16 230.0
2458286.74868 16.944 0.008 4.23 235.0
2458286.88709 16.949 0.010 5.93 366.0
2458287.59885 16.941 0.008 4.21 254.0
2458287.73955 16.930 0.008 4.23 237.0
2458287.87916 16.942 0.009 4.28 327.0
2458288.57405 16.937 0.009 4.59 294.0
2458288.71390 16.938 0.008 4.10 230.0
2458288.85230 16.935 0.011 6.05 370.0
2458289.57165 16.936 0.009 4.45 313.0
2458289.71058 16.936 0.008 3.93 287.0
2458289.84410 16.957 0.010 6.20 339.0
2458290.56892 16.936 0.009 3.95 354.0
2458290.70819 16.958 0.010 4.94 350.0
2458290.84070 16.955 0.011 6.10 413.0
2458291.61273 16.952 0.010 4.38 597.0
2458291.75531 16.943 0.010 4.57 417.0
2458291.88564 16.928 0.011 6.15 460.0
2458292.61887 16.936 0.011 5.35 381.0
2458292.76050 16.935 0.010 4.53 396.0
2458292.88780 16.964 0.012 6.02 482.0
2458293.62897 16.936 0.011 5.44 435.0
2458293.77169 16.942 0.012 5.90 535.0
2458294.65147 16.939 0.012 5.63 536.0
2458294.80930 16.914 0.016 6.91 840.0
2458299.56299 16.965 0.016 5.88 1354.0
2458301.62056 16.949 0.013 6.43 481.0
2458301.73997 16.940 0.011 6.04 393.0
2458302.59391 16.933 0.008 4.72 470.0
2458304.53833 16.930 0.013 6.89 386.0
2458304.64642 16.947 0.013 7.60 348.0
2458305.52341 16.944 0.013 7.11 401.0
2458305.67134 16.923 0.011 6.51 300.0
2458305.79645 16.935 0.012 6.77 357.0
2458306.65507 16.927 0.011 6.46 310.0
2458306.78473 16.950 0.013 7.44 360.0
2458307.50152 16.944 0.009 4.65 400.0
2458307.62378 16.933 0.008 4.37 277.0
2458307.74653 16.924 0.009 4.48 303.0
2458308.46909 16.930 0.011 5.59 458.0
2458308.57950 16.945 0.009 4.79 242.0
2458308.71029 16.946 0.010 5.97 275.0
2458308.81625 16.935 0.012 7.05 401.0
2458309.55575 16.920 0.008 4.47 275.0
2458309.68872 16.923 0.008 4.27 239.0
2458309.79910 16.930 0.009 5.85 361.0
2458310.52042 16.939 0.010 5.60 307.0
2458310.60630 16.933 0.008 4.10 260.0
2458310.69325 16.925 0.008 4.57 297.0
2458310.80423 16.961 0.012 6.88 362.0
2458311.53260 16.906 0.013 7.39 323.0
2458311.65614 16.938 0.009 4.99 260.0
2458311.77650 16.954 0.010 5.33 374.0
2458312.50219 16.929 0.009 4.63 353.0
2458312.61667 16.934 0.008 4.18 242.0
2458312.76578 16.927 0.008 4.82 262.0
2458313.50313 16.935 0.009 4.75 356.0
2458313.61926 16.948 0.008 3.90 245.0
2458313.73618 16.957 0.009 3.93 331.0
2458314.47025 16.937 0.010 4.60 461.0
2458314.58176 16.948 0.010 5.02 318.0
2458314.71227 16.923 0.009 4.93 327.0
2458316.46745 16.937 0.012 5.67 538.0
2458316.58240 16.952 0.010 5.60 330.0
2458316.71106 16.923 0.011 5.79 303.0
2458320.52013 16.918 0.010 5.90 385.0
2458320.65107 16.921 0.008 4.18 328.0
2458320.76126 16.932 0.008 4.01 321.0
2458321.55319 16.916 0.011 5.59 463.0
2458328.52014 16.948 0.012 5.84 545.0
2458328.63203 16.937 0.011 5.55 483.0
2458328.74293 16.941 0.015 6.57 707.0
2458329.54195 16.939 0.011 4.88 487.0
2458329.65396 16.921 0.010 4.68 456.0
2458329.76160 16.959 0.011 4.48 599.0
2458330.58355 16.929 0.011 5.07 802.0
2458331.55912 16.935 0.009 4.59 274.0
2458331.68156 16.941 0.009 4.64 365.0
2458332.55998 16.928 0.010 5.11 340.0
2458332.68335 16.940 0.011 5.67 405.0
2458333.54078 16.937 0.009 4.39 344.0
2458334.58514 16.937 0.010 5.14 356.0
2458335.53942 16.933 0.010 5.00 434.0
2458336.47351 16.955 0.012 5.77 388.0
2458336.61583 16.948 0.009 4.77 235.0
2458338.48923 16.943 0.012 6.48 380.0
2458338.61713 16.957 0.010 5.44 304.0
2458339.50557 16.943 0.008 3.93 325.0
2458339.64539 16.938 0.008 4.25 244.0
2458340.59909 16.946 0.009 4.73 302.0
2458341.49842 16.920 0.009 4.20 337.0
2458341.62054 16.931 0.008 3.81 240.0
2458342.52978 16.940 0.010 5.20 294.0
2458343.51129 16.949 0.010 5.22 343.0
2458344.54083 16.926 0.009 4.79 335.0
2458344.71569 16.948 0.010 5.60 347.0
2458345.57239 16.923 0.009 4.56 355.0
2458346.48037 16.933 0.011 5.49 323.0
2458346.61941 16.934 0.009 5.12 239.0
2458347.52501 16.939 0.008 4.21 260.0
2458347.70802 16.934 0.010 6.17 302.0
2458348.59165 16.936 0.010 5.12 334.0
2458355.56169 16.928 0.010 4.31 442.0
2458356.49688 16.931 0.011 4.86 522.0
2458356.69126 16.933 0.011 5.71 640.0
2458357.67348 16.966 0.011 5.48 548.0
2458358.58655 16.941 0.010 5.13 444.0
2458359.50223 16.925 0.010 5.45 324.0
2458359.66624 16.965 0.012 6.12 493.0
2458360.57862 16.935 0.011 5.39 419.0
2458361.48225 16.948 0.013 7.12 439.0
2458363.58344 16.934 0.009 4.75 299.0
2458364.52968 16.956 0.009 4.26 358.0
2458364.67665 16.952 0.009 5.19 287.0
2458366.66248 16.954 0.010 6.15 354.0
2458367.64421 16.934 0.010 6.08 334.0
2458368.59222 16.923 0.008 3.90 364.0
2458369.51777 16.945 0.009 4.38 334.0
2458370.49112 16.945 0.010 4.21 399.0
2458371.48373 16.947 0.009 4.11 399.0
2458371.65162 16.949 0.011 5.98 391.0
2458372.63448 16.936 0.011 6.15 388.0
2458373.62753 16.949 0.014 7.97 371.0
2458375.60183 16.931 0.011 5.80 301.0
2458376.53266 16.949 0.013 6.75 362.0
2458381.53428 16.971 0.013 4.98 786.0
2458382.55227 16.944 0.010 3.87 517.0
2458383.58881 16.973 0.013 6.17 630.0
2458385.56303 16.948 0.009 3.83 514.0
2458392.48331 16.948 0.016 7.13 634.0
2458394.51340 16.948 0.012 5.84 386.0
2458397.55918 16.994 0.012 7.72 327.0
2458407.49540 16.919 0.021 7.57 1176.0
2458519.87561 16.918 0.010 4.98 478.0
2458522.89285 16.935 0.014 4.09 1814.0
2458523.89520 16.917 0.012 4.21 1248.0
2458526.89090 16.958 0.016 6.20 1064.0
2458528.87322 16.948 0.011 5.67 410.0
2458528.88468 16.920 0.010 5.37 475.0
2458535.84984 16.944 0.013 6.25 529.0
2458535.88940 16.944 0.012 5.92 546.0
2458536.87833 16.949 0.010 4.85 492.0
2458537.86779 16.942 0.010 5.61 393.0
2458539.83572 16.921 0.012 6.23 459.0
2458539.87770 16.922 0.009 4.80 407.0
2458540.85950 16.940 0.012 4.35 916.0
2458544.81794 16.923 0.008 3.96 298.0
2458544.86088 16.933 0.008 4.59 275.0
2458546.82746 16.942 0.009 4.91 308.0
2458546.87794 16.941 0.008 4.70 288.0
2458547.82503 16.921 0.009 5.71 314.0
2458547.88713 16.934 0.008 4.16 292.0
2458548.83551 16.943 0.008 4.13 378.0
2458548.89100 16.928 0.009 4.60 392.0
2458549.82913 16.937 0.010 5.50 299.0
2458549.88002 16.904 0.009 5.52 305.0
2458550.84234 16.939 0.008 3.85 284.0
2458550.89129 16.950 0.009 5.49 305.0
2458551.85246 16.946 0.010 6.35 277.0
2458551.90115 16.935 0.011 6.66 316.0
2458552.87352 16.915 0.011 6.75 281.0
2458553.79880 16.923 0.011 6.80 287.0
2458553.85133 16.923 0.010 6.08 309.0
2458554.78787 16.935 0.011 6.86 332.0
2458554.82767 16.932 0.009 5.42 324.0
2458554.87764 16.918 0.009 5.31 289.0
2458555.78917 16.938 0.009 4.81 349.0
2458555.83847 16.936 0.009 5.14 308.0
2458555.88620 16.935 0.008 4.29 293.0
2458556.80971 16.922 0.009 5.00 341.0
2458556.85037 16.928 0.009 5.48 294.0
2458556.90016 16.915 0.009 5.28 321.0
2458557.81760 16.927 0.009 5.22 296.0
2458557.86716 16.946 0.009 4.99 292.0
2458557.90935 16.936 0.011 5.39 554.0
2458558.82013 16.926 0.009 5.38 305.0
2458558.85970 16.932 0.008 4.88 307.0
2458558.91107 16.925 0.010 5.20 418.0
2458559.80388 16.947 0.009 4.74 319.0
2458559.85377 16.937 0.008 3.91 285.0
2458559.89416 16.932 0.008 4.71 295.0
2458560.81394 16.939 0.008 3.60 387.0
2458560.85348 16.936 0.008 3.95 301.0
2458560.90264 16.959 0.008 3.92 329.0
2458561.80741 16.948 0.009 4.24 438.0
2458561.85979 16.931 0.009 4.35 395.0
2458561.89944 16.936 0.010 5.30 330.0
2458562.80496 16.947 0.012 5.69 555.0
2458562.84579 16.942 0.010 4.97 520.0
2458562.90245 16.944 0.011 5.61 476.0
2458563.78362 16.940 0.010 4.62 658.0
2458563.84173 16.950 0.010 4.19 564.0
2458563.88173 16.933 0.009 4.10 536.0
2458564.78001 16.939 0.009 4.18 541.0
2458564.83118 16.933 0.009 4.21 488.0
2458564.88105 16.911 0.008 3.78 508.0
2458565.77329 16.948 0.010 4.12 594.0
2458565.83840 16.941 0.010 4.30 521.0
2458565.88276 16.939 0.009 3.95 468.0
2458566.78987 16.941 0.009 3.42 542.0
2458566.83809 16.944 0.009 3.59 518.0
2458566.88912 16.925 0.009 3.99 459.0
2458567.85200 16.937 0.011 4.05 953.0
2458567.89889 16.948 0.013 4.55 1126.0
2458573.87466 16.938 0.011 6.62 327.0
2458573.92498 16.956 0.013 5.46 787.0
2458574.81284 16.969 0.013 7.53 274.0
2458574.87450 16.944 0.009 5.45 273.0
2458574.91804 16.959 0.009 5.27 344.0
2458575.76869 16.948 0.009 5.37 296.0
2458575.80798 16.943 0.009 5.41 287.0
2458575.85612 16.917 0.009 4.98 294.0
2458575.89562 16.915 0.010 5.46 312.0
2458576.78387 16.934 0.010 5.94 290.0
2458576.82119 16.935 0.009 5.17 286.0
2458576.86928 16.942 0.010 5.90 265.0
2458576.91133 16.916 0.011 6.89 283.0
2458577.77333 16.941 0.011 6.10 340.0
2458577.83177 16.968 0.011 6.04 349.0
2458577.90441 16.922 0.011 6.41 384.0
2458578.72928 16.933 0.010 5.36 332.0
2458578.77627 16.941 0.009 4.72 310.0
2458578.81572 16.943 0.009 4.88 332.0
2458578.88317 16.931 0.009 4.98 332.0
2458578.92565 16.930 0.011 4.93 582.0
2458579.75416 16.944 0.009 4.63 352.0
2458579.79207 16.942 0.011 6.20 376.0
2458579.83900 16.908 0.010 5.31 421.0
2458579.89282 16.936 0.009 4.65 411.0
2458580.72642 16.942 0.010 5.44 372.0
2458580.76524 16.950 0.009 4.94 323.0
2458580.82214 16.930 0.009 5.03 312.0
2458580.85778 16.919 0.010 5.23 354.0
2458580.92551 16.926 0.013 4.10 1410.0
2458581.75678 16.910 0.008 4.75 306.0
2458581.87064 16.941 0.008 3.74 310.0
2458582.73181 16.950 0.009 5.37 287.0
2458582.82295 16.950 0.009 4.96 314.0
2458583.69942 16.926 0.010 5.48 365.0
2458583.77295 16.931 0.008 4.79 302.0
2458583.90077 16.935 0.009 4.31 344.0
2458584.73799 16.917 0.008 4.68 303.0
2458584.85115 16.921 0.008 4.36 267.0
2458585.72683 16.941 0.009 5.03 312.0
2458585.81534 16.956 0.008 3.73 293.0
2458586.69009 16.955 0.011 6.12 356.0
2458586.75188 16.947 0.008 4.08 276.0
2458586.88021 16.954 0.009 4.61 275.0
2458587.70731 16.933 0.010 5.57 396.0
2458587.79279 16.943 0.009 5.12 304.0
2458588.68974 16.923 0.009 4.40 418.0
2458588.74846 16.957 0.008 4.21 335.0
2458588.88434 16.940 0.008 3.96 304.0
2458589.71903 16.940 0.010 4.52 463.0
2458589.80868 16.941 0.009 3.98 382.0
2458590.69253 16.945 0.010 4.62 570.0
2458590.74674 16.927 0.008 3.77 482.0
2458590.87355 16.954 0.008 3.32 397.0
2458591.71645 16.924 0.009 4.24 601.0
2458591.80872 16.971 0.009 4.28 512.0
2458592.73114 16.949 0.013 5.07 998.0
2458592.85455 16.945 0.010 4.70 620.0
2458593.72332 16.924 0.013 5.74 935.0
2458593.86131 16.928 0.011 4.00 1124.0
2458594.69387 16.926 0.011 4.63 746.0
2458594.76423 16.931 0.011 5.13 616.0
2458594.88047 16.926 0.010 4.12 678.0
2458595.71246 16.974 0.019 6.93 1194.0
2458599.69143 16.960 0.015 7.79 529.0
2458599.74516 16.924 0.012 6.76 365.0
2458599.80270 16.924 0.009 5.26 333.0
2458599.88436 16.948 0.008 3.72 342.0
2458599.93475 16.947 0.011 4.38 935.0
2458600.70233 16.947 0.010 5.56 311.0
2458600.85970 16.935 0.008 3.56 396.0
2458601.68296 16.939 0.008 4.34 309.0
2458601.78489 16.930 0.008 4.15 331.0
2458602.68007 16.941 0.008 4.13 286.0
2458602.76914 16.949 0.008 4.12 287.0
2458602.93504 16.951 0.013 4.13 1397.0
2458603.71755 16.934 0.009 4.63 276.0
2458603.87682 16.947 0.009 4.35 336.0
2458604.75249 16.944 0.010 6.10 285.0
2458604.87070 16.929 0.010 5.75 323.0
2458605.69484 16.936 0.009 4.56 306.0
2458605.81159 16.952 0.010 5.55 334.0
2458606.67248 16.953 0.009 4.23 321.0
2458606.76148 16.954 0.008 4.60 279.0
2458606.90996 16.917 0.008 3.97 341.0
2458607.69885 16.948 0.008 4.34 315.0
2458607.84132 16.934 0.009 4.22 347.0
2458608.65558 16.938 0.010 4.30 565.0
2458608.80081 16.931 0.008 3.95 365.0
2458609.66470 16.924 0.009 4.86 382.0
2458612.77074 16.937 0.011 6.43 274.0
2458612.91713 16.948 0.011 5.37 401.0
2458613.81589 16.966 0.009 4.49 353.0
2458614.63869 16.914 0.010 5.25 435.0
2458614.71145 16.943 0.010 5.34 357.0
2458614.86968 16.939 0.009 4.21 472.0
2458615.66857 16.944 0.010 5.60 334.0
2458615.81343 16.938 0.008 4.10 289.0
2458616.63936 16.957 0.009 4.76 390.0
2458616.72885 16.921 0.008 4.10 346.0
2458616.87718 16.946 0.008 3.79 392.0
2458617.66647 16.939 0.009 4.39 376.0
2458617.78633 16.954 0.008 3.43 328.0
2458618.62865 16.939 0.010 5.34 465.0
2458618.72281 16.948 0.009 4.59 436.0
2458618.87461 16.937 0.010 4.99 533.0
2458619.65643 16.917 0.012 6.73 460.0
2458619.76177 16.927 0.010 5.34 428.0
2458620.62924 16.942 0.014 6.76 547.0
2458620.71206 16.927 0.012 6.07 455.0
2458620.88409 16.935 0.010 4.68 483.0
2458621.70372 16.940 0.014 5.81 748.0
2458621.86732 16.959 0.013 5.07 784.0
2458626.62078 16.957 0.015 7.45 506.0
2458626.67019 16.935 0.012 6.62 486.0
2458626.72050 16.930 0.012 6.05 454.0
2458626.77817 16.924 0.010 4.89 461.0
2458626.83579 16.936 0.011 4.97 552.0
2458626.88595 16.940 0.010 4.46 608.0
2458626.93567 16.945 0.011 4.61 712.0
2458627.66292 16.923 0.009 4.35 815.0
2458627.72533 16.938 0.009 4.30 560.0
2458635.65608 16.944 0.009 5.01 279.0
2458635.75424 16.942 0.009 4.99 298.0
2458635.88971 16.917 0.011 6.23 424.0
2458636.59506 16.932 0.009 4.74 320.0
2458636.71094 16.947 0.008 4.01 281.0
2458636.84684 16.934 0.008 4.10 302.0
2458637.57941 16.935 0.008 4.43 331.0
2458637.66093 16.955 0.008 4.66 237.0
2458637.80901 16.952 0.008 3.91 359.0
2458638.63050 16.930 0.008 5.10 304.0
2458638.71280 16.950 0.008 4.15 254.0
2458638.90511 16.928 0.010 4.94 493.0
2458639.74668 16.943 0.008 4.39 316.0
2458640.57857 16.952 0.009 5.00 341.0
2458640.66512 16.941 0.008 4.44 287.0
2458640.81899 16.955 0.010 5.14 344.0
2458641.58881 16.924 0.010 5.47 393.0
2458641.71682 16.948 0.008 4.22 335.0
2458642.65032 16.899 0.009 5.01 320.0
2458642.86902 16.938 0.011 5.16 451.0
2458643.56870 16.939 0.009 4.67 356.0
2458643.67561 16.939 0.008 3.58 312.0
2458643.80111 16.946 0.008 4.05 294.0
2458643.90198 16.947 0.010 5.23 398.0
2458644.58584 16.945 0.010 5.48 384.0
2458644.71303 16.937 0.008 4.32 293.0
2458644.82837 16.945 0.010 5.41 376.0
2458646.58323 16.917 0.012 6.80 374.0
2458646.63846 16.944 0.010 5.73 320.0
2458646.75047 16.944 0.011 5.71 363.0
2458646.85308 16.938 0.012 6.23 417.0
2458647.61883 16.938 0.010 5.01 432.0
2458647.70973 16.936 0.010 5.03 401.0
2458647.83021 16.942 0.011 5.52 405.0
2458648.62308 16.958 0.011 5.58 547.0
2458648.71696 16.960 0.013 6.71 488.0
2458648.83608 16.931 0.011 5.37 526.0
2458649.59171 16.924 0.014 6.37 698.0
2458649.67352 16.929 0.015 7.08 663.0
2458655.52918 16.923 0.008 4.84 437.0
2458655.70262 16.955 0.011 5.75 510.0
2458656.61433 16.925 0.008 4.46 559.0
2458656.67655 16.939 0.009 4.84 502.0
2458656.81577 16.946 0.009 4.89 408.0
2458657.54556 16.932 0.009 5.12 323.0
2458657.63853 16.940 0.009 4.73 293.0
2458657.75732 16.937 0.008 4.37 281.0
2458657.86780 16.939 0.010 5.21 396.0
2458660.50374 16.936 0.012 6.55 357.0
2458660.70723 16.966 0.008 4.46 254.0
2458661.54737 16.914 0.009 5.02 326.0
2458662.59322 16.939 0.013 7.86 347.0
2458664.56955 16.942 0.008 4.74 227.0
2458664.81771 16.966 0.008 4.73 372.0
2458666.54454 16.954 0.011 5.79 396.0
2458666.81838 16.947 0.012 7.38 286.0
2458667.66896 16.932 0.009 4.74 338.0
2458668.49302 16.950 0.012 6.55 356.0
2458668.76578 16.975 0.009 5.02 226.0
2458669.55193 16.945 0.010 5.66 401.0
2458669.81304 16.919 0.009 4.31 367.0
2458670.62164 16.954 0.007 3.87 248.0
2458671.67600 16.927 0.012 7.61 260.0
2458673.74501 16.981 0.009 5.36 306.0
2458674.73867 16.940 0.009 5.00 292.0
2458675.62831 16.943 0.010 4.25 694.0
2458676.49449 16.916 0.010 5.04 560.0
2458676.74345 16.946 0.010 4.79 490.0
2458676.81968 16.925 0.014 6.91 544.0
2458681.50287 16.948 0.014 5.90 879.0
2458681.65968 16.939 0.012 5.04 703.0
2458682.52873 16.953 0.011 5.18 528.0
2458683.52365 16.910 0.011 5.69 443.0
2458683.78355 16.952 0.012 5.74 471.0
2458684.52755 16.945 0.009 5.18 326.0
2458684.74089 16.941 0.009 4.60 357.0
2458685.57088 16.936 0.009 5.12 364.0
2458688.61280 16.950 0.012 7.45 268.0
2458689.54066 16.944 0.010 6.06 315.0
2458689.78557 16.920 0.011 6.21 395.0
2458690.52746 16.941 0.012 6.74 333.0
2458691.49475 16.950 0.008 4.22 327.0
2458691.75703 16.947 0.011 6.24 335.0
2458692.49735 16.940 0.009 5.03 383.0
2458692.69664 16.949 0.009 4.33 286.0
2458693.49652 16.927 0.012 6.83 301.0
2458694.53426 16.970 0.009 4.65 315.0
2458694.74225 16.944 0.008 3.70 276.0
2458695.53081 16.939 0.009 4.99 285.0
2458698.52250 16.940 0.009 5.08 265.0
2458698.75709 16.943 0.008 4.24 309.0
2458699.50197 16.942 0.009 4.91 339.0
2458700.50008 16.965 0.008 3.92 296.0
2458701.65378 16.939 0.009 4.94 313.0
2458702.49763 16.933 0.010 5.64 319.0
2458702.66014 16.955 0.009 4.79 288.0
2458704.72229 16.949 0.014 6.56 664.0
2458711.68279 16.929 0.019 7.51 1018.0
2458712.63356 16.962 0.013 6.79 412.0
2458713.62506 16.952 0.012 6.70 370.0
2458715.51526 16.946 0.011 6.22 290.0
2458717.63673 16.938 0.010 6.15 287.0
2458718.65290 16.935 0.009 4.58 309.0
2458719.61986 16.935 0.011 6.60 321.0
2458721.69412 16.930 0.010 5.79 316.0
2458723.65197 16.928 0.009 5.25 332.0
2458724.65204 16.938 0.009 5.07 274.0
2458725.60237 16.954 0.010 5.46 274.0
2458726.64375 16.955 0.009 4.92 235.0
2458727.62566 16.961 0.011 5.48 371.0
2458728.64694 16.952 0.009 4.55 310.0
2458729.64416 16.967 0.010 5.55 331.0
2458730.63112 16.943 0.010 5.79 295.0
2458731.61570 16.954 0.013 7.36 351.0
2458736.65142 16.957 0.015 6.87 641.0
2458737.63071 16.941 0.014 6.81 604.0
2458738.59965 16.959 0.013 5.63 602.0
2458739.51506 16.948 0.011 6.37 462.0
2458740.55763 16.948 0.012 6.25 485.0
2458741.61157 16.925 0.011 5.71 501.0
2458742.61049 16.948 0.012 5.78 505.0
2458746.60227 16.927 0.011 6.49 314.0
2458748.59729 16.926 0.012 6.40 392.0
2458754.59325 16.926 0.011 6.23 396.0
2458759.59146 16.961 0.014 6.77 475.0
2458783.52698 16.944 0.011 5.51 480.0
2458886.87041 16.948 0.010 6.25 346.0
2458887.86807 16.947 0.011 5.35 642.0
2458888.86801 16.951 0.013 6.20 745.0
2458889.86435 16.929 0.010 4.90 632.0
2458890.86275 16.931 0.009 4.98 521.0
2458892.86610 16.946 0.010 5.05 836.0
2458893.85399 16.923 0.010 5.45 517.0
2458909.84231 16.961 0.008 5.62 262.0
2458909.87775 16.952 0.008 4.97 252.0
2458910.83342 16.935 0.010 6.45 297.0
2458911.80625 16.919 0.009 5.78 326.0
2458911.85468 16.946 0.009 5.55 291.0
2458911.88899 16.932 0.010 6.39 303.0
2458912.82680 16.950 0.009 5.97 316.0
2458912.86146 16.930 0.008 5.71 262.0
2458913.78896 16.926 0.011 6.93 378.0
2458913.83228 16.929 0.009 6.34 304.0
2458913.87502 16.904 0.010 6.67 273.0
2458914.83949 16.930 0.009 5.71 311.0
2458914.88168 16.924 0.009 5.27 316.0
2458915.81944 16.944 0.010 6.23 391.0
2458915.86230 16.924 0.008 5.46 265.0
2458915.89684 16.924 0.009 5.75 295.0
2458916.82190 16.920 0.009 5.18 481.0
2458916.85641 16.941 0.010 4.77 420.0
2458917.78625 16.927 0.011 5.22 742.0
2458917.82544 16.965 0.011 5.49 616.0
2458917.87013 16.921 0.010 6.11 533.0
2458918.79497 16.940 0.011 5.43 700.0
2458918.84412 16.945 0.010 5.16 560.0
2458918.87958 16.934 0.010 5.40 479.0
2458919.79024 16.925 0.011 5.44 653.0
2458919.82888 16.967 0.010 5.28 546.0
2458919.87186 16.952 0.010 5.58 472.0
2458919.90656 16.950 0.010 5.50 556.0
2458920.82798 16.933 0.010 5.08 539.0
2458920.86693 16.919 0.009 5.09 478.0
2458920.90957 16.942 0.010 5.22 561.0
2458921.80810 16.946 0.010 5.14 541.0
2458921.85322 16.957 0.009 4.81 495.0
2458921.88817 16.960 0.010 4.95 487.0
2458922.82554 16.950 0.011 5.62 621.0
2459795.58308 16.951 0.009 5.36 271.0
2459795.62096 16.954 0.008 5.23 261.0
2459795.66619 16.939 0.010 6.77 282.0
2459795.70305 16.932 0.012 7.57 318.0
2459795.74565 16.936 0.013 7.45 398.0
2459796.52229 16.948 0.011 6.46 340.0
2459796.64444 16.959 0.009 5.56 313.0
2459796.68862 16.974 0.009 5.55 312.0
2459796.72621 16.963 0.011 7.02 282.0
2459797.54300 16.952 0.014 7.80 495.0
2459797.60129 16.969 0.012 6.10 397.0
2459797.64486 16.916 0.012 7.14 394.0
2459797.69231 16.948 0.011 5.88 415.0
2459797.74386 16.932 0.011 5.98 425.0
2459798.50055 16.967 0.023 7.26 1663.0
2459798.54706 16.956 0.019 6.90 1377.0
2459804.50634 16.972 0.010 4.76 535.0
2459804.54225 16.954 0.011 5.99 483.0
2459804.58715 16.954 0.012 6.22 484.0
2459804.62196 16.978 0.012 6.35 509.0
2459804.66603 16.959 0.013 6.59 575.0
2459804.70574 16.988 0.013 6.22 630.0
2459805.53074 16.956 0.013 6.33 512.0
2459805.56697 16.934 0.010 5.06 434.0
2459805.61018 16.961 0.010 5.69 458.0
2459805.64468 16.952 0.011 6.22 462.0
2459805.68741 17.009 0.012 6.04 522.0
2459805.72196 16.965 0.012 6.36 570.0
2459806.57568 16.924 0.013 7.30 445.0
2459806.62784 16.944 0.012 7.10 427.0
2459806.67387 16.933 0.013 6.76 435.0
2459806.70844 16.965 0.013 6.61 513.0
2459807.49177 16.964 0.010 6.00 311.0
2459807.54522 16.943 0.009 5.36 294.0
2459807.59273 16.933 0.009 6.18 278.0
2459807.64831 16.931 0.009 5.69 312.0
2459807.71423 16.933 0.010 5.89 387.0
2459807.74759 16.944 0.010 5.64 408.0
2459808.52032 16.962 0.009 5.26 274.0
2459808.58113 16.973 0.010 6.45 257.0
2459808.66830 16.974 0.011 6.55 333.0
2459808.70577 16.995 0.012 6.36 427.0
2459809.56848 16.919 0.011 7.70 267.0
2459809.60411 16.956 0.010 6.11 267.0
2459809.64941 16.971 0.011 6.65 278.0
2459810.47721 16.963 0.010 4.91 471.0
2459810.54209 16.938 0.008 4.46 266.0
2459810.67081 16.950 0.008 5.52 276.0
2459811.48416 16.975 0.012 6.65 321.0
2459811.51883 16.974 0.010 6.36 253.0
2459811.66929 16.969 0.009 4.86 263.0
2459811.70416 16.984 0.009 5.28 313.0
2459812.49105 16.956 0.012 7.01 297.0
2459812.52768 16.940 0.010 6.29 247.0
2459812.68893 16.978 0.008 5.11 257.0
2459813.48209 16.993 0.015 7.25 520.0
2459813.66307 16.965 0.011 6.76 266.0
2459813.69793 16.949 0.010 6.83 259.0
2459814.49229 16.973 0.010 6.01 311.0
2459814.54794 16.961 0.009 5.68 289.0
2459814.59086 16.973 0.010 6.58 286.0
2459814.68183 16.960 0.011 6.82 334.0
2459815.47877 16.972 0.010 4.93 580.0
2459815.53461 17.000 0.011 6.64 296.0
2459815.57736 16.964 0.010 6.20 303.0
2459815.69688 16.977 0.010 5.74 336.0
2459816.49875 16.950 0.011 6.59 297.0
2459816.53575 16.978 0.012 7.45 295.0
2459816.58035 16.951 0.009 5.46 283.0
2459816.68848 16.962 0.009 5.13 302.0
2459817.48469 16.956 0.010 5.72 390.0
2459817.52448 16.968 0.009 4.97 336.0
2459817.59473 16.968 0.010 6.12 323.0
2459817.64529 16.977 0.009 5.57 328.0
2459818.51787 16.975 0.014 8.11 349.0
2459818.57393 16.974 0.013 8.09 384.0
2459819.49616 16.954 0.008 4.59 383.0
2459819.56686 16.973 0.009 5.14 344.0
2459819.67141 16.948 0.009 5.29 430.0
2459820.52107 16.961 0.011 6.09 329.0
2459820.65852 16.958 0.009 5.08 310.0
2459821.49479 16.983 0.011 6.11 350.0
2459821.54474 16.993 0.010 6.20 258.0
2459821.68036 16.952 0.010 5.67 345.0
2459822.52132 16.961 0.010 6.04 312.0
2459822.58084 16.951 0.010 6.35 311.0
2459823.58235 16.938 0.012 7.17 363.0
2459823.66753 16.970 0.013 7.82 377.0
2459824.54739 16.962 0.015 7.93 448.0
2459824.59446 16.954 0.012 6.66 485.0
2459825.63233 16.983 0.016 7.97 560.0
2459829.56421 16.957 0.014 6.89 673.0
2459829.65734 16.932 0.016 7.26 843.0
2459830.48567 16.985 0.017 7.51 745.0
2459831.48968 16.939 0.014 7.26 635.0
2459831.53907 16.985 0.012 6.34 556.0
2459831.60743 16.941 0.013 6.57 644.0
2459832.49905 16.929 0.013 6.92 600.0
2459832.54879 16.933 0.012 6.51 603.0
2459834.48924 16.963 0.010 5.42 486.0
2459834.54527 16.977 0.012 6.12 516.0
2459834.59273 16.971 0.013 6.69 574.0
2459834.64336 16.956 0.012 5.85 651.0
2459835.57350 17.000 0.014 6.93 466.0
2459835.62099 16.964 0.011 6.51 410.0
2459836.49091 16.987 0.016 8.21 540.0
2459837.62771 16.957 0.010 5.41 429.0
2459838.51840 16.975 0.011 6.26 358.0
2459838.57855 16.962 0.010 5.80 372.0
2459838.62619 16.978 0.010 6.43 403.0
2459840.52161 16.985 0.012 7.50 313.0
2459840.56921 17.014 0.013 7.70 340.0
2459840.63316 16.955 0.012 7.28 396.0
2459841.53385 16.999 0.010 6.31 369.0
2459841.58078 16.974 0.010 5.86 411.0
2459841.62503 16.975 0.012 7.30 443.0
2459843.58631 16.980 0.012 6.44 366.0
2459844.51645 16.972 0.010 6.14 348.0
2459844.56897 17.026 0.011 6.34 383.0
2459844.61641 17.010 0.012 6.88 433.0
2459845.52809 16.977 0.011 7.40 322.0
2459845.57704 16.979 0.010 6.37 334.0
2459846.56769 17.026 0.015 8.28 366.0
2459846.61646 16.994 0.013 7.17 454.0
2459848.55369 16.993 0.013 7.36 425.0
2459848.60038 16.981 0.012 6.77 441.0
2459849.60951 16.983 0.011 6.50 375.0
2459850.57954 16.975 0.012 7.50 389.0
2459851.53219 16.981 0.014 7.87 404.0
2459852.49981 16.970 0.014 7.45 400.0
2459852.54427 16.966 0.012 7.53 406.0
2459852.59783 16.965 0.011 5.77 439.0
2459856.52509 16.978 0.015 7.53 678.0
2459857.54852 17.013 0.015 7.30 683.0
2459859.50735 16.965 0.010 5.46 594.0
2459859.55653 16.967 0.011 5.45 663.0
2459860.49600 16.924 0.017 7.71 844.0
2459860.54028 16.956 0.015 6.98 725.0
2459861.55729 16.944 0.015 6.58 811.0
2459862.53982 16.964 0.015 6.78 759.0
2459863.52187 16.970 0.012 5.96 600.0
2459864.51249 16.926 0.016 8.11 557.0
2459864.56182 16.968 0.013 5.44 807.0
2459866.50260 16.966 0.013 5.97 726.0
2459866.55178 16.994 0.011 5.66 621.0
2459868.50226 16.963 0.015 6.25 761.0
2459869.51337 16.973 0.011 5.75 476.0
2459870.52011 16.961 0.012 6.59 446.0
2459877.51374 16.986 0.014 7.06 583.0
2459984.87191 16.951 0.011 6.23 525.0
2459995.86220 16.935 0.008 4.85 389.0
2460000.84577 16.946 0.009 5.40 437.0
2460004.81460 16.944 0.008 4.84 357.0
2460007.81078 16.947 0.010 5.07 528.0
2460010.89207 16.972 0.012 6.98 504.0
2460011.89007 16.916 0.009 4.71 471.0
2460015.79785 16.934 0.010 5.30 626.0
2460021.81911 16.937 0.009 5.25 306.0
2460024.81130 16.947 0.008 4.33 293.0
2460027.77104 16.932 0.009 6.01 322.0
2460029.79708 16.974 0.009 6.01 270.0
2460031.86649 16.963 0.009 5.71 330.0
2460034.75280 16.943 0.009 5.93 295.0
2460036.87731 16.974 0.009 6.57 294.0
2460036.88632 16.945 0.007 4.08 289.0
2460039.77417 16.960 0.010 5.59 466.0
2460041.80163 16.964 0.011 5.76 523.0
2460047.90042 16.957 0.008 4.42 411.0
2460050.80969 16.981 0.009 5.29 264.0
2460053.72387 16.958 0.008 4.90 293.0
2460056.84765 16.929 0.008 4.33 296.0
2460059.66921 16.960 0.013 7.60 379.0
2460061.71115 16.978 0.008 4.84 313.0
2460063.70305 16.953 0.009 4.92 386.0
2460066.91510 16.959 0.008 4.51 310.0
2460068.89352 16.943 0.009 4.65 557.0
2460070.85343 16.964 0.013 5.11 1256.0
2460076.73931 16.996 0.009 4.77 440.0
2460086.62757 16.964 0.012 6.13 409.0
2460087.66659 16.971 0.009 4.57 334.0
2460088.61080 16.935 0.011 6.16 421.0
2460089.76779 16.956 0.011 5.62 359.0
2460091.83563 16.956 0.010 4.83 445.0
2460093.89467 16.957 0.013 6.73 547.0
2460095.90479 16.954 0.012 5.76 465.0
2460097.59309 16.972 0.012 4.55 729.0
2460104.65503 16.944 0.010 4.77 408.0
2460105.78613 16.963 0.011 5.55 347.0
2460107.75141 16.967 0.014 7.60 296.0
2460109.59916 16.950 0.014 7.24 373.0
2460111.53197 16.970 0.011 5.58 408.0
2460112.63565 16.968 0.010 5.01 341.0
2460113.77294 16.976 0.011 5.66 372.0
2460118.68948 16.952 0.010 5.93 334.0
2460120.57049 16.978 0.011 5.58 345.0
2460122.49761 16.964 0.012 5.47 502.0
2460123.72466 16.972 0.010 4.67 407.0
2460125.49974 16.956 0.015 5.67 976.0
2460130.51600 16.964 0.015 5.88 988.0
2460131.78113 16.995 0.014 5.76 775.0
2460134.51965 16.990 0.011 6.18 434.0
2460139.71877 17.000 0.011 5.64 321.0
2460141.63741 16.996 0.011 5.88 294.0
2460143.64106 16.976 0.009 4.49 294.0
2460149.52466 16.956 0.010 5.19 379.0
2460157.66521 16.948 0.010 3.83 835.0
2460159.57717 16.993 0.011 5.11 491.0
2460160.74735 16.978 0.013 5.46 614.0
2460167.53489 16.985 0.012 6.66 286.0
2460169.65177 16.994 0.011 6.17 281.0
2460171.66837 16.984 0.010 5.14 332.0
2460174.62625 17.018 0.012 6.34 311.0
2460179.58807 16.975 0.010 4.64 331.0
2460185.55612 16.959 0.014 6.40 632.0
2460188.58070 16.981 0.012 5.81 522.0
2460201.60036 16.985 0.011 5.68 349.0
2460204.50320 16.989 0.013 6.01 406.0
2460212.55840 16.946 0.011 5.25 622.0
2460218.54253 16.997 0.015 7.35 495.0
2460225.56464 17.030 0.015 6.92 499.0
2460230.52635 16.994 0.016 7.55 560.0
2460243.51758 16.991 0.015 6.30 756.0
2460353.87603 16.961 0.011 5.63 427.0
2460364.89241 16.961 0.014 6.33 646.0
2460370.83526 16.955 0.010 4.74 528.0
2460377.82370 16.947 0.010 5.24 420.0
2460380.82880 16.965 0.011 5.08 449.0
2460383.80083 16.953 0.010 5.74 361.0
2460385.89808 16.968 0.011 5.16 324.0
2460388.91189 16.965 0.010 4.60 474.0
2460392.77267 16.983 0.010 4.71 492.0
2460394.84515 16.990 0.011 4.71 591.0
2460396.86974 16.961 0.010 4.75 569.0
2460398.76361 16.950 0.011 4.87 685.0
2460403.87977 16.977 0.009 4.39 330.0
2460406.76416 16.992 0.013 6.44 367.0
2460409.74278 16.967 0.010 5.26 383.0
2460416.77892 16.991 0.013 7.43 329.0
2460419.74910 16.972 0.011 5.53 383.0
2460424.75301 16.947 0.012 5.59 653.0
2460432.72883 16.948 0.011 5.75 398.0
2460434.72584 16.975 0.011 5.87 392.0
2460436.69956 16.983 0.012 7.00 303.0
2460439.82190 16.992 0.010 5.54 388.0
2460449.61439 16.959 0.012 6.72 419.0
2460450.61499 16.984 0.012 5.77 521.0
2460458.58445 16.977 0.014 6.99 561.0
2460459.85657 16.972 0.010 4.48 767.0
2460462.74703 16.984 0.008 4.40 268.0
2460464.81808 16.981 0.009 4.56 346.0
2460467.84344 17.022 0.012 5.87 532.0
2460473.60060 16.981 0.011 5.89 379.0
2460477.60312 16.986 0.011 5.74 452.0
2460479.60702 16.995 0.013 6.60 483.0
2460485.64599 16.970 0.013 5.85 589.0
2460487.63384 16.987 0.012 6.16 403.0
2460490.52795 16.976 0.012 5.75 527.0
2460491.81044 17.004 0.012 6.18 380.0
2460495.55454 16.970 0.011 6.14 294.0
2460496.82081 17.020 0.014 6.77 526.0
2460498.73701 17.017 0.010 5.31 286.0
2460500.60310 16.976 0.010 5.64 257.0
2460502.57379 17.003 0.012 6.52 327.0
2460504.55404 17.017 0.012 6.55 318.0
2460513.61676 17.017 0.019 7.86 684.0
2460516.66835 16.975 0.010 5.34 337.0
2460518.69722 16.995 0.011 5.74 370.0
2460521.66428 16.980 0.009 4.98 278.0
2460533.69143 17.023 0.011 6.13 269.0
2460542.58139 16.954 0.012 5.87 656.0
2460548.48432 16.981 0.012 6.20 372.0
2460554.66527 16.990 0.013 6.30 425.0
2460558.54338 16.985 0.009 4.66 330.0
2460560.63008 16.988 0.013 6.67 392.0
2460567.53609 16.993 0.013 5.72 615.0
2460567.62316 17.009 0.015 6.09 769.0
2460570.63233 16.974 0.016 6.57 890.0
2460574.58070 16.979 0.014 7.37 432.0
2460580.55187 17.020 0.015 7.85 367.0
2460585.50250 16.988 0.011 5.65 375.0
2460596.54095 17.010 0.015 6.44 817.0
2460597.55235 16.980 0.013 6.17 766.0
2460598.52399 17.004 0.014 6.36 734.0
2460599.53898 16.974 0.011 4.75 721.0
2460600.52623 17.003 0.013 5.47 939.0
2460601.53891 16.978 0.013 5.68 905.0
2460610.52439 16.997 0.014 6.22 631.0
2460714.88359 16.988 0.013 5.23 789.0
2460718.87180 16.970 0.014 6.61 642.0
2460721.86977 16.986 0.013 6.28 538.0
2460724.86574 16.980 0.011 5.69 429.0
2460732.87802 17.018 0.014 7.58 333.0
2460735.83245 17.015 0.012 6.28 377.0
2460738.81973 16.984 0.010 5.23 365.0
2460740.89664 16.977 0.011 5.99 324.0
2460743.79906 16.966 0.010 5.31 410.0
2460745.79880 16.983 0.010 5.16 417.0
2460747.79144 16.975 0.010 4.74 546.0
2460749.78452 16.968 0.012 4.87 671.0
2460751.80694 16.978 0.010 4.72 517.0
2460753.75879 16.980 0.012 5.39 671.0
2460759.87216 16.977 0.010 5.38 352.0
2460762.84801 16.955 0.008 4.42 332.0
2460764.74667 16.972 0.010 4.93 399.0
2460766.73357 16.985 0.011 5.60 398.0
2460768.72970 16.971 0.011 6.19 355.0
2460770.72864 16.965 0.010 5.03 343.0
2460772.71949 16.960 0.011 6.39 411.0
2460773.89750 16.944 0.008 4.24 313.0
2460775.75717 16.964 0.012 6.03 457.0
2460778.70761 16.879 0.013 6.45 740.0
2460779.88377 16.922 0.010 4.66 613.0
2460786.72061 16.929 0.013 7.31 380.0
2460787.69049 16.900 0.009 5.41 316.0
2460788.84509 16.885 0.008 4.20 317.0
2460790.67562 16.887 0.009 5.30 348.0
2460791.81098 16.845 0.008 4.13 284.0
2460793.66276 16.849 0.010 5.88 437.0
2460794.76642 16.833 0.008 5.45 284.0
2460797.66612 16.801 0.009 6.22 336.0
2460798.78603 16.812 0.009 5.98 303.0
2460799.87032 16.771 0.009 4.74 409.0
2460801.64555 16.755 0.010 6.16 402.0
2460805.65253 16.658 0.010 6.75 596.0
2460806.75376 16.628 0.008 5.37 533.0
2460807.85668 16.560 0.008 4.24 744.0
2460814.70622 16.253 0.006 5.21 420.0
2460815.85867 16.165 0.005 4.13 355.0
2460817.62027 16.000 0.005 4.60 305.0
2460818.71328 15.885 0.004 4.91 265.0
2460819.78624 15.763 0.004 5.41 304.0
2460820.90888 15.627 0.005 5.85 520.0
2460822.60815 15.309 0.004 6.45 387.0
2460824.58221 14.754 0.003 6.20 358.0
2460825.58681 14.375 0.002 4.85 339.0
2460826.65661 13.779 0.001 5.06 327.0
2460828.58089 14.092 0.002 5.20 329.0
2460830.78001 14.966 0.002 5.15 347.0
2460831.90682 15.280 0.004 6.92 489.0
2460833.72169 15.599 0.004 5.76 447.0
2460834.91144 15.783 0.006 7.36 445.0
2460835.55021 15.857 0.006 6.40 787.0
2460841.73062 16.342 0.007 5.49 601.0
2460843.56473 16.480 0.009 6.34 500.0
2460844.64234 16.516 0.008 6.19 344.0
2460845.82078 16.561 0.010 6.81 458.0
2460846.84367 16.596 0.009 5.11 474.0
2460847.85630 16.636 0.009 5.68 490.0
2460849.69144 16.670 0.010 7.38 295.0
2460850.79069 16.719 0.008 4.59 373.0
2460853.50489 16.750 0.010 6.31 441.0
2460854.53310 16.798 0.011 6.42 392.0
2460855.53308 16.805 0.014 8.03 549.0
2460856.63278 16.809 0.008 5.02 302.0
2460858.53256 16.843 0.010 6.00 400.0
2460859.71072 16.854 0.008 4.42 284.0
2460860.72971 16.846 0.008 4.43 298.0
2460862.53131 16.880 0.013 6.92 543.0
2460868.61928 16.920 0.012 5.72 681.0
2460869.70668 16.958 0.011 5.82 446.0
2460871.49464 16.930 0.012 7.69 285.0
2460873.49881 16.931 0.010 5.93 361.0
2460874.62015 16.921 0.008 4.59 289.0
2460875.69927 16.970 0.010 5.21 297.0
2460877.53537 16.932 0.009 5.36 317.0
2460879.55637 16.949 0.008 4.88 274.0
2460880.79336 16.996 0.013 6.65 473.0
2460882.71494 16.967 0.010 6.42 322.0
2460885.76313 16.959 0.010 6.03 298.0
2460895.64879 17.012 0.014 6.02 682.0
2460898.52928 17.004 0.012 6.08 374.0
2460899.66223 16.992 0.010 4.95 359.0
2460901.54821 16.988 0.012 5.85 362.0
2460904.55537 16.991 0.011 6.44 351.0
2460911.66078 16.988 0.013 7.48 386.0
2460913.68850 16.982 0.010 5.32 322.0
2460915.66861 16.978 0.009 5.44 288.0
2460923.61840 16.986 0.014 6.56 679.0
2460924.62658 16.963 0.012 6.14 661.0
2460925.50839 16.991 0.013 6.47 551.0
2460925.55570 16.991 0.016 7.65 574.0
2460925.60284 16.982 0.015 7.07 638.0
2460925.64976 16.989 0.015 7.13 755.0
2460926.50906 17.001 0.014 6.80 581.0
2460926.55622 17.009 0.014 6.45 622.0
2460926.60738 17.009 0.016 7.33 726.0
2460927.50507 16.980 0.010 4.97 488.0
2460927.55230 17.011 0.011 5.47 514.0
2460927.60004 17.002 0.014 6.87 558.0
2460928.50743 16.990 0.010 5.24 338.0
2460928.55440 17.011 0.011 5.87 421.0
2460928.60161 16.998 0.012 6.23 483.0
2460928.64864 17.024 0.014 6.89 576.0
2460929.53284 17.007 0.010 4.79 345.0
2460929.58008 17.006 0.010 4.94 381.0
2460929.62704 16.975 0.011 5.81 481.0
2460930.50992 16.993 0.009 4.88 367.0
2460930.55699 17.009 0.010 4.89 398.0
2460930.60393 16.996 0.011 6.16 484.0
2460930.65117 17.011 0.013 6.47 632.0
2460931.52138 17.000 0.011 6.67 332.0
2460931.57362 16.996 0.012 6.62 358.0
2460931.62454 16.996 0.010 6.17 338.0
2460932.54399 17.001 0.011 6.05 389.0
2460932.59125 17.023 0.012 6.90 392.0
2460933.53585 17.005 0.010 5.43 425.0
2460933.58329 17.029 0.012 6.20 505.0
2460934.53643 16.971 0.009 4.42 433.0
2460934.58499 16.972 0.010 4.94 460.0
2460937.49627 16.989 0.013 6.81 395.0
2460942.57309 16.992 0.011 6.31 321.0
2460950.50048 17.005 0.014 6.62 588.0
2460953.57450 16.999 0.016 7.25 667.0
2460957.55582 16.955 0.012 6.19 648.0
2460965.53769 16.994 0.014 6.70 509.0
