2457790.87680 20.864 0.294 5.02 573.0
2457792.86848 20.487 0.249 6.19 599.0
2457793.86558 20.748 0.250 4.67 583.0
2457796.88222 20.798 0.261 4.26 656.0
2457798.88750 20.661 0.290 4.96 719.0
2457800.87736 20.656 0.228 4.84 480.0
2457807.85532 20.598 0.211 5.37 366.0
2457808.89338 20.884 0.283 4.81 477.0
2457810.85042 20.611 0.202 5.00 395.0
2457812.83615 20.867 0.249 4.72 435.0
2457812.88260 20.930 0.224 3.93 403.0
2457813.82712 20.827 0.255 4.89 472.0
2457814.83671 20.823 0.225 4.59 389.0
2457814.88446 20.734 0.187 4.17 344.0
2457816.88550 20.681 0.205 5.03 325.0
2457817.83682 20.677 0.223 5.05 431.0
2457817.88208 20.966 0.233 4.14 389.0
2457818.86815 20.638 0.176 4.16 355.0
2457819.80288 20.694 0.227 5.44 373.0
2457819.84792 20.883 0.230 4.48 335.0
2457819.90026 20.621 0.192 4.65 381.0
2457820.85740 20.778 0.211 4.15 398.0
2457820.90230 20.985 0.259 4.27 409.0
2457823.89734 20.800 0.250 4.82 452.0
2457825.84051 20.707 0.242 4.75 527.0
2457826.88874 20.734 0.269 5.08 515.0
2457827.90709 20.718 0.226 4.20 512.0
2457828.83166 20.632 0.237 5.06 508.0
2457828.87627 20.836 0.247 4.41 452.0
2457830.82219 20.675 0.292 5.08 759.0
2457830.90388 20.624 0.201 4.28 514.0
2457834.85037 20.576 0.219 5.54 366.0
2457834.89795 20.757 0.221 4.92 355.0
2457835.77138 20.719 0.288 6.67 327.0
2457835.84914 20.514 0.258 7.16 321.0
2457837.84687 20.748 0.204 4.88 298.0
2457837.89395 20.641 0.167 4.52 311.0
2457838.82494 20.427 0.156 4.75 348.0
2457838.87206 21.006 0.251 4.50 340.0
2457839.80151 20.780 0.180 4.27 278.0
2457839.84789 20.970 0.212 4.40 276.0
2457839.90026 20.755 0.162 3.99 275.0
2457840.81167 20.649 0.221 6.06 291.0
2457840.86238 20.940 0.270 5.36 289.0
2457840.91090 20.558 0.158 4.38 326.0
2457841.88174 20.379 0.233 7.15 325.0
2457842.73480 20.625 0.261 6.79 332.0
2457842.82703 20.743 0.227 5.54 297.0
2457842.87372 20.819 0.238 5.32 319.0
2457843.75004 21.024 0.294 5.74 300.0
2457843.89909 20.937 0.240 5.26 267.0
2457844.80178 20.900 0.232 5.10 284.0
2457844.89570 20.802 0.256 6.02 300.0
2457845.79507 20.760 0.202 4.78 311.0
2457845.84122 21.022 0.237 4.46 284.0
2457845.88840 21.061 0.277 5.21 291.0
2457846.74155 20.642 0.261 6.60 315.0
2457846.78717 20.894 0.242 5.04 278.0
2457846.83313 20.579 0.178 5.17 284.0
2457846.87963 20.729 0.188 4.69 299.0
2457847.81306 20.822 0.239 5.50 296.0
2457847.86953 20.634 0.235 6.16 294.0
2457848.79615 20.657 0.197 5.41 286.0
2457848.84239 20.955 0.236 4.98 287.0
2457848.90091 20.950 0.221 4.60 276.0
2457849.77888 20.609 0.165 4.41 335.0
2457849.82461 20.636 0.168 4.34 295.0
2457849.88211 20.865 0.178 3.96 289.0
2457850.80630 20.938 0.291 5.45 359.0
2457850.86343 20.709 0.184 4.68 303.0
2457850.91151 20.830 0.230 4.99 317.0
2457851.83949 21.001 0.261 4.52 359.0
2457851.89898 21.065 0.259 4.58 292.0
2457853.90160 20.624 0.262 6.31 382.0
2457854.74700 20.812 0.276 4.75 567.0
2457854.80234 20.759 0.243 4.47 505.0
2457854.85054 21.010 0.280 4.05 476.0
2457854.89944 20.737 0.210 3.90 485.0
2457855.74566 20.623 0.235 4.51 639.0
2457855.84021 20.620 0.239 4.98 534.0
2457855.89960 20.673 0.199 3.90 504.0
2457858.78494 20.399 0.196 5.13 486.0
2457858.82161 20.822 0.281 4.97 507.0
2457862.90541 20.873 0.286 5.29 377.0
2457863.77389 20.564 0.218 5.88 326.0
2457863.90631 20.790 0.234 4.82 358.0
2457864.73246 20.593 0.151 4.39 295.0
2457864.81340 21.044 0.197 3.67 303.0
2457864.86680 20.690 0.160 3.78 320.0
2457864.91590 20.734 0.183 3.92 355.0
2457865.70539 20.874 0.230 4.90 326.0
2457865.75099 20.888 0.268 5.46 321.0
2457865.80795 20.660 0.164 4.14 322.0
2457865.87396 21.125 0.271 4.19 374.0
2457865.92195 20.857 0.252 4.23 452.0
2457866.71666 20.878 0.230 4.79 334.0
2457866.76315 20.866 0.212 4.27 311.0
2457866.82861 21.004 0.204 3.98 311.0
2457866.88043 20.857 0.184 3.64 347.0
2457866.92767 20.940 0.252 3.69 557.0
2457867.73556 20.908 0.199 4.14 300.0
2457867.78224 20.998 0.211 3.98 282.0
2457867.84900 20.769 0.167 3.87 298.0
2457867.89835 20.630 0.153 3.85 301.0
2457869.67314 20.551 0.205 6.08 326.0
2457869.72941 20.872 0.241 5.18 324.0
2457869.77557 21.097 0.238 4.10 304.0
2457869.89194 20.973 0.212 3.67 361.0
2457870.70309 20.777 0.201 4.96 311.0
2457870.75631 20.873 0.171 3.87 285.0
2457870.81243 20.943 0.217 4.51 297.0
2457870.87073 20.967 0.216 4.06 313.0
2457870.91829 20.481 0.159 4.25 330.0
2457871.73648 21.075 0.238 4.11 357.0
2457871.85503 20.881 0.191 3.85 313.0
2457871.90872 20.617 0.176 4.21 355.0
2457872.68294 20.897 0.232 4.84 353.0
2457872.75173 21.008 0.205 3.64 337.0
2457872.81911 20.884 0.157 3.33 324.0
2457872.88236 20.810 0.173 3.44 348.0
2457872.93161 20.760 0.269 3.98 763.0
2457873.70064 20.897 0.229 4.90 350.0
2457873.74665 20.770 0.177 4.06 326.0
2457873.79351 21.196 0.234 3.86 293.0
2457873.86269 20.485 0.152 3.97 352.0
2457873.91334 20.819 0.227 4.54 356.0
2457874.67617 20.721 0.279 6.52 383.0
2457874.78762 20.686 0.252 5.90 352.0
2457874.88537 20.910 0.237 4.34 396.0
2457874.93180 20.388 0.215 5.30 611.0
2457875.82443 21.022 0.231 3.87 563.0
2457875.92077 20.769 0.254 5.14 496.0
2457876.71875 20.909 0.285 5.10 407.0
2457876.77675 20.672 0.190 4.34 373.0
2457876.84105 20.701 0.196 4.18 370.0
2457876.88853 20.570 0.189 4.70 396.0
2457877.65002 20.492 0.196 5.14 474.0
2457877.69607 21.041 0.269 4.45 384.0
2457877.75267 20.879 0.199 3.88 333.0
2457877.81094 20.832 0.170 3.54 353.0
2457878.73707 21.218 0.265 3.69 390.0
2457878.79562 21.165 0.247 3.73 352.0
2457878.85600 20.840 0.187 3.76 355.0
2457878.90312 20.648 0.163 3.77 404.0
2457879.71210 20.647 0.287 6.28 417.0
2457879.75794 20.514 0.266 5.89 514.0
2457879.84918 20.396 0.216 6.24 374.0
2457881.80311 20.878 0.279 4.66 471.0
2457882.92780 20.690 0.234 4.82 444.0
2457890.86656 20.625 0.273 5.39 543.0
2457893.87926 20.515 0.187 4.74 396.0
2457894.65539 20.932 0.280 5.47 380.0
2457894.71085 20.941 0.210 4.16 329.0
2457894.81424 20.871 0.228 4.49 347.0
2457894.86107 20.577 0.188 4.49 378.0
2457894.90777 20.513 0.202 5.33 385.0
2457895.79706 20.911 0.264 4.91 400.0
2457897.76954 20.524 0.167 4.59 419.0
2457901.68292 20.625 0.238 6.22 362.0
2457902.68569 20.813 0.208 4.60 314.0
2457902.74570 20.845 0.217 4.63 326.0
2457903.80737 20.789 0.273 5.94 328.0
2457904.65266 20.337 0.196 6.68 319.0
2457904.70617 20.586 0.150 4.46 274.0
2457904.76558 21.015 0.213 4.00 284.0
2457904.81387 21.100 0.257 4.52 312.0
2457905.61919 20.796 0.233 5.20 345.0
2457905.66574 20.981 0.222 4.20 312.0
2457905.72145 21.128 0.242 4.07 299.0
2457905.77980 20.852 0.202 3.98 331.0
2457905.82708 20.761 0.199 4.19 379.0
2457905.93047 20.784 0.298 5.57 490.0
2457906.62913 20.746 0.212 4.66 358.0
2457906.68620 20.802 0.189 3.98 356.0
2457906.74252 20.952 0.189 3.60 341.0
2457906.79263 20.793 0.196 3.76 389.0
2457906.83963 20.856 0.237 4.19 427.0
2457906.88637 20.894 0.295 4.91 506.0
2457907.72595 20.959 0.275 4.45 496.0
2457907.76561 20.860 0.246 4.40 422.0
2457908.64556 20.727 0.274 5.44 486.0
2457908.70096 20.887 0.247 4.44 430.0
2457908.85335 21.006 0.280 4.72 381.0
2457908.89980 20.676 0.265 5.25 500.0
2457909.62582 20.626 0.228 4.54 503.0
2457909.68241 20.840 0.228 4.04 446.0
2457909.72948 20.708 0.186 3.70 456.0
2457909.77797 20.493 0.198 4.11 598.0
2457909.82518 20.495 0.184 4.27 541.0
2457909.90967 20.139 0.168 5.38 624.0
2457910.68197 20.762 0.227 4.47 456.0
2457910.74187 20.801 0.219 4.08 427.0
2457910.78915 20.691 0.200 4.05 475.0
2457911.68682 20.417 0.204 5.03 528.0
2457916.69042 20.494 0.236 4.28 918.0
2457916.77940 20.661 0.284 3.89 1133.0
2457916.86739 20.221 0.281 5.26 1320.0
2457917.81718 20.492 0.269 5.85 576.0
2457917.86270 20.663 0.299 5.33 657.0
2457918.67136 20.279 0.191 4.49 848.0
2457922.68865 21.096 0.262 4.46 339.0
2457923.60166 20.723 0.258 5.82 377.0
2457923.64758 20.664 0.247 6.02 351.0
2457923.81735 20.493 0.232 5.77 422.0
2457924.61451 20.789 0.227 5.05 329.0
2457924.65893 20.838 0.227 4.80 324.0
2457924.81823 20.796 0.223 4.24 402.0
2457924.86472 20.813 0.256 4.83 463.0
2457925.59261 20.576 0.221 6.04 323.0
2457925.63854 20.972 0.244 4.82 308.0
2457925.70251 20.867 0.208 4.36 297.0
2457925.75929 20.779 0.250 5.42 316.0
2457925.80704 20.826 0.278 5.83 328.0
2457925.85920 20.587 0.255 6.21 397.0
2457926.57635 20.561 0.297 7.46 360.0
2457926.81216 20.796 0.290 5.95 384.0
2457928.57400 20.688 0.274 6.04 422.0
2457928.67208 20.889 0.232 4.63 341.0
2457932.62216 20.922 0.292 5.44 350.0
2457932.67997 20.537 0.248 6.69 335.0
2457932.73144 20.754 0.235 5.49 309.0
2457932.83215 20.581 0.249 6.22 397.0
2457933.61159 20.860 0.280 5.83 310.0
2457933.65869 20.739 0.296 7.16 280.0
2457933.71768 20.627 0.210 5.84 275.0
2457933.77491 20.572 0.274 7.48 300.0
2457934.51611 20.797 0.264 5.76 395.0
2457934.60753 20.771 0.200 4.52 315.0
2457934.68240 20.864 0.210 4.51 312.0
2457934.71445 20.720 0.182 4.48 314.0
2457934.76185 20.819 0.269 5.40 345.0
2457935.50095 20.549 0.235 5.99 440.0
2457935.54736 21.032 0.280 5.01 363.0
2457935.60435 20.764 0.213 4.87 332.0
2457935.71102 20.660 0.184 4.27 307.0
2457935.75791 21.110 0.234 4.00 284.0
2457935.80426 20.729 0.172 4.10 295.0
2457935.86714 20.571 0.169 4.64 345.0
2457936.50892 20.631 0.266 6.18 408.0
2457936.55534 21.005 0.276 4.78 362.0
2457936.60379 20.759 0.218 5.01 313.0
2457936.66579 20.941 0.245 4.86 299.0
2457936.77994 20.732 0.219 5.50 280.0
2457937.59251 20.571 0.226 5.68 379.0
2457937.63974 20.797 0.222 4.91 330.0
2457937.69804 20.865 0.216 4.34 338.0
2457937.75597 20.743 0.240 5.39 340.0
2457944.58459 20.751 0.251 4.29 604.0
2457944.67183 20.685 0.257 4.62 529.0
2457945.52931 20.696 0.299 5.78 537.0
2457945.57718 20.777 0.232 4.49 448.0
2457945.62358 20.802 0.188 3.69 429.0
2457945.67243 20.613 0.180 4.03 410.0
2457945.72027 21.024 0.239 3.77 423.0
2457945.76733 20.972 0.286 4.63 492.0
2457946.51052 20.795 0.249 5.36 339.0
2457946.61533 20.481 0.183 4.85 402.0
2457946.68102 20.635 0.192 4.41 382.0
2457946.72880 20.854 0.263 4.89 388.0
2457946.77706 20.219 0.204 6.62 401.0
2457947.56701 20.654 0.244 6.37 336.0
2457947.61500 20.912 0.294 5.94 347.0
2457947.75909 20.480 0.234 6.34 385.0
2457947.79705 20.373 0.240 6.90 432.0
2457948.52056 20.718 0.241 5.66 342.0
2457948.58773 20.651 0.190 5.06 296.0
2457948.68687 20.438 0.182 4.60 507.0
2457948.75735 20.809 0.247 5.08 407.0
2457949.59265 20.661 0.275 5.62 492.0
2457949.64694 20.803 0.297 6.15 388.0
2457952.76465 20.795 0.269 5.86 294.0
2457952.81082 20.743 0.289 6.41 332.0
2457953.48803 20.585 0.267 6.37 402.0
2457953.53844 20.491 0.145 4.40 325.0
2457953.60720 20.896 0.219 4.58 300.0
2457953.66377 20.815 0.220 5.09 282.0
2457953.71304 20.866 0.197 4.47 254.0
2457953.76410 20.858 0.244 5.44 297.0
2457954.50453 20.905 0.260 4.66 480.0
2457954.55567 20.784 0.199 4.39 335.0
2457954.63073 20.856 0.196 4.26 272.0
2457954.68409 21.124 0.271 4.59 274.0
2457954.74886 21.212 0.297 4.61 333.0
2457955.75886 20.910 0.255 5.50 315.0
2457956.50934 20.833 0.260 4.95 401.0
2457956.56786 20.744 0.185 4.22 314.0
2457956.62342 20.995 0.244 4.81 278.0
2457956.68564 20.746 0.194 4.51 307.0
2457956.73426 20.998 0.295 5.54 326.0
2457957.69340 20.725 0.273 6.50 326.0
2457958.62777 20.778 0.297 6.53 321.0
2457958.71792 20.683 0.267 6.51 339.0
2457959.47584 20.631 0.213 5.37 414.0
2457959.51220 20.790 0.210 4.85 333.0
2457959.56054 20.662 0.165 4.30 314.0
2457959.61125 20.671 0.175 4.54 300.0
2457959.66120 20.903 0.224 4.77 281.0
2457959.71081 21.076 0.275 5.13 295.0
2457959.79835 20.796 0.297 6.65 351.0
2457960.50005 20.859 0.269 5.46 344.0
2457960.54901 20.775 0.192 4.57 284.0
2457960.61666 20.846 0.227 5.20 331.0
2457960.66800 21.114 0.298 5.59 271.0
2457960.71843 20.655 0.215 5.68 295.0
2457960.77809 20.618 0.223 6.14 307.0
2457961.61023 20.694 0.192 4.86 351.0
2457961.70439 20.399 0.170 5.70 396.0
2457962.50785 20.889 0.253 5.07 341.0
2457962.55800 20.481 0.142 4.24 332.0
2457964.54748 20.708 0.227 4.98 367.0
2457964.59198 20.951 0.277 5.02 350.0
2457964.69427 20.811 0.240 5.35 338.0
2457965.68479 20.743 0.201 4.58 371.0
2457966.62878 20.524 0.219 6.08 325.0
2457966.67740 20.718 0.282 6.45 319.0
2457967.67792 20.562 0.292 7.00 404.0
2457971.61305 20.662 0.297 5.16 632.0
2457971.65180 20.707 0.250 4.30 633.0
2457974.61103 20.713 0.247 4.87 438.0
2457974.70880 20.386 0.218 5.53 527.0
2457979.49748 20.558 0.166 4.51 349.0
2457979.55630 20.763 0.196 4.43 340.0
2457979.66753 20.923 0.227 4.17 361.0
2457980.51437 20.847 0.286 5.25 405.0
2457981.51520 20.706 0.238 5.19 388.0
2457981.59667 20.941 0.265 4.49 364.0
2457981.64377 20.494 0.201 5.11 391.0
2457982.63328 20.807 0.287 5.96 362.0
2457983.59242 20.531 0.191 5.59 329.0
2457983.63777 20.942 0.242 4.93 322.0
2457984.58711 20.718 0.227 4.91 338.0
2457984.63432 20.802 0.246 5.21 336.0
2457986.48865 20.817 0.215 4.62 365.0
2457986.56004 20.747 0.176 4.15 312.0
2457986.61110 21.145 0.281 4.63 326.0
2457987.51396 20.942 0.203 3.87 337.0
2457987.57119 20.531 0.168 4.12 383.0
2457987.62787 20.954 0.235 4.72 361.0
2457991.49171 20.667 0.207 4.83 383.0
2457991.54216 20.664 0.285 6.53 368.0
2457991.60947 20.513 0.230 6.39 339.0
2457992.50850 20.848 0.241 4.85 359.0
2457992.55660 20.732 0.195 4.59 349.0
2457992.61201 20.447 0.170 5.13 351.0
2457993.47568 20.474 0.261 5.60 649.0
2457993.52471 20.728 0.239 5.19 383.0
2457993.57212 20.832 0.250 5.07 374.0
2457993.61902 21.048 0.297 5.27 330.0
2457994.58411 20.372 0.185 5.87 408.0
2458000.55741 20.395 0.224 6.05 508.0
2458001.47618 20.497 0.285 4.92 908.0
2458001.52510 20.524 0.183 4.38 473.0
2458001.57174 20.843 0.290 5.12 524.0
2458001.61795 20.758 0.279 5.34 537.0
2458004.51771 20.595 0.252 5.80 450.0
2458008.51576 20.775 0.298 6.17 378.0
2458012.49624 20.954 0.268 4.54 430.0
2458012.55288 20.667 0.235 5.24 453.0
2458013.54101 21.021 0.281 4.53 425.0
2458016.50949 20.720 0.295 6.31 428.0
2458017.51923 20.599 0.222 5.72 385.0
2458018.52974 20.717 0.240 5.34 384.0
2458019.48090 20.558 0.256 4.72 713.0
2458020.55907 20.703 0.259 5.14 387.0
2458029.52263 20.218 0.228 5.61 683.0
2458162.86035 20.788 0.229 5.09 414.0
2458163.85094 20.414 0.229 6.06 512.0
2458164.88452 20.947 0.281 4.88 465.0
2458165.87065 20.740 0.239 5.47 427.0
2458166.85242 20.663 0.287 6.77 406.0
2458167.86395 20.667 0.213 5.03 409.0
2458168.87174 20.620 0.195 4.71 353.0
2458169.87126 20.357 0.164 4.74 399.0
2458170.83063 20.899 0.254 4.84 414.0
2458170.86836 21.044 0.264 4.61 376.0
2458171.86494 20.668 0.193 4.30 394.0
2458172.82531 20.675 0.240 5.45 431.0
2458173.86004 20.940 0.277 4.60 471.0
2458174.84755 20.926 0.278 4.79 508.0
2458174.88487 21.010 0.258 4.01 433.0
2458175.83327 20.845 0.222 4.31 406.0
2458176.81397 20.445 0.225 5.31 596.0
2458176.85160 21.046 0.292 4.72 415.0
2458176.88970 20.792 0.230 4.57 395.0
2458183.80563 20.604 0.268 5.51 631.0
2458184.85281 20.852 0.283 4.54 564.0
2458189.83307 20.833 0.249 4.85 377.0
2458190.82304 21.127 0.251 4.41 305.0
2458190.87974 20.754 0.158 3.94 305.0
2458191.89778 20.675 0.221 5.41 343.0
2458192.80087 20.744 0.290 5.99 402.0
2458192.90495 20.902 0.216 4.15 348.0
2458193.86663 20.981 0.275 5.37 301.0
2458193.91309 20.471 0.283 4.75 1021.0
2458194.81274 20.697 0.210 5.18 314.0
2458194.85915 20.821 0.199 4.50 297.0
2458195.80173 20.900 0.276 5.51 351.0
2458195.84858 20.698 0.216 5.23 334.0
2458195.90519 20.809 0.188 3.91 340.0
2458196.80142 20.730 0.201 4.34 327.0
2458196.84784 20.902 0.252 5.04 304.0
2458196.90324 21.037 0.286 5.33 316.0
2458197.82869 20.936 0.230 4.77 326.0
2458197.88381 20.672 0.181 4.69 327.0
2458198.75718 20.497 0.155 4.70 352.0
2458198.80041 20.710 0.203 5.03 353.0
2458198.84592 20.817 0.217 4.53 352.0
2458198.90120 20.721 0.214 4.44 394.0
2458199.76449 20.759 0.261 5.85 341.0
2458199.86492 20.435 0.142 4.52 319.0
2458200.82710 20.795 0.206 4.74 370.0
2458200.88270 20.786 0.199 4.15 374.0
2458202.85979 21.028 0.251 4.56 351.0
2458202.90637 20.895 0.218 4.19 356.0
2458203.76537 21.027 0.291 5.51 345.0
2458203.81108 20.816 0.199 4.42 320.0
2458203.85741 20.840 0.223 4.59 324.0
2458203.91239 20.891 0.201 3.87 422.0
2458204.81949 20.534 0.204 5.65 351.0
2458204.87431 20.606 0.223 5.93 308.0
2458205.81909 20.584 0.235 6.08 353.0
2458205.88764 21.007 0.291 5.18 325.0
2458206.78525 20.922 0.251 4.64 463.0
2458206.83089 20.875 0.207 4.12 403.0
2458206.88579 20.706 0.157 3.96 301.0
2458207.78113 20.369 0.161 4.47 512.0
2458207.82651 20.602 0.196 4.60 449.0
2458207.87320 20.824 0.199 3.92 399.0
2458208.77755 20.695 0.242 4.31 668.0
2458208.86892 20.712 0.228 4.46 518.0
2458209.72682 20.425 0.242 5.36 751.0
2458209.82090 20.792 0.230 4.09 510.0
2458209.86656 20.891 0.234 3.81 498.0
2458209.91262 20.851 0.271 4.56 507.0
2458210.80152 20.709 0.221 4.27 525.0
2458210.84745 20.397 0.174 4.58 497.0
2458211.81688 20.788 0.295 5.30 521.0
2458211.86264 20.883 0.241 4.11 497.0
2458212.78010 20.507 0.249 4.02 1107.0
2458212.82310 20.738 0.210 3.80 573.0
2458212.86878 21.120 0.295 3.90 552.0
2458217.80263 20.278 0.179 5.71 415.0
2458217.85843 20.597 0.171 4.41 333.0
2458217.90824 20.643 0.212 5.07 349.0
2458220.85051 20.728 0.155 4.17 276.0
2458220.90999 21.080 0.251 4.04 338.0
2458221.74331 20.962 0.244 4.93 284.0
2458221.78243 20.691 0.183 4.65 285.0
2458222.70146 20.670 0.200 4.99 370.0
2458222.74746 20.531 0.143 4.17 305.0
2458222.79640 20.700 0.172 4.33 286.0
2458222.92113 20.803 0.240 4.46 424.0
2458223.82700 20.226 0.149 5.31 314.0
2458223.88174 20.662 0.187 4.28 324.0
2458224.80148 20.954 0.260 4.92 348.0
2458224.86200 20.782 0.213 4.42 349.0
2458224.91118 20.704 0.191 4.38 328.0
2458226.83768 20.755 0.295 6.57 310.0
2458227.74314 20.596 0.182 4.93 296.0
2458227.81209 20.716 0.174 4.39 282.0
2458227.86908 20.968 0.214 3.94 302.0
2458227.91743 20.982 0.247 4.27 351.0
2458228.81351 20.856 0.204 4.64 292.0
2458228.89132 21.237 0.261 3.79 304.0
2458229.69643 20.823 0.228 5.05 348.0
2458229.75209 20.820 0.177 4.24 290.0
2458229.80958 21.016 0.206 4.03 267.0
2458229.86054 20.994 0.226 4.49 281.0
2458229.90805 21.135 0.227 3.53 309.0
2458230.71378 20.836 0.273 6.01 338.0
2458230.76216 20.890 0.222 4.80 318.0
2458230.82127 20.971 0.193 3.81 299.0
2458230.88227 20.541 0.150 4.13 308.0
2458231.81520 21.060 0.253 4.25 327.0
2458233.69590 20.679 0.223 4.80 449.0
2458233.74554 21.118 0.296 4.39 389.0
2458233.84771 20.782 0.168 3.96 297.0
2458236.69740 20.844 0.285 4.96 583.0
2458236.82380 20.905 0.278 4.22 504.0
2458238.77407 20.281 0.165 3.86 814.0
2458238.82922 20.487 0.194 4.20 609.0
2458238.88414 20.788 0.257 3.37 908.0
2458244.68177 20.235 0.193 6.08 447.0
2458244.78617 20.466 0.169 4.47 419.0
2458245.84809 20.545 0.271 5.91 514.0
2458246.73599 20.587 0.212 5.31 380.0
2458246.78631 20.557 0.194 4.77 410.0
2458246.83925 20.854 0.259 4.66 449.0
2458247.66155 20.667 0.244 5.48 447.0
2458247.70884 21.012 0.276 5.05 364.0
2458247.75526 20.839 0.217 4.62 354.0
2458247.81510 20.994 0.275 4.37 430.0
2458249.76991 20.973 0.277 5.52 299.0
2458249.81955 20.771 0.226 5.00 344.0
2458249.88505 20.715 0.225 4.58 434.0
2458250.68435 20.788 0.176 4.62 283.0
2458250.73051 20.842 0.166 3.89 293.0
2458250.78690 20.963 0.169 3.49 311.0
2458250.84495 20.682 0.175 4.29 317.0
2458250.89420 20.994 0.225 3.79 359.0
2458251.66727 20.633 0.249 6.26 346.0
2458251.71387 20.770 0.259 5.93 317.0
2458251.82783 20.740 0.281 6.11 347.0
2458251.93701 20.695 0.290 4.99 652.0
2458252.93727 20.744 0.280 5.10 557.0
2458253.70927 20.798 0.218 4.93 320.0
2458253.75587 20.638 0.156 4.06 322.0
2458253.83429 20.927 0.226 4.21 347.0
2458254.62644 20.798 0.234 4.79 419.0
2458254.68438 20.773 0.202 4.95 327.0
2458254.74170 20.845 0.171 3.54 343.0
2458254.81855 20.901 0.184 3.42 340.0
2458254.86493 20.715 0.161 3.40 367.0
2458254.92308 20.605 0.168 3.65 439.0
2458255.63935 21.038 0.298 5.31 328.0
2458255.70057 20.526 0.177 4.74 317.0
2458255.75985 20.920 0.195 3.94 323.0
2458255.83951 20.686 0.200 4.32 378.0
2458255.88609 21.056 0.289 3.93 451.0
2458255.93194 20.618 0.248 4.99 490.0
2458256.69533 20.469 0.245 6.79 310.0
2458256.75399 20.782 0.251 5.51 318.0
2458256.80398 20.422 0.204 5.50 381.0
2458257.66025 20.811 0.252 5.07 385.0
2458257.85518 20.888 0.241 4.70 358.0
2458257.92732 20.659 0.199 4.28 442.0
2458258.75384 20.654 0.173 4.58 296.0
2458258.81279 20.629 0.164 3.90 308.0
2458258.87249 20.704 0.169 3.68 338.0
2458258.92623 20.869 0.202 3.97 408.0
2458259.73693 20.828 0.221 4.56 426.0
2458259.79597 20.839 0.216 4.23 389.0
2458259.84772 20.575 0.182 4.35 413.0
2458260.74653 20.957 0.217 4.25 361.0
2458260.89574 20.491 0.170 4.29 516.0
2458261.63365 20.866 0.254 4.47 422.0
2458261.68645 20.564 0.200 4.84 357.0
2458261.74475 21.037 0.249 4.44 314.0
2458261.81654 20.503 0.159 4.03 327.0
2458261.88350 20.904 0.232 3.98 370.0
2458261.93065 20.784 0.249 4.52 459.0
2458262.63783 20.715 0.203 4.75 355.0
2458262.68853 20.925 0.215 4.43 319.0
2458262.73818 20.816 0.180 4.06 309.0
2458262.79118 20.695 0.161 4.01 273.0
2458262.85844 20.778 0.204 4.63 295.0
2458263.62400 20.801 0.198 3.92 446.0
2458263.67819 20.936 0.222 3.99 410.0
2458263.73083 21.094 0.218 3.72 349.0
2458263.79451 20.642 0.158 3.69 406.0
2458263.84832 21.104 0.186 3.20 268.0
2458263.91011 20.675 0.163 4.45 303.0
2458264.71162 20.835 0.208 3.76 465.0
2458264.76087 20.659 0.194 4.20 437.0
2458265.67325 20.786 0.288 4.85 520.0
2458265.72604 20.587 0.209 4.72 500.0
2458265.77802 20.598 0.183 3.75 501.0
2458265.84738 20.856 0.275 4.70 533.0
2458266.74820 20.246 0.222 6.09 576.0
2458272.66136 20.760 0.213 4.30 440.0
2458272.71857 20.760 0.240 4.82 419.0
2458272.76794 20.569 0.206 4.89 419.0
2458272.81923 20.469 0.182 4.43 457.0
2458272.91771 20.466 0.206 4.92 536.0
2458273.63660 20.730 0.204 4.55 392.0
2458273.68839 20.766 0.179 3.97 348.0
2458273.75658 20.617 0.166 4.30 330.0
2458273.80867 21.043 0.271 4.39 389.0
2458273.88341 20.691 0.222 4.68 422.0
2458274.56617 20.388 0.243 6.82 443.0
2458274.66464 20.635 0.284 7.18 325.0
2458275.73416 21.056 0.261 4.34 363.0
2458275.78660 20.775 0.207 4.25 376.0
2458275.83553 20.752 0.246 5.07 424.0
2458275.88805 20.704 0.270 5.42 498.0
2458276.56851 20.715 0.291 5.93 466.0
2458276.66353 20.554 0.153 4.51 293.0
2458276.72180 20.832 0.185 4.06 294.0
2458276.72406 20.952 0.201 4.04 308.0
2458276.82434 20.695 0.192 4.22 398.0
2458276.87330 20.562 0.284 6.33 471.0
2458277.61385 20.603 0.163 4.49 343.0
2458277.67384 20.888 0.208 4.66 288.0
2458277.72877 20.948 0.203 4.37 282.0
2458277.77987 20.787 0.202 4.20 321.0
2458277.88063 20.780 0.212 4.07 436.0
2458278.56295 20.782 0.235 5.13 412.0
2458278.61058 20.944 0.235 5.04 347.0
2458278.68137 20.970 0.234 4.41 356.0
2458278.81126 21.096 0.271 4.02 484.0
2458282.54900 20.889 0.278 5.26 387.0
2458282.64510 20.976 0.226 4.78 280.0
2458282.70521 20.742 0.153 4.10 260.0
2458282.77396 20.971 0.203 4.19 288.0
2458282.82938 21.008 0.248 4.37 343.0
2458282.87790 20.858 0.223 4.24 385.0
2458282.92188 20.632 0.216 4.92 447.0
2458283.60824 20.871 0.243 5.48 299.0
2458283.66402 20.729 0.189 4.77 313.0
2458283.72383 20.492 0.169 5.48 281.0
2458283.77503 20.825 0.198 4.06 346.0
2458283.82203 20.892 0.247 4.60 366.0
2458284.56180 20.950 0.276 5.29 378.0
2458284.60999 20.679 0.214 5.84 286.0
2458284.66590 20.646 0.169 4.63 311.0
2458284.72601 20.992 0.213 4.36 289.0
2458284.77556 20.463 0.139 4.20 292.0
2458284.82340 20.851 0.188 4.02 317.0
2458284.87246 20.713 0.203 4.47 367.0
2458285.75839 20.789 0.259 5.61 323.0
2458285.79398 20.743 0.198 4.20 330.0
2458286.66679 21.046 0.239 4.72 257.0
2458286.72869 20.949 0.244 4.87 268.0
2458286.79152 20.928 0.262 5.50 280.0
2458286.85197 21.023 0.239 4.16 317.0
2458286.90238 20.879 0.253 4.91 387.0
2458287.54825 20.914 0.225 4.21 352.0
2458287.59580 20.958 0.202 4.30 280.0
2458287.66001 20.909 0.167 3.93 258.0
2458287.71943 20.817 0.175 4.22 261.0
2458287.78347 20.625 0.168 4.74 255.0
2458287.84487 20.933 0.196 4.05 279.0
2458287.89293 20.870 0.214 4.09 378.0
2458288.52537 20.736 0.264 5.54 392.0
2458288.57100 20.909 0.246 5.04 323.0
2458288.62591 20.694 0.187 4.99 279.0
2458288.68310 20.998 0.192 3.85 256.0
2458288.75591 20.753 0.203 4.64 294.0
2458288.80453 20.454 0.147 4.32 288.0
2458288.86455 20.456 0.234 6.10 420.0
2458289.52006 20.433 0.227 5.89 490.0
2458289.56710 20.588 0.199 5.14 365.0
2458289.61541 20.777 0.181 4.12 343.0
2458289.69007 20.830 0.175 4.28 288.0
2458289.74910 20.746 0.169 3.87 304.0
2458289.80720 20.764 0.209 4.77 331.0
2458289.85506 20.708 0.216 4.80 360.0
2458290.56435 20.912 0.278 4.98 408.0
2458290.61458 20.727 0.232 5.35 358.0
2458290.67880 20.769 0.294 5.67 449.0
2458290.74582 20.778 0.206 4.42 318.0
2458290.80370 20.760 0.263 5.38 387.0
2458290.85200 20.788 0.258 5.28 415.0
2458291.55016 20.697 0.247 4.53 741.0
2458291.60779 20.678 0.246 4.80 619.0
2458291.67375 20.659 0.203 4.48 403.0
2458291.73519 20.915 0.247 4.21 389.0
2458291.79276 20.875 0.265 4.77 376.0
2458291.85347 20.445 0.193 4.83 414.0
2458292.61432 20.388 0.232 6.10 436.0
2458292.73026 20.686 0.202 4.15 391.0
2458292.79969 20.521 0.216 5.40 398.0
2458292.86396 20.882 0.262 4.55 443.0
2458293.62449 20.692 0.260 5.50 453.0
2458304.71400 20.481 0.277 6.89 468.0
2458305.66844 20.982 0.296 5.91 313.0
2458305.72381 20.941 0.272 5.26 329.0
2458306.72883 20.550 0.250 6.48 349.0
2458307.51309 20.630 0.210 5.19 399.0
2458307.57000 20.873 0.222 4.58 394.0
2458307.61937 20.777 0.186 4.63 297.0
2458307.67867 21.019 0.222 4.16 290.0
2458307.72630 20.445 0.136 4.06 301.0
2458307.78329 20.960 0.252 4.60 346.0
2458308.57662 21.195 0.283 4.86 257.0
2458308.63391 20.839 0.193 4.40 264.0
2458308.78667 20.521 0.229 5.74 398.0
2458309.50203 20.854 0.243 5.45 331.0
2458309.61025 20.754 0.193 4.83 284.0
2458309.66995 20.765 0.181 4.23 286.0
2458309.71804 20.752 0.189 4.66 281.0
2458309.76519 20.801 0.211 4.55 356.0
2458309.81156 20.521 0.184 5.08 388.0
2458310.58726 20.871 0.247 5.31 338.0
2458310.62556 20.598 0.144 4.20 318.0
2458310.66585 20.765 0.200 4.51 354.0
2458310.70064 20.801 0.215 4.74 351.0
2458310.74286 20.924 0.287 5.71 330.0
2458310.80129 20.791 0.249 5.42 362.0
2458311.51431 20.845 0.293 5.82 326.0
2458311.61162 20.576 0.175 5.25 277.0
2458311.66968 20.558 0.156 4.42 274.0
2458311.72745 20.664 0.170 3.98 311.0
2458311.77367 21.019 0.292 4.59 389.0
2458311.81986 20.630 0.205 4.57 433.0
2458312.48393 20.797 0.287 5.49 433.0
2458312.53062 20.653 0.211 5.22 348.0
2458312.58120 20.673 0.203 4.88 296.0
2458312.64299 20.989 0.256 5.06 261.0
2458312.70644 20.989 0.221 4.28 298.0
2458312.76212 20.656 0.157 4.45 275.0
2458312.81231 20.793 0.212 5.29 324.0
2458313.48538 20.575 0.185 4.53 435.0
2458313.53181 20.744 0.180 4.17 323.0
2458313.57989 20.705 0.149 4.39 271.0
2458313.63074 21.008 0.172 3.46 258.0
2458313.68646 20.918 0.198 3.84 315.0
2458313.73329 20.717 0.185 3.66 341.0
2458313.82358 20.662 0.233 5.11 465.0
2458314.54700 21.057 0.298 5.29 336.0
2458314.59477 20.762 0.226 5.33 322.0
2458314.65266 20.444 0.145 4.14 331.0
2458314.70945 20.923 0.256 4.83 339.0
2458314.75582 20.583 0.170 4.34 328.0
2458314.80161 20.657 0.210 5.78 337.0
2458316.48321 20.480 0.291 7.30 377.0
2458316.74107 20.497 0.289 7.22 378.0
2458320.48603 20.878 0.274 5.26 443.0
2458320.53302 20.768 0.231 5.04 387.0
2458320.58918 20.701 0.231 5.53 351.0
2458320.64822 20.901 0.207 4.24 346.0
2458320.69687 20.620 0.151 4.00 309.0
2458320.74301 20.863 0.238 4.89 342.0
2458320.78949 20.723 0.244 5.44 358.0
2458328.46847 20.196 0.289 7.11 709.0
2458328.56418 20.857 0.297 5.11 501.0
2458329.48343 20.772 0.257 5.08 409.0
2458329.68222 20.968 0.286 4.32 500.0
2458329.72824 20.872 0.252 3.87 541.0
2458329.77288 20.682 0.284 5.02 619.0
2458330.50477 21.038 0.286 4.90 452.0
2458330.55951 20.842 0.279 4.90 646.0
2458331.50117 20.883 0.245 5.01 327.0
2458331.55790 21.226 0.281 4.43 288.0
2458331.61724 20.902 0.237 4.77 344.0
2458331.66513 21.005 0.266 4.63 368.0
2458332.58508 20.520 0.178 5.03 348.0
2458332.68211 20.654 0.254 5.57 427.0
2458333.47389 20.720 0.276 5.14 514.0
2458333.52399 20.871 0.239 4.84 390.0
2458333.58209 21.153 0.295 5.05 324.0
2458333.64191 20.941 0.201 3.96 306.0
2458333.68970 20.602 0.179 4.55 337.0
2458334.52595 20.559 0.164 4.37 375.0
2458334.64279 20.769 0.191 4.04 365.0
2458334.68996 20.807 0.242 5.04 357.0
2458335.55410 20.615 0.222 5.04 448.0
2458335.66570 20.861 0.255 5.30 320.0
2458336.56948 20.729 0.207 5.00 269.0
2458336.63212 20.956 0.223 4.40 260.0
2458336.67967 20.707 0.155 3.89 266.0
2458338.48806 20.634 0.263 6.14 408.0
2458338.59016 20.944 0.296 5.84 318.0
2458338.64801 20.794 0.227 5.07 325.0
2458339.52243 20.772 0.172 3.91 324.0
2458339.58650 21.025 0.195 3.74 268.0
2458339.64421 20.885 0.211 4.53 265.0
2458340.53762 20.606 0.209 5.17 367.0
2458340.62946 20.766 0.193 4.12 325.0
2458340.72812 20.839 0.232 5.05 295.0
2458341.51268 20.968 0.253 4.16 360.0
2458341.56936 20.406 0.133 4.14 294.0
2458341.61939 20.942 0.185 3.53 265.0
2458341.73929 20.991 0.229 4.28 287.0
2458342.50867 20.914 0.270 5.29 315.0
2458342.65139 20.750 0.246 5.21 338.0
2458344.60300 21.049 0.274 4.22 352.0
2458345.53852 20.586 0.235 5.37 404.0
2458345.59841 20.524 0.175 4.68 308.0
2458345.68924 20.793 0.192 4.58 287.0
2458346.47921 20.810 0.294 5.48 359.0
2458346.54181 20.462 0.152 4.61 279.0
2458346.60248 20.857 0.227 4.53 279.0
2458346.72305 20.911 0.219 4.70 276.0
2458347.49072 20.715 0.216 4.89 303.0
2458347.70640 20.632 0.180 4.86 302.0
2458353.50996 20.431 0.291 5.36 895.0
2458355.62804 20.770 0.226 3.85 534.0
2458355.67470 20.641 0.280 5.44 581.0
2458356.55409 20.725 0.225 3.86 518.0
2458356.67412 20.749 0.244 4.39 566.0
2458357.48075 20.421 0.258 5.76 529.0
2458357.67240 20.579 0.215 4.31 533.0
2458360.56056 20.642 0.289 6.09 427.0
2458360.60761 20.366 0.227 6.08 443.0
2458360.67815 20.490 0.283 6.08 574.0
2458361.59759 20.544 0.278 7.37 335.0
2458363.51091 20.937 0.282 5.07 371.0
2458363.58081 20.771 0.218 4.99 327.0
2458364.49845 20.532 0.167 4.56 385.0
2458364.56809 20.836 0.198 4.19 362.0
2458364.64170 20.854 0.176 3.95 325.0
2458366.53059 21.050 0.285 4.67 329.0
2458367.56815 20.735 0.177 3.87 327.0
2458368.50612 21.082 0.252 3.88 331.0
2458368.58965 20.347 0.122 3.51 372.0
2458368.65614 20.406 0.143 4.26 372.0
2458369.59227 20.785 0.205 4.05 325.0
2458369.64021 20.630 0.205 5.06 362.0
2458370.66581 20.695 0.258 5.50 434.0
2458371.52746 20.827 0.181 3.71 322.0
2458371.58560 20.980 0.274 4.95 322.0
2458372.53158 20.618 0.194 4.48 350.0
2458372.63186 20.506 0.195 5.02 398.0
2458373.50457 20.764 0.258 5.11 334.0
2458382.49893 20.698 0.182 3.32 505.0
2458382.54964 20.894 0.264 3.79 523.0
2458382.59725 20.654 0.237 4.57 585.0
2458384.51187 20.692 0.292 5.32 533.0
2458385.53484 21.007 0.238 3.46 520.0
2458385.58213 20.800 0.205 3.81 536.0
2458385.62571 20.734 0.247 5.13 636.0
2458386.51457 20.738 0.268 4.39 503.0
2458390.53739 20.640 0.269 5.64 401.0
2458392.59538 20.719 0.289 6.10 390.0
2458398.51580 20.871 0.288 5.26 371.0
2458399.55883 20.437 0.269 7.33 468.0
2458521.87860 20.633 0.235 5.31 495.0
2458522.87314 20.248 0.145 5.04 415.0
2458523.87695 20.840 0.250 4.98 382.0
2458531.85835 20.343 0.212 6.43 407.0
2458533.88136 20.781 0.242 4.48 592.0
2458534.86947 20.689 0.259 5.07 574.0
2458539.87354 20.476 0.195 4.99 446.0
2458544.84228 21.073 0.249 4.36 321.0
2458544.88412 20.943 0.220 4.82 306.0
2458546.86005 20.626 0.182 4.63 330.0
2458546.89984 20.896 0.246 4.95 398.0
2458547.85495 20.483 0.172 5.40 321.0
2458548.81342 20.864 0.249 4.75 437.0
2458548.86226 20.903 0.213 4.18 365.0
2458549.84821 20.848 0.230 5.16 328.0
2458550.85126 20.655 0.175 4.50 327.0
2458550.89861 21.100 0.285 5.29 332.0
2458555.80935 21.011 0.273 4.99 359.0
2458555.84922 20.973 0.244 5.24 316.0
2458555.90830 20.612 0.242 5.31 597.0
2458556.80769 20.658 0.214 4.92 385.0
2458556.85637 20.984 0.253 4.84 325.0
2458556.89657 20.769 0.230 5.02 328.0
2458557.81251 20.833 0.289 5.90 356.0
2458557.85237 21.117 0.296 5.06 308.0
2458557.90278 20.802 0.255 5.17 363.0
2458558.80401 20.668 0.199 4.69 353.0
2458558.84350 20.661 0.182 4.70 328.0
2458558.89120 20.687 0.204 5.77 303.0
2458559.78633 20.888 0.291 5.62 369.0
2458559.82616 20.845 0.223 4.67 322.0
2458559.87483 20.983 0.203 3.85 300.0
2458560.81195 20.894 0.210 3.69 412.0
2458560.85968 21.195 0.259 4.16 315.0
2458560.89910 20.780 0.184 4.23 326.0
2458561.79137 20.785 0.262 4.87 505.0
2458561.84209 21.020 0.282 4.41 430.0
2458562.87264 20.160 0.174 5.59 525.0
2458563.80286 20.790 0.297 5.28 632.0
2458564.77492 20.448 0.214 4.97 580.0
2458564.82449 20.629 0.187 4.03 488.0
2458564.91459 20.604 0.244 4.01 928.0
2458566.84463 20.977 0.239 3.49 502.0
2458567.81322 20.836 0.235 3.95 534.0
2458567.88539 20.822 0.279 4.99 484.0
2458574.84568 20.779 0.294 6.61 302.0
2458574.88532 20.718 0.211 5.30 288.0
2458575.72893 20.657 0.254 6.25 333.0
2458575.77643 20.823 0.270 6.10 321.0
2458575.85410 20.946 0.278 5.39 313.0
2458576.78015 20.348 0.180 6.31 325.0
2458576.81768 20.709 0.230 5.90 311.0
2458576.90504 20.589 0.254 6.92 288.0
2458578.71597 20.424 0.215 6.17 375.0
2458578.75872 20.491 0.173 5.22 337.0
2458578.79817 20.541 0.172 4.94 347.0
2458578.84851 20.719 0.229 5.49 372.0
2458578.90617 21.111 0.294 4.88 337.0
2458579.72490 20.397 0.194 5.74 426.0
2458579.76476 20.721 0.230 4.95 419.0
2458579.80886 20.485 0.227 6.10 406.0
2458579.85689 20.608 0.224 5.32 423.0
2458580.72442 20.700 0.234 5.39 399.0
2458580.81865 20.941 0.299 6.08 330.0
2458581.78507 21.066 0.265 4.65 325.0
2458581.85051 20.973 0.229 4.59 320.0
2458582.72831 20.873 0.250 5.75 321.0
2458582.77150 20.668 0.201 5.59 322.0
2458582.89331 21.124 0.287 4.44 354.0
2458583.71293 20.822 0.281 5.90 375.0
2458583.75444 20.679 0.181 5.16 321.0
2458583.80190 20.849 0.221 5.35 322.0
2458583.87311 21.009 0.227 3.99 347.0
2458584.70136 20.508 0.200 5.31 400.0
2458584.80859 20.734 0.185 4.80 304.0
2458584.89761 20.749 0.157 3.62 282.0
2458585.71288 20.569 0.191 5.20 354.0
2458585.76405 20.792 0.236 5.83 335.0
2458585.81189 21.161 0.272 5.01 318.0
2458585.87061 20.831 0.186 3.93 326.0
2458586.69728 20.460 0.174 5.27 367.0
2458586.73326 20.970 0.244 4.68 320.0
2458586.78170 20.765 0.170 4.11 288.0
2458586.84864 21.042 0.204 3.86 287.0
2458586.90870 20.655 0.156 3.76 297.0
2458587.75683 20.988 0.278 5.55 336.0
2458587.80652 20.855 0.229 5.02 324.0
2458587.87975 20.831 0.188 3.88 354.0
2458588.70161 20.551 0.211 5.48 440.0
2458588.74494 21.154 0.289 5.05 370.0
2458588.79955 20.571 0.145 4.29 297.0
2458588.87909 20.736 0.144 3.32 312.0
2458588.93091 20.750 0.287 3.67 1048.0
2458589.77256 20.889 0.241 4.14 444.0
2458589.82092 20.992 0.260 4.24 388.0
2458589.89072 21.094 0.250 3.77 333.0
2458590.70011 20.662 0.251 5.27 600.0
2458590.74331 20.981 0.269 5.26 519.0
2458590.79119 20.703 0.177 4.17 459.0
2458590.86676 20.895 0.171 3.02 418.0
2458590.91966 20.809 0.212 3.79 431.0
2458591.72565 20.588 0.229 4.97 607.0
2458591.78824 20.876 0.226 4.04 529.0
2458591.84076 20.836 0.239 4.68 493.0
2458592.81506 20.781 0.293 5.25 607.0
2458592.86763 20.472 0.263 5.61 658.0
2458593.76322 20.414 0.248 5.64 773.0
2458593.90982 20.505 0.206 4.31 598.0
2458594.79171 20.510 0.202 5.37 556.0
2458594.89631 20.675 0.245 4.54 656.0
2458599.71765 20.547 0.238 5.95 438.0
2458599.86903 20.768 0.222 4.65 376.0
2458599.90790 20.885 0.223 4.23 380.0
2458600.75769 20.508 0.160 5.09 336.0
2458600.80881 20.764 0.204 5.17 348.0
2458600.87379 21.098 0.259 3.88 423.0
2458600.92012 21.036 0.243 3.65 427.0
2458601.68107 20.850 0.207 4.76 332.0
2458601.72665 20.762 0.207 5.17 364.0
2458601.78302 20.710 0.184 4.66 351.0
2458601.86311 20.548 0.134 3.17 376.0
2458602.66280 20.587 0.161 4.56 347.0
2458602.70036 20.495 0.129 4.11 300.0
2458602.74752 20.889 0.207 4.66 304.0
2458602.80141 20.966 0.244 4.54 328.0
2458602.88366 20.511 0.148 3.90 352.0
2458602.93017 20.853 0.248 3.62 602.0
2458603.79347 20.622 0.148 4.23 301.0
2458603.85613 20.675 0.175 4.13 328.0
2458603.90519 20.755 0.200 3.98 396.0
2458604.76176 20.563 0.209 5.72 319.0
2458604.86732 20.716 0.221 4.85 338.0
2458604.92499 20.879 0.247 4.48 378.0
2458605.73147 20.743 0.202 4.93 337.0
2458605.79224 20.587 0.234 6.04 337.0
2458605.91740 21.030 0.272 4.26 368.0
2458606.68060 20.629 0.175 4.51 327.0
2458606.72433 21.025 0.256 4.95 319.0
2458606.78541 21.001 0.189 3.74 308.0
2458606.84310 20.931 0.179 3.38 333.0
2458606.89089 20.759 0.164 3.49 355.0
2458607.69546 20.928 0.238 4.99 335.0
2458607.75884 20.787 0.193 4.46 315.0
2458607.80519 20.879 0.196 3.75 351.0
2458607.85448 20.694 0.187 4.05 362.0
2458607.89935 20.556 0.168 4.00 379.0
2458608.65066 20.816 0.277 4.79 591.0
2458608.79747 21.134 0.251 3.73 377.0
2458608.86370 20.706 0.174 3.82 382.0
2458612.72808 20.971 0.286 5.44 281.0
2458612.88126 20.646 0.280 6.32 374.0
2458612.92942 20.669 0.267 5.59 415.0
2458613.74889 21.042 0.259 4.44 329.0
2458613.81042 21.193 0.265 3.81 351.0
2458613.87018 21.194 0.296 3.89 417.0
2458613.91655 20.945 0.267 4.21 465.0
2458614.80574 20.244 0.152 4.90 387.0
2458615.64743 20.788 0.268 6.14 347.0
2458615.77013 21.146 0.260 4.18 305.0
2458615.82775 21.122 0.276 4.31 303.0
2458615.90013 20.654 0.174 3.88 349.0
2458616.68068 20.499 0.175 5.03 393.0
2458616.72702 20.852 0.199 3.95 381.0
2458616.78419 21.078 0.202 3.42 343.0
2458616.84440 20.844 0.198 3.82 354.0
2458616.89098 20.304 0.124 3.41 414.0
2458617.67732 20.675 0.215 5.06 411.0
2458617.72307 20.654 0.158 3.82 384.0
2458617.78456 20.669 0.145 3.55 342.0
2458617.85188 20.751 0.195 4.02 389.0
2458617.92559 20.948 0.240 3.54 477.0
2458618.68928 20.355 0.211 6.00 477.0
2458618.73640 20.860 0.273 5.08 449.0
2458619.68273 20.416 0.225 6.10 444.0
2458619.72932 20.734 0.272 5.57 434.0
2458619.87941 20.702 0.226 5.23 327.0
2458619.93028 20.693 0.235 5.44 357.0
2458620.80989 20.642 0.214 4.48 472.0
2458620.88230 20.851 0.272 4.63 473.0
2458621.84970 20.299 0.201 4.62 709.0
2458626.84486 20.605 0.274 5.42 578.0
2458626.88268 20.556 0.236 4.81 618.0
2458626.92002 20.417 0.202 4.49 633.0
2458627.68370 20.656 0.192 5.18 329.0
2458627.72195 20.748 0.175 4.16 331.0
2458627.81377 20.580 0.169 4.37 418.0
2458635.66676 20.883 0.224 4.96 289.0
2458635.76894 20.655 0.183 4.54 328.0
2458635.82721 20.967 0.262 4.56 368.0
2458635.87276 20.418 0.208 5.83 414.0
2458636.62328 20.809 0.267 5.76 342.0
2458636.66975 21.020 0.269 5.12 309.0
2458636.72493 21.161 0.279 4.58 301.0
2458636.78323 20.628 0.147 3.82 290.0
2458636.83007 21.002 0.241 4.44 312.0
2458636.87556 21.084 0.252 3.93 364.0
2458636.92160 20.913 0.266 4.66 456.0
2458637.58873 20.911 0.245 5.22 350.0
2458637.74019 20.647 0.153 3.90 307.0
2458637.79191 20.758 0.171 3.56 360.0
2458637.83844 20.569 0.149 3.63 383.0
2458637.88452 21.056 0.239 3.63 419.0
2458638.66138 20.502 0.142 4.82 304.0
2458638.71107 21.050 0.230 4.51 280.0
2458638.82479 20.977 0.198 3.71 317.0
2458639.68156 20.628 0.135 3.55 332.0
2458639.76579 20.799 0.184 3.90 315.0
2458639.84353 20.597 0.170 4.11 411.0
2458640.61572 20.846 0.244 5.61 313.0
2458640.66200 21.060 0.259 4.64 320.0
2458640.71953 21.265 0.274 3.87 325.0
2458640.78470 20.900 0.263 4.92 341.0
2458640.87817 20.426 0.198 5.27 411.0
2458641.63204 20.643 0.199 5.02 422.0
2458641.69447 20.610 0.150 3.91 352.0
2458642.76981 20.846 0.224 3.88 428.0
2458642.88040 20.917 0.296 4.61 471.0
2458643.54438 20.435 0.233 6.64 437.0
2458643.59566 20.644 0.171 4.85 359.0
2458643.64613 20.770 0.184 4.41 330.0
2458643.70292 21.108 0.209 3.48 336.0
2458643.76527 20.706 0.151 3.66 315.0
2458643.81206 20.669 0.160 3.89 324.0
2458643.85814 21.031 0.295 4.67 367.0
2458643.90505 20.825 0.230 4.40 410.0
2458644.56880 20.651 0.241 5.49 424.0
2458644.61166 20.712 0.255 5.89 366.0
2458644.66723 20.847 0.206 4.39 311.0
2458644.72590 20.815 0.196 4.52 325.0
2458644.87045 20.618 0.210 4.75 408.0
2458646.77307 20.746 0.211 4.71 344.0
2458646.81605 20.632 0.223 5.62 349.0
2458647.60186 20.581 0.264 6.07 475.0
2458647.64198 20.595 0.247 5.67 457.0
2458647.68871 20.829 0.295 5.61 421.0
2458648.83297 20.746 0.285 5.21 514.0
2458655.80524 20.243 0.202 4.75 1005.0
2458656.59514 20.653 0.206 5.20 443.0
2458656.70998 20.312 0.160 5.36 391.0
2458656.76756 20.781 0.248 5.58 420.0
2458656.82735 21.042 0.298 4.64 437.0
2458656.86808 20.934 0.293 4.88 502.0
2458657.55221 20.536 0.194 5.62 369.0
2458657.61805 20.942 0.226 4.60 297.0
2458657.66483 20.779 0.229 4.65 337.0
2458657.77081 20.843 0.191 4.06 299.0
2458657.81805 21.076 0.260 4.31 334.0
2458657.86330 20.997 0.293 4.87 392.0
2458658.58955 20.854 0.207 5.08 306.0
2458660.51767 20.525 0.239 6.66 334.0
2458660.67288 21.027 0.265 5.14 276.0
2458660.72511 20.783 0.185 4.25 279.0
2458660.78264 20.722 0.163 3.61 355.0
2458660.83089 20.784 0.228 4.44 446.0
2458661.62041 21.036 0.280 5.36 276.0
2458662.61276 20.832 0.295 6.24 306.0
2458664.57449 21.218 0.283 5.00 251.0
2458664.62431 20.577 0.147 4.72 236.0
2458664.67286 20.751 0.150 4.00 241.0
2458664.72384 21.248 0.231 3.85 253.0
2458664.77528 21.158 0.250 4.13 296.0
2458665.62083 20.532 0.187 5.47 376.0
2458666.56322 20.577 0.232 5.72 406.0
2458666.60956 20.391 0.196 6.11 325.0
2458666.65867 20.810 0.216 4.95 284.0
2458666.78719 20.721 0.260 6.23 296.0
2458667.68920 20.716 0.231 5.39 320.0
2458667.73842 20.870 0.192 3.97 288.0
2458668.49619 20.485 0.289 7.80 405.0
2458668.68761 21.223 0.260 4.33 253.0
2458668.73742 21.324 0.280 4.15 252.0
2458668.78422 21.127 0.264 4.54 272.0
2458669.57042 20.910 0.292 5.82 354.0
2458669.61809 20.659 0.214 5.22 361.0
2458669.73744 20.846 0.182 3.93 293.0
2458669.78539 20.889 0.171 3.33 333.0
2458669.83181 20.537 0.151 3.98 353.0
2458670.49293 20.582 0.202 5.37 406.0
2458670.56851 20.606 0.151 4.36 333.0
2458670.62488 20.846 0.179 4.16 271.0
2458670.68641 21.144 0.199 3.51 251.0
2458670.73511 21.086 0.211 3.88 260.0
2458670.78295 20.521 0.131 3.73 290.0
2458673.61654 20.355 0.139 4.71 331.0
2458673.68282 21.088 0.272 4.63 310.0
2458674.59236 20.761 0.267 6.11 308.0
2458674.63852 20.782 0.229 5.32 289.0
2458674.69174 20.792 0.208 4.58 311.0
2458674.74354 20.978 0.292 5.63 308.0
2458675.64342 20.944 0.200 3.41 424.0
2458675.68319 20.684 0.184 4.17 388.0
2458675.72224 20.895 0.237 4.36 403.0
2458675.75918 20.747 0.193 4.09 386.0
2458675.80524 20.672 0.183 4.52 333.0
2458676.54925 20.631 0.238 5.34 447.0
2458676.59634 20.721 0.222 4.81 418.0
2458676.68510 20.779 0.247 4.87 426.0
2458676.76053 20.782 0.230 4.25 485.0
2458681.55364 20.232 0.272 5.87 881.0
2458682.51061 20.165 0.169 5.04 598.0
2458682.54864 20.808 0.262 4.44 559.0
2458682.58847 20.492 0.244 5.25 599.0
2458682.70896 20.437 0.201 4.47 548.0
2458682.76174 20.394 0.258 5.98 613.0
2458683.59704 20.919 0.260 4.50 433.0
2458683.64656 20.734 0.261 5.31 420.0
2458683.68889 20.494 0.239 5.70 447.0
2458683.73266 20.637 0.216 4.61 440.0
2458684.60180 20.685 0.177 3.99 370.0
2458684.64677 20.967 0.289 4.82 437.0
2458684.75372 21.055 0.294 4.64 397.0
2458684.79469 20.817 0.241 4.62 434.0
2458685.60669 20.964 0.290 4.11 724.0
2458685.69150 20.809 0.224 5.08 329.0
2458688.57513 20.616 0.253 6.31 320.0
2458688.67351 20.597 0.178 5.07 263.0
2458688.75716 20.333 0.212 7.00 327.0
2458689.71978 20.876 0.264 5.81 288.0
2458690.60742 20.776 0.222 5.01 311.0
2458690.66209 20.734 0.165 3.87 293.0
2458690.70814 20.661 0.150 3.95 284.0
2458690.74625 20.896 0.257 5.24 300.0
2458691.47084 20.544 0.276 5.81 563.0
2458691.50896 21.119 0.229 4.28 308.0
2458691.54697 20.524 0.118 3.91 266.0
2458691.58648 21.053 0.206 4.08 255.0
2458691.63314 20.967 0.168 3.32 275.0
2458691.68364 20.717 0.175 4.00 345.0
2458691.73455 20.406 0.198 5.80 346.0
2458691.77250 20.677 0.278 6.47 343.0
2458692.51199 20.553 0.197 5.11 392.0
2458692.55688 20.749 0.197 4.24 432.0
2458692.67096 20.649 0.187 4.61 385.0
2458692.71224 20.984 0.289 5.16 324.0
2458692.75827 20.786 0.261 5.26 398.0
2458693.51295 20.636 0.277 7.26 311.0
2458693.55130 20.533 0.238 6.71 289.0
2458693.68734 20.544 0.181 5.15 291.0
2458694.47553 20.544 0.209 5.51 407.0
2458694.51575 21.030 0.294 5.27 342.0
2458694.55439 20.792 0.173 3.89 332.0
2458694.59575 20.920 0.233 4.80 297.0
2458694.63401 20.852 0.195 4.19 281.0
2458694.67236 20.690 0.150 3.76 264.0
2458694.76381 20.976 0.225 4.20 326.0
2458695.47531 20.776 0.252 5.37 420.0
2458695.51407 20.804 0.198 4.70 320.0
2458695.55445 20.411 0.163 5.40 298.0
2458695.59862 20.553 0.134 3.80 285.0
2458695.65536 21.001 0.192 3.89 252.0
2458695.70182 20.874 0.201 4.40 264.0
2458695.75053 20.847 0.176 3.85 313.0
2458697.54385 20.705 0.288 6.54 325.0
2458698.47506 20.438 0.195 5.99 370.0
2458698.51325 20.935 0.251 5.32 290.0
2458698.55340 21.123 0.234 4.05 268.0
2458698.60739 21.127 0.222 3.81 261.0
2458698.65003 21.108 0.241 4.20 254.0
2458698.69383 20.866 0.208 4.45 274.0
2458698.74443 21.072 0.242 4.13 300.0
2458699.47787 20.831 0.232 4.31 452.0
2458699.57258 20.783 0.149 3.68 269.0
2458699.62226 20.794 0.176 4.11 263.0
2458699.66585 20.881 0.183 3.83 279.0
2458699.70418 20.672 0.163 3.76 315.0
2458699.74946 20.749 0.174 3.84 305.0
2458700.47705 20.991 0.264 4.69 416.0
2458700.51604 20.564 0.144 4.12 308.0
2458700.57696 20.672 0.179 4.51 300.0
2458700.61710 20.604 0.168 4.11 321.0
2458700.67145 20.654 0.205 4.97 339.0
2458700.75436 20.843 0.260 5.17 384.0
2458701.47750 20.829 0.240 4.47 384.0
2458701.51765 20.737 0.214 4.89 336.0
2458701.57714 20.719 0.222 5.30 324.0
2458701.63426 20.752 0.199 4.14 355.0
2458701.67254 20.715 0.197 4.49 320.0
2458701.72377 20.563 0.199 5.02 350.0
2458702.51754 20.519 0.172 4.72 339.0
2458702.59113 20.617 0.189 4.97 306.0
2458702.62975 20.501 0.151 4.52 310.0
2458702.67744 20.788 0.211 4.85 333.0
2458702.73326 21.034 0.262 4.86 305.0
2458704.53365 20.493 0.288 6.74 462.0
2458704.63449 20.609 0.272 5.76 525.0
2458708.58439 20.842 0.217 3.50 591.0
2458708.61394 21.120 0.292 3.61 587.0
2458709.53538 20.774 0.271 3.26 1285.0
2458710.47711 20.438 0.224 5.10 637.0
2458711.58899 20.638 0.297 5.16 707.0
2458713.56110 20.815 0.274 5.21 407.0
2458713.72147 20.798 0.299 5.66 462.0
2458714.47961 20.530 0.240 6.18 361.0
2458714.52288 20.471 0.209 5.94 350.0
2458714.56933 20.641 0.227 5.22 376.0
2458715.49513 21.009 0.289 5.30 326.0
2458715.63510 20.804 0.194 4.32 316.0
2458715.67468 21.068 0.250 4.48 322.0
2458715.71610 20.554 0.220 5.56 429.0
2458716.48357 20.944 0.214 4.30 320.0
2458716.53438 20.778 0.154 3.52 290.0
2458716.58573 20.898 0.208 4.17 293.0
2458716.63082 21.001 0.204 3.93 290.0
2458716.67577 20.629 0.167 4.04 336.0
2458717.56293 20.723 0.244 6.06 280.0
2458717.60399 20.660 0.228 5.71 290.0
2458717.65407 20.733 0.261 6.14 292.0
2458718.48459 21.093 0.276 4.54 353.0
2458718.54852 21.249 0.287 4.30 278.0
2458718.58856 21.306 0.252 3.73 244.0
2458718.62982 21.073 0.233 4.05 283.0
2458719.61233 20.800 0.285 6.25 332.0
2458719.63613 20.883 0.275 5.53 331.0
2458719.67504 21.024 0.291 5.56 326.0
2458721.48561 20.324 0.129 4.61 311.0
2458721.52874 21.085 0.264 4.65 292.0
2458721.57781 20.770 0.225 5.26 296.0
2458721.62902 20.619 0.183 4.59 297.0
2458721.67296 20.761 0.225 5.15 304.0
2458722.47795 20.831 0.232 4.41 447.0
2458722.53367 21.006 0.232 4.29 321.0
2458722.58369 20.778 0.171 4.14 268.0
2458722.63042 20.897 0.267 5.97 258.0
2458723.48194 20.702 0.229 5.08 409.0
2458723.53384 21.017 0.264 4.58 362.0
2458723.58627 20.794 0.209 4.25 366.0
2458723.62650 20.903 0.242 4.71 350.0
2458723.66515 20.948 0.266 5.03 332.0
2458724.47855 21.070 0.294 4.43 423.0
2458724.58520 20.814 0.209 4.84 286.0
2458724.62699 20.641 0.168 4.51 293.0
2458724.66686 20.695 0.187 4.68 309.0
2458725.48401 20.687 0.230 5.22 378.0
2458725.57701 20.983 0.262 5.15 295.0
2458725.66423 20.614 0.180 5.25 305.0
2458726.62080 20.641 0.200 5.44 268.0
2458726.65988 20.862 0.228 5.20 268.0
2458727.56032 20.793 0.295 6.13 351.0
2458727.59646 20.563 0.233 5.65 379.0
2458728.66122 20.756 0.218 4.74 337.0
2458729.52442 20.904 0.271 5.48 294.0
2458729.61182 20.839 0.238 4.99 344.0
2458731.51357 20.331 0.246 7.75 343.0
2458731.62693 20.726 0.288 6.58 361.0
2458736.59398 20.347 0.278 6.95 548.0
2458738.48882 20.438 0.239 5.66 532.0
2458741.52977 20.358 0.221 6.39 430.0
2458745.59603 20.210 0.202 6.89 338.0
2458746.61721 20.367 0.205 6.48 347.0
2458746.63123 20.224 0.222 7.88 345.0
2458747.58355 20.672 0.255 6.46 301.0
2458750.53979 20.642 0.205 4.84 379.0
2458750.56768 20.473 0.170 4.76 350.0
2458750.62430 20.340 0.199 6.14 373.0
2458752.55999 20.780 0.248 5.44 371.0
2458752.61192 20.441 0.196 5.84 359.0
2458753.49882 20.506 0.192 5.08 382.0
2458753.54328 20.703 0.272 6.00 359.0
2458753.61855 20.612 0.294 6.84 388.0
2458754.48793 20.688 0.247 5.35 478.0
2458754.57236 20.327 0.237 7.01 415.0
2458755.53424 20.535 0.150 3.61 352.0
2458755.57508 20.768 0.206 3.96 352.0
2458755.61104 20.951 0.279 4.69 388.0
2458759.57304 20.260 0.221 6.50 420.0
2458763.51036 20.642 0.288 5.64 570.0
2458763.53828 20.245 0.195 5.31 571.0
2458764.53220 20.474 0.256 6.46 465.0
2458768.54384 20.526 0.274 5.60 578.0
2458774.57572 20.255 0.231 6.85 513.0
2458781.54474 20.421 0.220 5.48 487.0
2458783.54275 20.716 0.290 5.72 474.0
2458784.51485 20.323 0.263 7.57 459.0
2458891.87797 20.459 0.297 5.64 1214.0
2458893.87215 20.604 0.230 5.37 526.0
2458900.88143 20.452 0.172 5.38 328.0
2458901.88512 20.702 0.226 5.40 348.0
2458902.84863 20.682 0.206 5.12 330.0
2458902.88660 20.452 0.161 4.80 333.0
2458904.84203 20.638 0.207 5.99 288.0
2458904.88410 20.587 0.186 5.14 292.0
2458905.84432 20.580 0.167 5.06 315.0
2458905.87934 20.865 0.226 5.29 304.0
2458906.86765 20.915 0.232 5.05 326.0
2458907.83171 20.828 0.251 5.41 385.0
2458907.86767 20.865 0.239 5.13 365.0
2458908.83539 20.547 0.204 5.93 363.0
2458909.82913 21.063 0.296 5.59 318.0
2458909.86325 21.112 0.264 5.02 293.0
2458909.89640 20.877 0.260 4.64 527.0
2458911.84171 21.065 0.285 5.31 330.0
2458912.80494 20.634 0.239 6.07 368.0
2458912.83589 20.982 0.276 5.77 340.0
2458912.86892 20.632 0.200 5.59 300.0
2458913.80181 20.317 0.225 7.01 406.0
2458913.82569 20.716 0.264 6.54 342.0
2458914.85472 20.757 0.232 5.18 345.0
2458916.80579 20.698 0.265 5.47 561.0
2458916.83878 20.853 0.284 5.05 473.0
2458916.87292 20.930 0.282 4.65 408.0
2458917.85297 20.618 0.221 4.29 578.0
2458917.88812 20.808 0.294 5.06 568.0
2458918.80615 20.726 0.281 5.16 719.0
2458918.87214 20.608 0.238 4.88 511.0
2458918.90572 20.757 0.252 4.16 597.0
2458920.78941 20.555 0.287 6.59 651.0
2458920.86039 20.484 0.187 4.24 508.0
2458921.82589 20.675 0.243 4.69 539.0
2458921.85918 20.654 0.208 4.19 501.0
2458921.89321 21.029 0.293 3.99 495.0
2459795.62772 20.826 0.204 5.01 280.0
2459796.67439 21.104 0.297 5.01 315.0
2459796.71092 21.012 0.278 5.24 312.0
2459796.74406 20.766 0.262 6.21 304.0
2459797.57407 20.545 0.265 6.27 398.0
2459797.68778 20.424 0.198 5.51 390.0
2459797.76012 20.628 0.251 5.94 377.0
2459804.57300 20.645 0.234 4.81 483.0
2459804.64096 20.473 0.271 6.51 538.0
2459805.52806 20.367 0.278 6.79 580.0
2459805.56276 20.884 0.299 4.79 446.0
2459805.59633 20.673 0.254 5.14 490.0
2459805.66251 20.496 0.199 4.92 477.0
2459807.55270 20.869 0.262 5.57 310.0
2459807.64415 20.797 0.244 5.43 332.0
2459807.70056 20.531 0.210 5.53 376.0
2459807.73394 20.718 0.252 5.42 406.0
2459808.73642 20.356 0.184 5.10 376.0
2459810.71272 20.972 0.233 4.45 306.0
2459811.67788 20.812 0.223 4.89 291.0
2459812.62748 20.893 0.265 5.25 284.0
2459812.71081 20.329 0.163 5.31 300.0
2459814.57721 20.927 0.280 5.87 292.0
2459815.54162 20.628 0.210 5.37 315.0
2459817.51938 20.794 0.216 4.76 347.0
2459817.57892 20.745 0.216 5.29 352.0
2459819.52858 20.830 0.223 4.55 404.0
2459819.66858 20.777 0.218 4.89 422.0
2459822.51848 20.505 0.194 5.64 337.0
2459824.66768 20.822 0.289 5.97 392.0
2459831.53786 20.326 0.244 6.48 598.0
2459831.58646 20.562 0.294 6.15 621.0
2459831.64208 20.391 0.260 5.98 745.0
2459835.64333 20.536 0.243 7.06 325.0
2459837.62653 20.538 0.204 5.41 444.0
2459838.50544 20.329 0.180 5.87 366.0
2459838.58938 20.603 0.256 6.16 401.0
2459840.57650 20.578 0.263 6.91 362.0
2459841.55285 20.702 0.252 6.03 397.0
2459841.58802 20.488 0.210 5.69 430.0
2459844.56454 20.611 0.238 6.31 390.0
2459845.57065 21.010 0.299 5.80 342.0
2459845.60853 20.572 0.223 6.07 364.0
2459848.53913 20.563 0.287 7.19 412.0
2459852.57119 20.686 0.294 6.41 430.0
2459852.60660 20.645 0.257 5.71 463.0
2459867.52386 20.599 0.245 5.98 491.0
2459868.53358 20.747 0.286 5.11 497.0
2459869.52751 20.362 0.210 5.67 455.0
2459870.52707 20.549 0.263 6.41 447.0
2459996.86121 20.277 0.178 5.99 442.0
2460000.89576 20.687 0.282 4.81 758.0
2460004.84033 21.156 0.286 4.65 366.0
2460013.80364 20.486 0.194 4.93 539.0
2460021.79322 20.781 0.220 5.27 335.0
2460026.88690 20.645 0.195 5.44 309.0
2460034.76044 20.855 0.266 6.18 331.0
2460036.89595 20.539 0.135 4.03 323.0
2460039.78349 20.520 0.219 5.69 482.0
2460041.82813 20.619 0.243 5.34 521.0
2460048.86063 20.592 0.167 4.68 365.0
2460048.91463 20.882 0.222 4.24 409.0
2460049.84875 20.629 0.165 4.69 328.0
2460049.90033 20.939 0.235 4.75 343.0
2460050.77146 20.870 0.266 5.92 327.0
2460050.79947 20.842 0.229 5.51 302.0
2460050.87111 20.635 0.179 4.97 325.0
2460050.91617 20.910 0.259 5.36 361.0
2460051.78868 20.461 0.195 6.12 319.0
2460052.78393 20.765 0.238 5.70 345.0
2460052.82684 20.544 0.158 4.66 349.0
2460052.87610 20.977 0.256 4.93 349.0
2460053.76631 20.466 0.153 5.24 304.0
2460053.81777 20.695 0.170 4.62 313.0
2460053.86074 20.692 0.166 4.43 322.0
2460053.90490 20.930 0.241 4.99 349.0
2460054.75900 21.149 0.288 5.13 300.0
2460054.81340 20.917 0.193 4.27 312.0
2460054.91197 20.551 0.177 4.81 362.0
2460056.76029 20.778 0.244 5.63 351.0
2460056.81058 20.739 0.179 4.60 327.0
2460056.85707 20.667 0.166 4.46 324.0
2460057.88727 21.048 0.265 4.78 360.0
2460058.74380 20.731 0.251 5.69 381.0
2460058.81377 20.921 0.233 4.76 348.0
2460058.88938 21.044 0.252 5.02 312.0
2460059.86971 20.710 0.251 6.02 379.0
2460060.72552 20.716 0.183 4.22 385.0
2460060.76771 20.899 0.260 5.20 360.0
2460060.80877 20.734 0.185 4.32 368.0
2460060.92137 21.085 0.237 3.68 419.0
2460061.74621 20.459 0.167 4.83 357.0
2460061.78653 20.893 0.238 4.87 367.0
2460061.82728 21.117 0.249 4.25 343.0
2460061.87451 20.796 0.192 4.48 340.0
2460061.91499 20.644 0.167 4.14 370.0
2460062.77222 21.068 0.236 4.22 337.0
2460062.81598 20.498 0.139 4.54 333.0
2460062.86039 20.632 0.161 4.21 354.0
2460062.90221 20.686 0.173 4.15 366.0
2460063.70985 20.558 0.200 5.31 423.0
2460063.79309 21.079 0.261 4.45 380.0
2460063.84018 20.768 0.202 4.25 407.0
2460063.88417 21.071 0.282 4.49 428.0
2460063.92588 20.462 0.193 4.32 670.0
2460065.88132 20.763 0.223 5.07 361.0
2460065.92190 20.964 0.294 5.38 390.0
2460066.74706 20.816 0.247 5.19 406.0
2460066.80186 21.086 0.259 4.27 383.0
2460066.85767 21.028 0.224 4.19 336.0
2460066.90984 20.489 0.148 4.56 337.0
2460067.83111 20.743 0.227 4.85 457.0
2460068.67805 20.649 0.292 5.69 656.0
2460068.71943 20.566 0.247 5.69 566.0
2460068.75957 20.218 0.156 4.97 512.0
2460068.80094 20.606 0.210 4.97 509.0
2460068.84495 20.821 0.280 4.89 601.0
2460068.92676 20.634 0.209 4.91 454.0
2460070.73293 20.125 0.257 6.13 1054.0
2460070.81477 20.262 0.256 5.28 1086.0
2460075.90544 20.363 0.197 4.59 784.0
2460076.67104 20.969 0.279 5.00 382.0
2460076.79572 20.938 0.257 4.89 392.0
2460076.83963 20.708 0.219 4.79 402.0
2460076.88066 20.206 0.161 5.26 473.0
2460076.92326 20.660 0.294 5.72 591.0
2460083.83438 20.645 0.218 4.81 436.0
2460085.93292 20.666 0.272 5.61 514.0
2460086.69176 20.835 0.287 5.95 367.0
2460086.73150 20.855 0.282 5.77 358.0
2460086.80820 20.801 0.298 6.09 365.0
2460086.85536 21.087 0.297 4.79 406.0
2460086.90943 20.411 0.185 4.97 442.0
2460087.73320 21.225 0.262 4.12 333.0
2460087.77251 20.890 0.235 4.66 370.0
2460087.81194 20.837 0.209 4.16 372.0
2460087.84964 21.166 0.298 4.37 395.0
2460087.88985 20.956 0.267 4.54 433.0
2460087.92809 20.866 0.262 4.91 479.0
2460088.71293 20.907 0.251 5.13 308.0
2460088.79094 20.863 0.214 4.35 349.0
2460088.83505 20.830 0.252 4.94 385.0
2460088.87331 20.670 0.231 5.20 422.0
2460089.70226 20.624 0.216 5.20 394.0
2460089.74095 20.849 0.295 6.00 369.0
2460089.83848 20.991 0.283 4.95 354.0
2460091.71449 21.069 0.295 5.03 390.0
2460091.75378 20.718 0.209 4.67 422.0
2460091.79379 20.883 0.278 5.17 411.0
2460091.86997 20.595 0.229 5.18 465.0
2460092.74044 20.649 0.218 5.48 385.0
2460092.78484 20.758 0.218 4.45 416.0
2460093.93490 20.235 0.202 6.28 483.0
2460094.72644 20.760 0.243 5.40 382.0
2460094.77360 20.648 0.175 4.25 360.0
2460094.81271 20.616 0.173 4.76 312.0
2460094.85010 20.997 0.241 4.42 346.0
2460094.88767 20.672 0.219 5.00 417.0
2460095.86113 20.618 0.231 5.80 429.0
2460096.67892 20.689 0.220 4.32 466.0
2460096.88600 20.602 0.207 4.67 444.0
2460096.93879 20.557 0.294 5.43 745.0
2460098.72749 20.388 0.283 4.99 1150.0
2460104.58481 20.626 0.218 5.09 430.0
2460104.67105 20.614 0.222 4.90 404.0
2460104.71514 20.493 0.221 5.66 398.0
2460104.79498 20.624 0.209 4.72 421.0
2460105.64820 20.767 0.252 5.41 339.0
2460105.80204 20.591 0.182 4.79 362.0
2460105.87847 20.903 0.285 5.45 414.0
2460106.73973 20.935 0.297 5.88 300.0
2460108.56711 20.662 0.247 5.92 361.0
2460108.80426 20.529 0.211 5.76 338.0
2460110.62709 20.875 0.281 6.08 353.0
2460110.66720 20.548 0.172 4.99 310.0
2460110.70660 20.639 0.190 5.04 338.0
2460110.86802 20.639 0.275 5.56 491.0
2460111.58685 21.075 0.276 4.75 350.0
2460111.62622 21.067 0.269 4.45 370.0
2460111.66572 20.742 0.189 4.64 320.0
2460111.70656 20.865 0.186 4.20 300.0
2460112.64876 20.803 0.257 5.47 349.0
2460112.68784 21.015 0.292 4.85 380.0
2460112.76853 20.455 0.173 4.78 391.0
2460112.84531 20.604 0.194 4.32 420.0
2460113.60221 20.907 0.282 5.24 382.0
2460113.64987 21.044 0.286 5.44 290.0
2460113.68227 20.915 0.256 5.24 319.0
2460113.72250 20.931 0.240 4.55 321.0
2460113.80373 20.698 0.276 6.10 387.0
2460113.84729 20.779 0.264 5.72 386.0
2460116.63631 20.794 0.256 5.87 330.0
2460116.76801 20.852 0.292 6.00 346.0
2460118.66144 20.685 0.240 5.56 339.0
2460119.60023 20.653 0.235 5.65 368.0
2460119.82361 21.006 0.277 4.95 360.0
2460119.88785 20.413 0.227 6.26 440.0
2460120.50393 20.655 0.245 5.61 431.0
2460120.62313 20.974 0.285 5.60 331.0
2460120.66235 20.821 0.229 5.19 304.0
2460120.70431 21.128 0.286 4.93 286.0
2460120.82362 20.762 0.261 5.68 369.0
2460121.73131 20.686 0.221 5.03 392.0
2460123.65987 20.849 0.251 5.18 375.0
2460123.69939 20.927 0.270 5.14 382.0
2460123.77422 20.758 0.233 4.73 485.0
2460123.81251 20.677 0.247 5.10 518.0
2460131.69103 20.719 0.284 5.32 573.0
2460132.56543 20.353 0.193 6.34 379.0
2460132.72731 20.264 0.266 6.21 838.0
2460134.57779 20.595 0.236 6.08 373.0
2460138.61471 20.634 0.217 5.52 427.0
2460139.57212 20.920 0.297 6.10 331.0
2460139.61340 20.775 0.212 5.29 284.0
2460139.69399 20.774 0.201 4.77 320.0
2460139.73182 21.017 0.290 5.11 361.0
2460139.76990 20.462 0.202 5.76 357.0
2460140.55509 20.673 0.212 5.46 270.0
2460140.59625 20.577 0.209 6.06 295.0
2460140.64731 20.836 0.224 4.82 286.0
2460140.68977 20.594 0.179 4.92 323.0
2460140.73151 21.029 0.287 5.20 338.0
2460140.77259 20.821 0.245 4.79 382.0
2460141.55416 20.649 0.268 6.54 294.0
2460141.69627 20.582 0.200 5.59 310.0
2460141.73395 20.757 0.227 5.36 325.0
2460141.77183 20.696 0.234 5.70 358.0
2460142.47532 20.448 0.278 7.20 468.0
2460142.59866 20.819 0.247 5.74 296.0
2460142.64106 20.952 0.238 4.93 294.0
2460143.58985 20.741 0.201 4.59 379.0
2460143.63493 21.022 0.256 4.86 326.0
2460143.67318 20.940 0.249 5.07 323.0
2460143.71089 20.703 0.185 4.60 320.0
2460145.62273 20.827 0.228 4.98 354.0
2460145.67956 21.070 0.278 4.78 427.0
2460145.73756 21.086 0.276 4.69 364.0
2460147.65176 20.618 0.244 6.03 386.0
2460148.53182 20.654 0.240 6.09 341.0
2460148.62110 20.892 0.267 5.51 322.0
2460149.49321 20.373 0.191 5.62 450.0
2460149.54700 20.603 0.190 4.89 367.0
2460149.58974 21.139 0.279 4.65 328.0
2460149.63376 21.012 0.276 5.08 332.0
2460149.68503 20.751 0.250 5.83 332.0
2460149.72644 20.919 0.277 5.71 338.0
2460150.75451 20.944 0.293 5.56 382.0
2460151.55249 20.785 0.299 5.77 415.0
2460151.71607 20.750 0.241 5.08 369.0
2460151.75676 20.565 0.172 4.76 332.0
2460158.58714 20.658 0.283 4.91 725.0
2460158.62650 20.470 0.245 5.19 715.0
2460159.53047 20.728 0.281 5.22 575.0
2460159.61981 20.732 0.221 4.56 482.0
2460160.62642 20.720 0.267 5.34 437.0
2460161.54197 20.897 0.294 5.94 352.0
2460161.69850 20.723 0.294 6.44 397.0
2460162.47424 20.358 0.292 6.77 703.0
2460162.51413 20.668 0.282 6.56 366.0
2460165.62747 20.745 0.232 5.84 399.0
2460165.66725 20.799 0.285 6.50 322.0
2460165.74578 20.228 0.231 7.88 372.0
2460167.57277 20.654 0.276 7.09 282.0
2460168.59371 20.659 0.207 5.11 319.0
2460168.63605 20.640 0.221 5.39 315.0
2460168.67300 20.764 0.208 4.87 280.0
2460169.59042 21.047 0.283 5.51 267.0
2460169.70804 20.869 0.276 5.95 297.0
2460170.58935 21.039 0.276 5.03 271.0
2460170.62730 21.040 0.270 4.82 287.0
2460170.70240 20.610 0.208 5.50 324.0
2460171.51720 20.944 0.209 4.49 292.0
2460171.56048 20.918 0.222 4.50 297.0
2460171.60003 20.915 0.230 4.62 310.0
2460171.64898 20.769 0.209 4.75 319.0
2460172.52450 20.841 0.277 5.96 334.0
2460173.59913 20.505 0.173 5.19 305.0
2460174.56727 20.817 0.274 6.20 318.0
2460174.64596 20.665 0.231 5.83 320.0
2460177.67561 20.719 0.256 6.04 344.0
2460177.71328 20.642 0.253 6.41 392.0
2460179.57086 20.973 0.282 5.27 350.0
2460187.60711 20.370 0.244 5.36 752.0
2460201.59323 20.626 0.202 5.21 351.0
2460203.65551 20.766 0.287 6.06 410.0
2460356.87810 20.987 0.275 4.63 432.0
2460378.88014 20.698 0.210 4.97 359.0
2460385.80357 20.578 0.200 4.99 390.0
2460398.84768 20.982 0.280 4.13 566.0
2460404.80469 20.819 0.238 4.97 363.0
2460407.86584 21.063 0.252 4.24 350.0
2460409.73323 20.862 0.288 5.51 440.0
2460409.80228 21.067 0.277 4.82 350.0
2460409.87944 21.096 0.289 4.66 388.0
2460409.92079 20.866 0.270 4.07 678.0
2460411.79468 20.931 0.290 5.79 357.0
2460411.87914 21.073 0.276 4.76 352.0
2460411.91839 20.917 0.256 4.81 393.0
2460416.77090 20.852 0.290 6.15 350.0
2460416.80880 20.567 0.246 6.62 347.0
2460416.88630 20.389 0.230 6.98 362.0
2460417.71624 20.929 0.288 5.46 416.0
2460418.81726 20.924 0.257 5.17 343.0
2460418.90063 20.835 0.214 4.46 395.0
2460419.69807 20.955 0.293 4.91 477.0
2460419.81176 20.605 0.208 5.26 365.0
2460420.69945 20.656 0.223 4.85 491.0
2460420.73742 20.822 0.253 5.01 422.0
2460420.91263 20.672 0.245 5.65 373.0
2460423.87867 20.742 0.261 4.67 616.0
2460425.72314 20.498 0.295 6.37 667.0
2460425.76338 20.351 0.222 5.86 609.0
2460425.84216 20.585 0.227 4.80 601.0
2460425.88388 20.721 0.258 4.59 616.0
2460425.92221 20.814 0.285 4.55 674.0
2460432.72246 20.364 0.212 6.54 431.0
2460432.88109 20.736 0.248 4.96 499.0
2460433.75299 20.722 0.275 6.11 392.0
2460433.83207 20.746 0.254 5.38 450.0
2460434.74797 20.687 0.239 5.68 380.0
2460434.78646 20.649 0.243 5.70 418.0
2460435.87099 20.769 0.218 4.84 366.0
2460439.67727 20.603 0.229 5.67 395.0
2460439.74876 20.753 0.230 5.19 392.0
2460439.84326 20.552 0.207 5.52 395.0
2460439.92349 20.507 0.268 6.25 560.0
2460440.81506 20.367 0.221 6.26 439.0
2460443.82736 20.776 0.256 5.44 399.0
2460443.90906 20.753 0.277 5.57 457.0
2460448.77440 20.632 0.253 6.00 406.0
2460448.87808 20.469 0.284 6.94 442.0
2460448.91550 20.736 0.263 5.46 419.0
2460449.66731 20.800 0.299 6.18 394.0
2460449.78891 20.800 0.241 5.13 378.0
2460450.67973 20.627 0.243 5.61 431.0
2460458.61047 20.623 0.274 5.57 590.0
2460458.64787 20.652 0.249 5.48 501.0
2460458.72271 20.751 0.240 5.22 414.0
2460458.79877 20.983 0.263 4.57 401.0
2460458.82609 20.602 0.233 4.53 681.0
2460458.86309 20.713 0.248 4.89 537.0
2460459.67184 20.878 0.267 5.12 499.0
2460459.71135 20.796 0.233 4.91 437.0
2460459.74884 20.575 0.214 5.29 500.0
2460460.71623 20.846 0.235 5.06 410.0
2460460.77653 20.813 0.276 5.20 425.0
2460461.67996 20.750 0.196 4.23 461.0
2460461.76897 20.576 0.167 4.38 410.0
2460462.71480 20.703 0.162 4.62 296.0
2460462.75602 20.685 0.148 4.01 278.0
2460462.77695 20.691 0.162 4.19 283.0
2460462.80556 20.599 0.150 4.18 304.0
2460462.84409 20.776 0.220 4.92 331.0
2460462.88256 20.873 0.296 5.41 418.0
2460463.58618 20.765 0.243 5.90 313.0
2460463.66013 20.847 0.240 5.57 283.0
2460463.69790 21.010 0.287 5.62 285.0
2460463.87288 20.894 0.257 4.95 389.0
2460464.68446 20.441 0.138 4.41 420.0
2460464.73507 20.686 0.201 5.08 331.0
2460464.78557 20.917 0.246 4.95 337.0
2460466.88913 20.387 0.198 5.62 476.0
2460467.77588 20.866 0.262 5.06 483.0
2460467.87028 20.779 0.270 5.01 604.0
2460468.69678 20.872 0.236 5.16 288.0
2460468.73516 20.674 0.204 5.23 319.0
2460468.80801 20.776 0.247 4.98 356.0
2460468.86565 20.554 0.235 5.71 423.0
2460468.90285 20.527 0.230 5.36 508.0
2460469.76701 20.824 0.216 4.68 389.0
2460471.83164 20.445 0.283 7.51 446.0
2460473.62505 20.839 0.299 6.17 417.0
2460473.67642 20.844 0.261 5.53 340.0
2460473.75689 20.719 0.226 5.48 320.0
2460473.80152 20.681 0.269 6.60 341.0
2460477.66632 20.671 0.254 5.54 501.0
2460477.76111 20.626 0.227 5.00 493.0
2460478.57057 20.222 0.272 7.72 590.0
2460478.67655 20.540 0.277 6.68 461.0
2460480.80338 20.558 0.286 5.67 689.0
2460486.59262 20.267 0.227 7.18 500.0
2460486.67165 20.358 0.181 5.22 467.0
2460486.71088 20.326 0.197 5.71 481.0
2460487.62636 20.399 0.245 6.73 464.0
2460487.69601 20.382 0.196 5.78 386.0
2460488.68910 20.521 0.190 4.98 358.0
2460488.72649 20.683 0.245 5.39 411.0
2460488.78287 20.631 0.229 5.43 405.0
2460490.58484 20.845 0.293 5.80 376.0
2460490.65246 20.902 0.238 4.69 338.0
2460490.79648 20.810 0.226 4.91 345.0
2460490.83404 20.930 0.265 4.83 379.0
2460491.50492 20.966 0.292 5.13 353.0
2460491.68186 20.754 0.229 5.44 308.0
2460492.54876 20.906 0.272 5.45 388.0
2460492.58653 20.903 0.225 4.66 342.0
2460492.65276 21.008 0.196 3.98 282.0
2460492.70652 20.862 0.217 4.50 311.0
2460492.78505 21.019 0.245 4.29 318.0
2460492.82216 20.730 0.220 4.78 375.0
2460493.53913 20.750 0.247 5.83 375.0
2460493.65316 20.720 0.184 4.68 313.0
2460493.71276 21.053 0.268 4.67 311.0
2460494.54384 20.988 0.290 5.21 371.0
2460494.69116 21.102 0.274 5.00 292.0
2460496.75578 20.624 0.247 5.52 501.0
2460496.80543 20.757 0.296 5.66 489.0
2460497.58228 20.868 0.281 5.69 375.0
2460497.61797 20.824 0.230 5.47 329.0
2460497.65025 20.853 0.240 5.28 306.0
2460497.72914 20.671 0.204 5.46 291.0
2460497.76706 21.036 0.295 5.37 303.0
2460497.84330 20.408 0.220 6.27 394.0
2460498.57883 20.992 0.247 4.95 289.0
2460498.64155 20.508 0.134 4.40 272.0
2460498.69458 20.988 0.250 4.81 292.0
2460498.76977 20.581 0.205 5.37 311.0
2460498.80695 21.083 0.291 4.62 358.0
2460499.55183 20.643 0.289 7.60 316.0
2460499.59046 20.724 0.203 5.34 276.0
2460499.64733 20.723 0.190 5.38 267.0
2460499.69503 20.959 0.249 5.18 282.0
2460499.77202 21.148 0.277 4.68 305.0
2460499.80927 20.654 0.187 4.74 312.0
2460499.84671 20.793 0.278 5.81 357.0
2460500.58725 20.863 0.283 6.13 268.0
2460500.80149 20.910 0.293 5.63 344.0
2460501.71799 20.825 0.275 6.08 298.0
2460502.55863 20.362 0.233 7.25 347.0
2460503.70798 21.045 0.281 5.25 302.0
2460504.61887 20.919 0.249 5.38 279.0
2460504.67156 20.843 0.243 5.39 282.0
2460504.71338 21.001 0.257 5.13 271.0
2460505.50578 20.804 0.299 5.89 446.0
2460505.58260 20.626 0.226 5.70 381.0
2460505.71001 21.011 0.250 4.66 315.0
2460505.78495 20.651 0.250 6.20 320.0
2460506.54150 20.809 0.266 5.79 392.0
2460506.57951 20.800 0.209 4.74 349.0
2460506.65147 20.747 0.197 4.55 332.0
2460506.78562 20.697 0.234 5.68 293.0
2460507.54285 20.761 0.274 5.69 412.0
2460516.47491 20.511 0.286 7.16 459.0
2460517.64073 20.706 0.244 5.88 316.0
2460518.55751 20.866 0.277 5.73 383.0
2460518.59242 20.762 0.236 5.56 348.0
2460518.63664 20.834 0.258 5.56 361.0
2460518.78429 20.267 0.192 6.01 421.0
2460519.55471 20.477 0.189 5.94 341.0
2460519.60211 20.895 0.263 5.19 307.0
2460519.64859 20.692 0.215 5.59 299.0
2460519.77512 20.392 0.233 6.55 410.0
2460520.60624 20.903 0.286 5.58 325.0
2460520.66521 20.974 0.255 5.04 317.0
2460520.76718 20.797 0.236 4.88 387.0
2460521.47018 20.496 0.267 5.48 812.0
2460521.50822 20.898 0.234 5.31 321.0
2460521.54667 20.866 0.238 5.66 322.0
2460521.60342 20.520 0.148 4.58 292.0
2460521.64830 21.058 0.245 4.65 295.0
2460521.68681 21.092 0.270 5.02 308.0
2460521.73437 20.712 0.214 5.21 342.0
2460528.51566 20.736 0.291 6.81 347.0
2460528.59619 20.583 0.264 7.11 328.0
2460528.67490 20.530 0.203 5.71 358.0
2460528.71202 20.680 0.278 6.26 412.0
2460530.59670 20.667 0.283 6.79 345.0
2460530.63518 20.943 0.290 5.75 342.0
2460532.54722 20.915 0.259 5.43 315.0
2460532.60682 20.875 0.230 4.77 336.0
2460532.72432 20.925 0.296 6.47 338.0
2460532.75958 20.784 0.295 6.20 416.0
2460533.51572 20.643 0.275 6.34 387.0
2460533.59384 20.770 0.240 5.67 302.0
2460533.63922 21.009 0.265 5.14 303.0
2460534.53741 20.961 0.295 5.52 338.0
2460534.57175 21.035 0.288 4.90 333.0
2460534.62499 20.728 0.201 4.82 333.0
2460534.67386 20.987 0.279 5.14 344.0
2460535.55221 20.728 0.255 5.49 354.0
2460535.68252 20.664 0.253 5.55 427.0
2460542.63541 20.253 0.278 7.14 688.0
2460547.59560 21.028 0.275 5.15 318.0
2460548.52713 20.689 0.250 6.22 359.0
2460548.67530 20.920 0.290 5.67 321.0
2460555.48425 20.645 0.201 4.83 412.0
2460555.52455 20.973 0.224 4.32 330.0
2460555.57389 20.733 0.210 5.01 324.0
2460556.48721 20.505 0.235 6.00 381.0
2460558.48383 20.837 0.278 5.34 426.0
2460558.52210 21.031 0.294 5.29 372.0
2460558.55912 20.731 0.211 5.42 338.0
2460558.59716 20.352 0.151 5.15 374.0
2460559.48997 21.047 0.273 4.58 512.0
2460559.53792 20.804 0.216 4.42 448.0
2460559.57997 21.110 0.272 4.19 430.0
2460560.52624 20.811 0.277 6.19 383.0
2460560.56995 20.633 0.222 5.74 392.0
2460560.60726 20.680 0.273 6.50 379.0
2460561.56325 20.602 0.193 5.18 345.0
2460561.60072 20.932 0.266 5.27 339.0
2460587.54503 20.759 0.257 4.96 482.0
2460599.49552 20.770 0.286 4.47 792.0
2460599.54459 20.688 0.262 4.70 689.0
2460601.54445 20.450 0.262 5.53 853.0
2460610.50460 20.538 0.290 5.66 677.0
2460734.87337 20.972 0.299 5.67 341.0
2460738.85861 20.965 0.284 5.24 364.0
2460743.89935 20.550 0.183 4.61 403.0
2460746.90568 20.968 0.254 4.15 451.0
2460751.84568 20.748 0.234 4.34 495.0
2460753.81215 20.727 0.258 4.33 602.0
2460765.87472 20.979 0.252 5.19 300.0
2460765.91256 20.845 0.178 3.90 310.0
2460766.88005 20.748 0.240 5.29 395.0
2460768.87145 20.909 0.260 5.12 335.0
2460769.79492 20.624 0.210 5.10 399.0
2460769.83258 20.900 0.296 5.50 432.0
2460769.87181 20.928 0.246 4.74 400.0
2460769.90931 20.813 0.195 4.39 353.0
2460770.75526 20.532 0.195 5.30 361.0
2460770.79417 21.084 0.298 5.04 352.0
2460770.87020 20.977 0.232 4.53 335.0
2460771.79113 20.674 0.298 6.74 350.0
2460771.91327 20.781 0.239 5.46 342.0
2460773.80801 20.720 0.263 6.14 362.0
2460773.84544 20.849 0.227 4.76 383.0
2460773.88392 20.757 0.188 4.45 341.0
2460774.78975 20.458 0.226 6.28 408.0
2460774.82711 20.991 0.288 5.31 356.0
2460774.90305 20.753 0.175 4.09 329.0
2460775.86914 20.786 0.282 6.22 376.0
2460778.76451 20.545 0.298 6.14 683.0
2460779.87649 20.695 0.234 4.66 567.0
2460786.89188 20.589 0.244 5.60 453.0
2460787.82153 20.551 0.181 4.87 356.0
2460787.85994 20.756 0.236 5.26 378.0
2460787.89845 20.776 0.268 5.52 373.0
2460788.75504 20.798 0.248 5.36 342.0
2460788.90929 20.903 0.248 4.53 373.0
2460789.74478 20.949 0.277 5.66 300.0
2460789.85985 20.691 0.195 4.54 333.0
2460789.89723 21.047 0.271 4.43 347.0
2460790.77189 20.768 0.219 5.41 313.0
2460790.80933 20.971 0.243 5.15 308.0
2460790.84878 21.176 0.282 4.97 297.0
2460790.88796 20.928 0.221 4.57 309.0
2460790.92529 20.923 0.272 4.73 471.0
2460791.69182 20.637 0.192 5.09 338.0
2460791.72856 20.934 0.273 5.38 357.0
2460791.76609 20.885 0.264 5.43 353.0
2460791.84275 20.730 0.172 4.26 324.0
2460791.88746 20.923 0.257 4.87 430.0
2460792.71491 20.972 0.298 5.46 362.0
2460792.78926 20.912 0.233 4.87 318.0
2460792.82712 20.567 0.159 4.42 333.0
2460792.86627 21.036 0.251 4.26 370.0
2460793.71954 20.526 0.181 5.32 321.0
2460793.75642 21.003 0.299 5.77 312.0
2460793.79436 20.791 0.202 4.70 321.0
2460793.83469 20.765 0.178 4.29 325.0
2460793.87628 20.848 0.224 4.71 346.0
2460793.91402 20.750 0.234 5.22 356.0
2460794.68288 20.579 0.241 6.18 340.0
2460794.75683 20.622 0.194 5.53 300.0
2460794.79543 20.802 0.228 5.40 309.0
2460794.83357 20.764 0.200 4.89 303.0
2460794.91240 20.880 0.218 4.63 314.0
2460795.77765 20.965 0.281 5.67 327.0
2460795.84056 20.576 0.182 5.05 339.0
2460797.76649 20.770 0.265 5.82 360.0
2460797.80584 21.020 0.297 5.25 391.0
2460797.89210 20.859 0.272 5.13 444.0
2460798.70515 20.646 0.237 6.08 339.0
2460798.78112 20.494 0.177 5.55 325.0
2460798.81934 20.504 0.171 5.15 341.0
2460798.89773 20.822 0.235 5.03 363.0
2460799.70602 20.844 0.272 5.91 315.0
2460799.86009 20.617 0.240 5.58 407.0
2460799.90384 20.497 0.243 5.82 446.0
2460800.66780 20.579 0.240 6.13 363.0
2460800.70514 20.607 0.236 6.01 346.0
2460800.74271 20.796 0.266 5.88 348.0
2460800.78094 20.634 0.187 4.92 337.0
2460800.81848 20.794 0.192 4.51 308.0
2460800.85636 20.840 0.251 5.41 318.0
2460800.89404 20.559 0.186 5.18 354.0
2460800.93315 20.449 0.242 5.62 674.0
2460801.74123 20.636 0.224 5.52 354.0
2460801.77984 20.882 0.258 5.33 346.0
2460801.85996 20.379 0.159 4.91 398.0
2460801.89766 20.929 0.288 5.15 432.0
2460802.66178 20.403 0.215 6.39 399.0
2460803.74578 20.269 0.197 6.41 455.0
2460803.78491 20.500 0.224 5.98 434.0
2460803.82465 20.902 0.260 4.94 371.0
2460803.86360 20.436 0.193 5.50 401.0
2460803.91182 20.496 0.227 5.94 421.0
2460804.87243 20.511 0.286 6.85 460.0
2460805.70823 20.337 0.206 6.04 491.0
2460805.75229 20.271 0.171 5.38 498.0
2460805.79015 19.984 0.122 5.01 463.0
2460805.82892 20.356 0.175 4.83 519.0
2460805.86836 20.283 0.189 5.65 502.0
2460805.90593 20.199 0.155 5.32 407.0
2460806.66142 19.899 0.149 5.54 651.0
2460806.69825 19.926 0.143 5.31 585.0
2460806.73632 19.839 0.131 5.52 572.0
2460806.77431 20.312 0.199 5.73 526.0
2460806.81273 20.268 0.191 5.42 524.0
2460806.87525 19.908 0.159 5.97 602.0
2460806.90521 20.144 0.191 5.78 594.0
2460807.65005 19.701 0.140 5.74 831.0
2460807.68797 19.925 0.171 5.91 767.0
2460807.72524 19.702 0.115 4.70 731.0
2460807.76296 19.900 0.149 5.54 689.0
2460807.80169 19.762 0.104 4.56 655.0
2460807.83964 19.617 0.099 4.74 678.0
2460807.87974 19.648 0.108 4.85 720.0
2460807.91688 19.799 0.135 5.12 752.0
2460808.75392 19.417 0.100 4.82 883.0
2460808.79116 19.433 0.090 4.68 816.0
2460808.83181 19.526 0.108 4.93 870.0
2460813.83090 20.031 0.156 5.83 531.0
2460813.84193 20.022 0.164 4.87 869.0
2460813.88728 19.935 0.140 5.31 584.0
2460813.89801 20.055 0.149 5.10 590.0
2460813.91035 20.167 0.167 5.08 615.0
2460814.64874 20.481 0.214 5.46 482.0
2460814.75496 20.143 0.143 5.20 450.0
2460814.79562 20.263 0.148 4.63 441.0
2460814.83348 20.163 0.149 4.88 512.0
2460814.87269 20.279 0.200 5.58 534.0
2460814.90991 20.450 0.257 6.02 541.0
2460815.65312 20.700 0.199 5.27 318.0
2460815.72257 20.336 0.125 4.29 343.0
2460815.76007 20.207 0.107 4.20 333.0
2460815.80023 20.337 0.125 4.02 359.0
2460815.83771 20.340 0.133 4.11 364.0
2460815.87559 20.383 0.149 4.40 385.0
2460815.91302 20.823 0.260 4.81 448.0
2460816.63229 20.469 0.150 4.65 367.0
2460816.73555 20.649 0.182 4.95 287.0
2460816.77338 20.502 0.178 5.22 304.0
2460816.81888 20.558 0.174 4.87 367.0
2460816.90720 20.706 0.239 5.22 453.0
2460817.62640 20.487 0.177 5.41 349.0
2460817.66332 20.452 0.160 5.21 335.0
2460817.70119 20.618 0.176 4.80 329.0
2460817.75707 20.487 0.148 4.60 366.0
2460817.79729 20.895 0.230 4.26 380.0
2460817.83463 20.888 0.231 4.42 374.0
2460817.87191 20.465 0.174 5.00 390.0
2460817.90931 20.575 0.199 4.82 416.0
2460818.66504 20.681 0.198 5.21 299.0
2460818.70224 20.492 0.156 5.15 284.0
2460818.74004 20.783 0.193 4.91 294.0
2460818.77946 20.502 0.138 4.35 322.0
2460818.81790 20.653 0.188 4.91 344.0
2460818.85660 20.693 0.200 4.83 360.0
2460818.93226 20.440 0.200 5.64 471.0
2460819.65285 20.493 0.195 5.60 384.0
2460819.69745 20.368 0.154 5.27 311.0
2460819.73494 20.551 0.166 4.97 307.0
2460819.77421 20.300 0.122 4.56 319.0
2460819.81554 20.805 0.222 4.86 362.0
2460819.85353 20.612 0.177 4.50 392.0
2460819.93157 20.773 0.248 4.83 468.0
2460820.70670 20.503 0.192 5.72 351.0
2460820.74524 21.008 0.288 5.11 371.0
2460821.70855 20.874 0.283 6.19 320.0
2460821.74658 20.733 0.198 5.13 300.0
2460821.78751 20.910 0.251 5.11 322.0
2460821.82575 20.954 0.293 5.48 368.0
2460821.86340 20.854 0.261 5.07 416.0
2460822.82973 20.598 0.208 5.10 424.0
2460823.72056 20.785 0.250 6.16 289.0
2460823.75774 20.896 0.285 6.15 300.0
2460823.79988 20.717 0.275 6.55 328.0
2460823.83814 20.643 0.232 5.82 363.0
2460824.60036 20.862 0.285 5.76 363.0
2460824.67594 20.655 0.233 5.87 347.0
2460824.71443 20.760 0.211 4.86 336.0
2460824.76549 20.463 0.166 4.56 360.0
2460824.80418 20.761 0.261 5.64 374.0
2460824.88174 20.690 0.260 5.81 400.0
2460824.91923 20.813 0.290 5.32 459.0
2460825.66090 20.950 0.262 5.49 295.0
2460825.70203 20.703 0.183 4.86 296.0
2460825.74195 20.804 0.205 4.82 313.0
2460825.78791 21.087 0.272 4.28 370.0
2460826.63743 20.717 0.214 4.62 374.0
2460826.72476 20.800 0.197 4.42 366.0
2460826.77236 21.184 0.288 4.16 415.0
2460827.66207 20.966 0.235 5.02 301.0
2460827.70118 20.866 0.191 4.55 283.0
2460827.74931 20.814 0.176 4.27 308.0
2460827.79585 20.785 0.174 4.02 319.0
2460827.83402 20.928 0.204 3.97 358.0
2460827.87230 20.874 0.231 4.30 407.0
2460827.93343 20.944 0.280 4.68 475.0
2460828.58562 20.702 0.224 5.51 371.0
2460828.62684 20.954 0.238 4.43 344.0
2460828.67590 20.756 0.203 5.20 293.0
2460828.77097 20.566 0.150 4.25 307.0
2460828.81191 20.881 0.202 4.48 303.0
2460829.72468 20.683 0.168 4.80 295.0
2460831.79051 20.987 0.292 5.52 339.0
2460833.69411 20.571 0.240 6.05 434.0
2460834.80745 20.712 0.220 4.61 500.0
2460835.60102 20.640 0.285 5.57 659.0
2460835.64638 20.762 0.287 5.19 610.0
2460835.68889 20.579 0.242 5.29 580.0
2460835.73785 20.485 0.205 4.35 688.0
2460835.78350 20.743 0.266 4.63 670.0
2460841.65643 20.405 0.216 6.11 459.0
2460841.74490 20.583 0.232 4.80 612.0
2460843.62009 20.610 0.266 6.37 425.0
2460843.65975 20.740 0.277 5.66 467.0
2460843.77530 20.772 0.256 5.18 452.0
2460846.63580 20.292 0.161 5.76 355.0
2460846.67407 20.941 0.252 5.16 338.0
2460846.71345 20.745 0.210 4.74 343.0
2460846.86400 20.458 0.226 5.32 516.0
2460847.52940 20.692 0.272 5.68 475.0
2460847.64166 20.681 0.274 6.10 365.0
2460847.67991 20.660 0.256 6.31 376.0
2460847.72067 20.342 0.171 5.38 344.0
2460847.80497 20.496 0.206 5.11 414.0
2460848.51918 20.401 0.252 6.98 479.0
2460848.62453 20.665 0.244 6.00 338.0
2460848.66212 20.934 0.281 5.64 321.0
2460848.77733 20.806 0.261 5.17 368.0
2460850.53805 20.457 0.252 6.43 486.0
2460850.57558 20.621 0.290 6.77 430.0
2460850.61325 20.643 0.239 6.01 368.0
2460850.65126 20.704 0.216 5.67 314.0
2460850.68934 20.678 0.177 4.77 309.0
2460850.72813 21.048 0.254 4.69 326.0
2460850.76582 20.781 0.196 4.68 324.0
2460853.51434 20.627 0.268 6.06 489.0
2460853.62788 20.881 0.299 6.36 336.0
2460853.74996 20.738 0.250 5.74 367.0
2460853.82446 20.782 0.291 5.96 391.0
2460854.57548 20.698 0.258 6.06 354.0
2460854.61307 20.744 0.266 6.08 357.0
2460854.65074 20.988 0.266 5.60 294.0
2460854.69054 20.585 0.202 5.59 315.0
2460854.72865 20.649 0.210 5.59 303.0
2460854.80335 20.957 0.287 5.61 341.0
2460856.53843 20.341 0.212 7.17 353.0
2460856.57590 20.924 0.271 5.54 337.0
2460856.61367 20.446 0.176 5.63 324.0
2460856.65242 20.467 0.165 5.39 310.0
2460856.69255 21.199 0.285 4.62 303.0
2460856.73045 20.871 0.209 4.77 284.0
2460856.76800 21.114 0.286 5.04 303.0
2460858.65039 20.575 0.159 4.68 298.0
2460858.83318 20.828 0.257 5.28 360.0
2460859.57970 20.659 0.197 5.25 295.0
2460859.61802 20.868 0.243 5.57 294.0
2460859.69483 21.082 0.270 4.51 301.0
2460859.73252 21.040 0.272 4.85 287.0
2460859.77001 21.184 0.282 4.11 313.0
2460859.80784 20.905 0.258 4.83 335.0
2460859.84507 20.588 0.230 5.52 384.0
2460860.54589 20.747 0.267 5.79 419.0
2460860.58719 20.570 0.166 4.45 357.0
2460860.62825 20.870 0.208 4.60 328.0
2460860.67129 20.732 0.181 4.37 321.0
2460860.71247 21.023 0.250 4.79 318.0
2460860.75365 21.095 0.275 4.92 305.0
2460860.79428 20.690 0.185 4.76 285.0
2460860.83525 20.757 0.210 4.86 312.0
2460861.58394 20.120 0.226 7.50 514.0
2460861.72463 20.787 0.280 5.46 446.0
2460870.55913 20.598 0.241 6.39 361.0
2460870.59969 20.827 0.257 5.63 336.0
2460870.64116 20.830 0.248 5.38 343.0
2460870.68251 20.553 0.199 5.64 353.0
2460870.72341 20.740 0.222 5.25 362.0
2460870.76445 21.002 0.283 5.11 390.0
2460871.51412 20.570 0.251 7.36 299.0
2460872.59797 20.806 0.234 5.68 286.0
2460873.59808 20.755 0.269 6.26 332.0
2460873.76836 20.692 0.247 5.28 375.0
2460873.81041 20.632 0.241 5.34 430.0
2460874.51180 20.955 0.255 5.44 313.0
2460874.57288 21.029 0.250 5.12 314.0
2460874.61669 21.199 0.269 4.63 304.0
2460874.70136 20.793 0.221 5.10 305.0
2460874.78537 21.020 0.290 4.80 366.0
2460875.54889 20.716 0.211 5.29 344.0
2460875.59010 20.583 0.161 4.66 332.0
2460875.63471 20.857 0.199 4.44 301.0
2460875.71733 20.622 0.181 4.59 325.0
2460875.80629 20.887 0.285 5.30 426.0
2460876.56117 20.626 0.167 4.88 270.0
2460876.76503 20.906 0.258 5.34 332.0
2460876.80845 20.851 0.281 5.68 381.0
2460877.65203 20.811 0.240 5.18 345.0
2460878.55497 20.638 0.176 4.89 323.0
2460878.59863 20.741 0.169 4.46 291.0
2460878.68945 21.018 0.224 4.77 265.0
2460878.73426 21.201 0.279 4.59 309.0
2460878.78779 20.799 0.217 5.11 313.0
2460879.53534 20.928 0.244 5.02 313.0
2460879.60614 20.771 0.205 4.98 290.0
2460879.67589 20.790 0.209 5.19 287.0
2460879.73841 20.560 0.181 5.28 309.0
2460880.59682 20.724 0.213 5.64 281.0
2460880.68971 21.029 0.280 5.05 321.0
2460881.55621 21.011 0.286 5.57 302.0
2460881.60081 20.994 0.239 4.88 283.0
2460881.64260 20.692 0.196 5.01 293.0
2460881.68812 21.125 0.292 5.09 308.0
2460881.73036 20.745 0.228 5.29 359.0
2460884.63954 20.887 0.231 4.99 305.0
2460884.68057 21.008 0.291 5.64 296.0
2460885.55436 20.599 0.172 5.23 294.0
2460885.59744 20.793 0.202 4.87 279.0
2460885.63904 20.470 0.161 5.19 271.0
2460885.68251 21.087 0.275 5.23 273.0
2460885.74589 20.820 0.223 5.22 292.0
2460886.63544 20.805 0.224 5.17 293.0
2460897.54375 20.523 0.259 5.96 538.0
2460898.67945 20.952 0.289 5.05 418.0
2460899.51397 21.051 0.270 5.09 307.0
2460899.54085 20.775 0.231 5.20 352.0
2460899.58978 20.849 0.220 4.60 342.0
2460899.63053 20.794 0.222 4.81 363.0
2460899.67039 20.452 0.182 5.15 389.0
2460899.70977 20.777 0.270 5.38 440.0
2460900.47507 20.414 0.226 5.19 660.0
2460900.69692 20.905 0.253 5.23 365.0
2460901.62767 20.719 0.236 4.99 369.0
2460901.66640 20.658 0.228 5.41 398.0
2460903.69162 20.155 0.211 7.37 396.0
2460907.55582 20.783 0.292 6.16 380.0
2460912.61830 20.702 0.256 5.98 336.0
2460912.66719 20.875 0.290 5.58 386.0
2460913.67344 20.792 0.234 5.59 317.0
2460914.51882 20.394 0.216 6.22 370.0
2460914.65910 20.971 0.289 5.41 316.0
2460915.48407 20.530 0.213 6.10 384.0
2460915.52273 20.924 0.263 5.01 327.0
2460915.59945 20.442 0.176 5.29 326.0
2460915.65652 20.750 0.244 5.88 304.0
2460916.53277 20.632 0.243 5.92 371.0
2460927.51081 20.656 0.221 5.07 505.0
2460927.54617 20.849 0.253 4.85 513.0
2460927.61732 20.412 0.257 6.39 562.0
2460928.51312 20.747 0.218 5.22 358.0
2460928.61915 20.628 0.274 5.90 524.0
2460929.53877 20.688 0.203 5.22 363.0
2460930.51557 20.877 0.236 5.05 390.0
2460930.55089 20.891 0.264 5.21 420.0
2460930.58595 20.809 0.270 5.36 448.0
2460931.52715 20.665 0.261 6.36 361.0
2460932.54976 20.879 0.282 5.69 384.0
2460934.50648 21.014 0.288 4.96 423.0
2460934.57891 20.690 0.231 5.17 466.0
2460969.50096 20.704 0.278 5.73 516.0
