2457790.86809 19.678 0.106 5.97 417.0
2457790.88360 19.744 0.119 4.61 913.0
2457791.86319 19.881 0.101 4.99 374.0
2457792.85947 19.625 0.107 5.89 535.0
2457793.85690 19.960 0.134 4.93 606.0
2457793.88830 19.716 0.117 4.31 965.0
2457794.85764 19.695 0.158 6.28 734.0
2457795.86263 19.693 0.143 5.96 739.0
2457796.86656 19.772 0.103 4.73 567.0
2457797.87181 19.691 0.115 4.98 712.0
2457798.87149 19.882 0.108 4.45 468.0
2457799.86674 19.933 0.157 5.97 523.0
2457800.85073 19.931 0.123 5.26 453.0
2457801.84121 19.910 0.181 5.99 701.0
2457801.88654 19.860 0.135 5.00 617.0
2457802.88443 19.914 0.181 6.95 571.0
2457803.86770 19.492 0.111 4.37 1201.0
2457807.82750 19.654 0.090 5.57 330.0
2457807.87412 19.941 0.103 5.03 316.0
2457808.83066 19.716 0.110 5.88 355.0
2457809.83752 19.928 0.120 5.77 398.0
2457809.88517 19.938 0.107 5.30 320.0
2457810.83432 19.817 0.095 4.86 380.0
2457810.88176 19.981 0.105 4.86 314.0
2457811.83993 20.171 0.127 4.75 337.0
2457811.88520 19.974 0.101 4.79 296.0
2457812.85614 19.838 0.086 4.46 363.0
2457812.90097 19.677 0.083 4.46 440.0
2457813.84555 19.706 0.089 4.75 428.0
2457814.85551 19.817 0.074 4.11 318.0
2457814.90313 19.843 0.113 4.11 782.0
2457815.86914 19.861 0.087 4.44 330.0
2457816.81377 19.723 0.110 5.99 356.0
2457816.85895 19.842 0.090 4.86 321.0
2457817.81019 19.850 0.091 4.46 405.0
2457817.85547 19.704 0.070 4.09 378.0
2457817.90067 19.901 0.089 3.84 480.0
2457818.84167 19.683 0.074 4.15 348.0
2457818.88676 19.931 0.086 4.39 315.0
2457819.82145 20.020 0.104 4.93 325.0
2457819.87323 19.922 0.082 4.23 294.0
2457820.83012 19.866 0.094 4.41 379.0
2457820.87595 19.923 0.091 4.26 354.0
2457821.81451 19.853 0.115 4.77 464.0
2457821.85884 19.908 0.110 4.84 377.0
2457822.80688 19.815 0.129 5.30 595.0
2457822.85150 19.921 0.123 5.15 450.0
2457822.89625 19.943 0.096 4.56 341.0
2457823.83682 19.705 0.087 4.13 531.0
2457823.88140 19.852 0.097 4.31 450.0
2457824.83279 19.893 0.135 5.35 548.0
2457824.87754 19.846 0.131 5.59 492.0
2457825.82449 19.895 0.114 4.59 561.0
2457825.86911 19.782 0.101 4.71 480.0
2457826.78293 20.136 0.180 5.27 659.0
2457826.82802 20.029 0.168 5.57 578.0
2457826.87270 19.629 0.111 5.62 526.0
2457827.80203 19.947 0.118 4.55 510.0
2457827.84635 20.013 0.115 4.43 449.0
2457827.89113 19.855 0.096 4.39 431.0
2457828.81568 19.747 0.100 4.68 514.0
2457828.86014 19.732 0.085 4.16 456.0
2457828.90501 19.804 0.096 4.52 448.0
2457829.84214 19.629 0.106 4.99 606.0
2457830.80072 19.582 0.132 4.45 1572.0
2457830.84177 19.864 0.129 4.63 783.0
2457830.88011 19.788 0.105 4.28 675.0
2457834.78728 19.823 0.133 6.59 348.0
2457834.83371 19.975 0.107 5.20 317.0
2457834.88089 19.944 0.118 5.59 298.0
2457835.75505 19.912 0.125 6.51 267.0
2457835.82751 19.791 0.153 7.60 292.0
2457835.87927 19.824 0.103 5.61 283.0
2457836.75970 19.951 0.152 6.74 327.0
2457836.81658 20.089 0.164 6.99 271.0
2457836.86564 19.790 0.091 5.46 259.0
2457836.91357 19.910 0.141 5.92 432.0
2457837.78370 20.427 0.161 5.52 264.0
2457837.83003 19.776 0.090 5.47 249.0
2457837.87689 20.034 0.091 4.51 268.0
2457838.75333 19.773 0.106 5.81 348.0
2457838.79941 19.816 0.099 5.36 311.0
2457838.85494 19.960 0.096 4.72 313.0
2457838.90277 19.824 0.080 4.64 295.0
2457839.76117 19.914 0.079 4.29 251.0
2457839.82055 19.853 0.070 4.10 238.0
2457839.86969 19.897 0.069 3.91 234.0
2457840.74186 19.807 0.101 5.44 314.0
2457840.78949 19.856 0.092 5.09 252.0
2457840.84609 19.776 0.076 4.63 265.0
2457840.89362 19.861 0.073 4.26 261.0
2457841.77100 19.672 0.125 7.63 272.0
2457841.81706 19.994 0.144 6.95 261.0
2457841.86247 20.221 0.189 6.97 280.0
2457842.76429 19.860 0.113 6.11 268.0
2457842.81069 19.982 0.107 5.39 265.0
2457842.85721 19.946 0.113 5.65 288.0
2457842.91128 20.009 0.119 5.51 298.0
2457843.76873 19.794 0.088 5.34 253.0
2457843.82412 20.123 0.123 5.63 239.0
2457843.87105 19.856 0.079 4.74 227.0
2457843.92051 19.789 0.097 5.20 336.0
2457844.76529 20.043 0.097 4.95 252.0
2457844.82071 20.032 0.154 6.75 254.0
2457844.86632 19.904 0.129 6.79 262.0
2457844.92057 19.979 0.164 5.77 511.0
2457845.75854 19.684 0.092 5.67 277.0
2457845.81387 19.945 0.100 5.04 269.0
2457845.86054 19.820 0.092 5.48 256.0
2457845.91187 19.741 0.071 4.56 263.0
2457846.76023 19.909 0.095 5.10 256.0
2457846.80644 19.694 0.081 5.36 245.0
2457846.85187 19.749 0.082 5.01 256.0
2457846.90319 19.801 0.097 5.46 270.0
2457847.73994 19.771 0.100 5.55 283.0
2457847.78595 20.304 0.130 4.76 263.0
2457847.84206 19.902 0.093 4.97 259.0
2457847.89157 19.893 0.092 4.86 258.0
2457848.72343 19.919 0.119 5.57 366.0
2457848.76888 20.090 0.125 5.70 261.0
2457848.81475 20.035 0.090 4.60 243.0
2457848.87181 19.868 0.070 4.21 238.0
2457848.92042 19.945 0.099 4.70 337.0
2457849.75124 19.968 0.100 4.76 350.0
2457849.79758 19.762 0.073 4.50 268.0
2457849.85329 20.095 0.082 3.68 261.0
2457849.90425 19.892 0.078 4.27 260.0
2457850.73283 20.110 0.165 5.76 404.0
2457850.77970 19.670 0.106 5.93 352.0
2457850.82536 20.106 0.104 4.51 285.0
2457850.88317 19.842 0.076 4.45 261.0
2457851.71121 20.367 0.277 6.86 545.0
2457851.76589 20.179 0.168 5.77 411.0
2457851.81233 19.796 0.105 5.41 368.0
2457851.85905 19.752 0.078 4.79 294.0
2457851.91929 20.034 0.102 4.67 329.0
2457852.84026 19.923 0.132 6.51 331.0
2457852.88956 19.960 0.129 6.28 295.0
2457853.87201 19.903 0.176 7.47 387.0
2457853.88362 20.016 0.154 6.31 377.0
2457853.91504 19.887 0.166 7.47 378.0
2457854.71954 19.686 0.106 4.84 615.0
2457854.76592 19.805 0.098 4.49 521.0
2457854.82138 19.846 0.101 4.40 464.0
2457854.87035 19.997 0.141 5.58 454.0
2457854.91885 19.913 0.095 3.59 518.0
2457855.76455 19.899 0.102 3.92 589.0
2457855.81168 19.758 0.094 4.06 554.0
2457855.86003 19.926 0.097 3.88 526.0
2457855.91847 19.930 0.119 4.31 585.0
2457856.74279 19.693 0.150 6.59 568.0
2457856.79103 19.876 0.149 5.84 515.0
2457856.83791 19.849 0.169 6.83 515.0
2457856.89827 19.764 0.175 7.34 517.0
2457857.79999 19.674 0.218 6.07 1630.0
2457857.85384 20.370 0.261 6.04 730.0
2457857.89585 19.835 0.122 5.08 549.0
2457858.77385 19.949 0.092 3.90 424.0
2457858.81067 19.780 0.084 4.17 435.0
2457858.84466 20.288 0.189 5.47 517.0
2457858.88744 19.840 0.108 5.24 396.0
2457862.68546 19.742 0.103 5.71 351.0
2457862.73283 19.932 0.116 5.43 331.0
2457862.77986 19.831 0.103 5.46 315.0
2457862.82692 19.963 0.120 5.53 326.0
2457862.87540 19.847 0.115 5.61 340.0
2457863.73723 20.146 0.118 5.00 316.0
2457863.81295 19.980 0.107 5.19 295.0
2457863.88953 20.039 0.105 4.62 332.0
2457864.71464 19.904 0.074 4.29 274.0
2457864.78678 19.746 0.058 3.64 267.0
2457864.84783 19.819 0.076 4.52 286.0
2457864.89952 19.923 0.078 3.89 324.0
2457865.68898 20.003 0.088 4.32 300.0
2457865.73466 19.867 0.084 4.47 289.0
2457865.78093 19.847 0.072 3.78 280.0
2457865.85270 19.881 0.082 4.23 326.0
2457865.90531 19.767 0.081 4.11 376.0
2457866.69999 19.986 0.102 4.75 304.0
2457866.74655 19.793 0.071 3.91 287.0
2457866.80233 20.061 0.083 3.69 278.0
2457866.86330 19.884 0.068 3.50 304.0
2457866.91086 19.928 0.073 3.36 335.0
2457867.71880 19.897 0.078 4.17 279.0
2457867.76567 19.848 0.066 3.90 258.0
2457867.83156 19.761 0.067 4.51 265.0
2457867.88143 19.946 0.088 4.44 278.0
2457867.92824 19.780 0.108 4.92 447.0
2457868.79146 19.762 0.102 5.51 287.0
2457868.85328 20.171 0.161 5.91 325.0
2457868.92177 19.995 0.163 6.62 338.0
2457869.71310 20.038 0.104 5.23 269.0
2457869.75905 20.048 0.099 4.73 272.0
2457869.81484 19.828 0.067 3.92 260.0
2457869.87453 20.017 0.082 3.73 310.0
2457869.92191 19.972 0.079 3.27 377.0
2457870.73940 19.935 0.065 3.62 246.0
2457870.79562 19.876 0.067 3.74 245.0
2457870.85374 19.890 0.081 4.24 258.0
2457870.90166 19.849 0.078 4.07 290.0
2457871.70845 19.966 0.083 4.36 295.0
2457871.75516 19.765 0.067 3.96 301.0
2457871.82082 19.762 0.054 3.17 273.0
2457871.88025 19.898 0.080 3.75 296.0
2457871.92984 19.691 0.087 3.83 637.0
2457872.72438 19.774 0.067 3.79 302.0
2457872.77069 19.763 0.056 3.19 296.0
2457872.84117 19.766 0.060 3.57 299.0
2457872.90363 19.813 0.071 3.57 332.0
2457873.67352 19.979 0.087 4.39 311.0
2457873.71942 19.906 0.078 4.12 309.0
2457873.76581 20.053 0.075 3.40 276.0
2457873.81270 19.768 0.055 3.26 280.0
2457873.88463 19.983 0.085 3.79 320.0
2457873.93124 19.921 0.119 4.48 576.0
2457874.69487 19.844 0.106 5.54 337.0
2457874.74998 19.901 0.133 6.26 316.0
2457874.80692 20.041 0.120 5.40 300.0
2457874.85723 20.049 0.129 5.05 362.0
2457874.90441 19.979 0.116 5.19 372.0
2457875.76325 19.970 0.093 4.34 310.0
2457875.84372 19.927 0.087 4.08 337.0
2457875.90103 19.760 0.083 4.31 585.0
2457875.93486 19.772 0.131 4.91 789.0
2457876.69135 19.668 0.096 5.56 381.0
2457876.73893 19.872 0.088 4.41 349.0
2457876.79810 19.677 0.068 4.17 323.0
2457876.86032 19.743 0.072 4.05 319.0
2457876.90733 19.959 0.106 4.72 373.0
2457877.66877 19.801 0.093 5.06 377.0
2457877.71529 19.776 0.076 4.13 344.0
2457877.78126 19.787 0.063 3.59 310.0
2457877.83170 19.760 0.070 3.62 381.0
2457877.88443 19.811 0.090 4.20 424.0
2457878.71229 19.957 0.080 3.60 380.0
2457878.77763 19.794 0.067 3.74 327.0
2457878.82812 19.853 0.070 3.67 322.0
2457878.88665 19.894 0.076 3.70 340.0
2457878.93272 19.956 0.119 4.01 682.0
2457879.69544 20.209 0.171 5.74 396.0
2457879.74161 19.931 0.149 6.09 413.0
2457879.78760 19.934 0.144 6.19 353.0
2457879.87932 20.134 0.190 6.65 365.0
2457880.69352 20.482 0.258 6.60 403.0
2457880.73952 19.925 0.122 5.44 394.0
2457880.78787 19.899 0.148 6.33 411.0
2457880.84608 19.714 0.132 6.72 405.0
2457880.90078 20.002 0.188 7.03 419.0
2457881.78524 19.654 0.109 5.31 527.0
2457881.83527 19.901 0.134 5.47 467.0
2457881.88368 19.837 0.180 6.93 495.0
2457882.72900 19.917 0.123 5.35 458.0
2457882.78581 19.842 0.115 5.21 476.0
2457882.84452 20.015 0.122 4.46 519.0
2457882.89155 19.757 0.101 4.59 538.0
2457883.68772 19.782 0.178 7.34 610.0
2457890.69359 19.702 0.133 6.63 431.0
2457890.75417 19.988 0.140 5.33 468.0
2457890.83860 19.846 0.123 5.00 527.0
2457890.88623 19.777 0.167 6.85 559.0
2457893.64245 19.877 0.137 6.48 355.0
2457893.69009 19.814 0.112 6.00 319.0
2457893.73661 19.811 0.104 5.70 323.0
2457893.80364 19.720 0.102 5.61 315.0
2457893.85109 19.947 0.098 4.46 332.0
2457893.89801 19.735 0.107 5.40 404.0
2457894.62806 19.900 0.124 6.25 377.0
2457894.67429 19.832 0.078 4.58 308.0
2457894.72934 19.734 0.069 4.34 286.0
2457894.78643 19.844 0.084 4.45 298.0
2457894.83331 19.769 0.077 4.16 319.0
2457894.87989 19.734 0.091 4.76 372.0
2457894.92613 19.772 0.129 5.86 438.0
2457895.62487 20.036 0.118 5.42 430.0
2457895.77864 19.902 0.095 4.83 356.0
2457897.63738 19.894 0.118 6.07 301.0
2457897.68414 19.799 0.105 5.52 302.0
2457897.73214 19.897 0.108 5.47 336.0
2457900.90394 19.943 0.171 7.31 371.0
2457901.61558 19.972 0.137 6.56 327.0
2457901.66318 19.841 0.115 6.08 275.0
2457901.71868 20.040 0.114 5.43 308.0
2457901.80354 19.862 0.108 5.49 303.0
2457901.85081 19.741 0.099 5.19 425.0
2457902.60856 19.648 0.122 6.73 357.0
2457902.65828 19.745 0.104 5.75 312.0
2457902.71347 19.844 0.082 4.70 276.0
2457902.77421 19.803 0.084 4.68 300.0
2457902.82008 19.899 0.132 5.99 352.0
2457903.69221 19.828 0.141 7.68 252.0
2457903.77911 19.883 0.147 7.40 261.0
2457903.82651 19.841 0.099 5.08 325.0
2457903.88206 19.799 0.106 5.43 372.0
2457904.58695 19.670 0.140 7.89 358.0
2457904.63613 19.981 0.112 5.62 289.0
2457904.67968 19.709 0.067 4.59 258.0
2457904.73641 19.721 0.064 4.06 254.0
2457904.79516 19.777 0.066 4.02 243.0
2457904.84308 19.733 0.093 5.27 302.0
2457904.88914 19.897 0.102 4.94 364.0
2457905.60204 19.877 0.113 5.83 332.0
2457905.64906 19.743 0.072 4.29 292.0
2457905.70439 19.865 0.064 3.55 270.0
2457905.76227 20.100 0.100 4.01 303.0
2457905.80972 19.897 0.082 4.00 324.0
2457905.85808 19.851 0.096 4.29 406.0
2457905.92094 19.815 0.108 4.89 470.0
2457906.56624 20.035 0.134 5.31 455.0
2457906.61215 19.888 0.091 4.41 342.0
2457906.66043 19.914 0.076 3.81 300.0
2457906.71531 19.885 0.071 3.71 324.0
2457906.77522 19.853 0.076 3.67 348.0
2457906.82251 19.701 0.079 4.16 393.0
2457906.86932 20.015 0.116 4.68 432.0
2457906.91601 19.849 0.129 5.35 611.0
2457907.59508 20.214 0.173 5.24 619.0
2457907.66461 19.733 0.087 4.41 461.0
2457907.70528 19.935 0.110 4.34 538.0
2457907.74892 19.490 0.069 4.17 498.0
2457907.82545 19.708 0.086 4.26 525.0
2457908.57699 20.175 0.214 6.53 560.0
2457908.61777 19.923 0.132 5.47 473.0
2457908.66448 19.805 0.094 4.51 427.0
2457908.71970 19.741 0.074 4.14 368.0
2457908.77838 19.886 0.101 4.38 411.0
2457908.82526 19.764 0.077 4.34 325.0
2457908.87225 19.793 0.093 4.67 405.0
2457908.91438 19.689 0.125 5.81 556.0
2457909.56048 19.706 0.151 6.19 726.0
2457909.60682 20.009 0.138 5.10 527.0
2457909.65584 19.901 0.095 4.01 436.0
2457909.71192 19.823 0.081 3.65 434.0
2457909.76091 19.810 0.102 3.87 626.0
2457909.80800 19.733 0.089 4.06 486.0
2457909.84664 19.697 0.074 4.10 402.0
2457909.89762 20.008 0.119 4.42 520.0
2457910.55435 19.701 0.136 5.68 690.0
2457910.60862 19.826 0.120 5.16 498.0
2457910.65533 19.852 0.114 5.08 443.0
2457910.71261 19.914 0.089 3.98 394.0
2457910.77233 19.939 0.105 4.25 460.0
2457910.81835 19.984 0.103 3.94 476.0
2457910.87330 19.892 0.110 4.33 628.0
2457911.58146 19.994 0.190 6.08 701.0
2457911.62211 20.181 0.184 5.44 569.0
2457911.66932 19.953 0.138 5.17 538.0
2457911.71425 20.088 0.231 7.15 532.0
2457911.82305 20.504 0.296 5.87 684.0
2457916.55054 20.163 0.227 6.22 789.0
2457916.59737 20.057 0.128 4.42 616.0
2457916.63362 19.958 0.109 4.04 637.0
2457916.67477 19.929 0.106 4.10 593.0
2457916.71722 19.819 0.104 4.31 604.0
2457916.76232 20.007 0.107 3.78 579.0
2457916.80466 19.837 0.101 3.98 592.0
2457916.84837 20.102 0.173 4.96 666.0
2457917.55828 20.195 0.193 5.96 512.0
2457917.60446 19.623 0.100 5.31 464.0
2457917.65464 19.741 0.094 4.78 404.0
2457917.70371 19.992 0.116 4.62 418.0
2457917.75370 20.112 0.105 3.59 434.0
2457917.80041 19.725 0.102 4.74 500.0
2457917.84609 20.042 0.200 6.09 632.0
2457917.89250 19.762 0.165 5.83 865.0
2457918.57195 19.509 0.077 5.74 503.0
2457918.65100 19.906 0.163 5.65 708.0
2457922.61587 19.951 0.119 5.72 307.0
2457922.67136 19.825 0.087 4.74 302.0
2457922.72941 19.848 0.119 5.93 314.0
2457923.53939 19.855 0.127 6.02 409.0
2457923.58472 19.785 0.109 5.48 404.0
2457923.63088 19.960 0.095 4.71 310.0
2457923.70574 19.538 0.100 6.51 327.0
2457923.75244 19.776 0.131 6.72 348.0
2457923.80048 20.204 0.166 5.53 377.0
2457923.84581 19.671 0.132 6.84 400.0
2457923.88849 20.029 0.194 6.61 496.0
2457924.50761 19.694 0.110 6.15 422.0
2457924.55182 20.062 0.124 5.28 347.0
2457924.59769 19.822 0.090 4.88 299.0
2457924.64205 19.792 0.082 4.53 297.0
2457924.70838 19.773 0.080 4.18 310.0
2457924.75546 19.753 0.079 3.99 291.0
2457924.80146 19.664 0.077 4.70 344.0
2457924.84738 19.705 0.090 4.69 425.0
2457925.57597 19.739 0.116 6.38 330.0
2457925.62147 19.745 0.103 6.25 281.0
2457925.66833 19.748 0.065 4.18 242.0
2457925.74186 19.864 0.124 6.27 289.0
2457925.78990 19.737 0.083 5.10 264.0
2457925.84216 20.081 0.139 5.79 342.0
2457926.55788 20.455 0.219 6.32 365.0
2457926.61002 19.930 0.104 5.40 315.0
2457926.67596 19.869 0.099 5.45 273.0
2457926.73974 19.748 0.102 5.89 306.0
2457926.79221 19.727 0.127 6.63 334.0
2457926.84716 19.941 0.136 6.36 364.0
2457928.60467 19.946 0.103 4.94 334.0
2457928.65228 19.731 0.087 5.26 299.0
2457929.58997 20.312 0.167 5.81 579.0
2457932.60522 20.002 0.107 5.11 286.0
2457932.66179 19.934 0.128 5.95 307.0
2457932.71047 19.837 0.121 6.18 291.0
2457932.76985 19.831 0.110 5.93 280.0
2457932.81542 19.953 0.116 5.58 334.0
2457933.59428 19.668 0.096 6.08 274.0
2457933.64101 19.930 0.106 5.77 237.0
2457933.69078 19.934 0.110 5.81 224.0
2457933.75738 19.674 0.114 7.32 238.0
2457933.80127 19.839 0.140 7.12 286.0
2457934.49916 19.718 0.098 5.51 406.0
2457934.54505 19.818 0.093 5.32 313.0
2457934.59072 19.888 0.091 4.79 289.0
2457934.64604 19.858 0.084 4.63 291.0
2457934.74481 19.802 0.076 4.31 285.0
2457934.79075 19.754 0.102 5.69 309.0
2457934.83679 19.721 0.133 7.29 311.0
2457935.53055 19.763 0.085 4.63 363.0
2457935.58696 19.879 0.089 4.41 311.0
2457935.64391 19.796 0.076 4.09 280.0
2457935.69324 19.727 0.080 4.43 288.0
2457935.74028 19.746 0.070 4.25 241.0
2457935.78728 19.861 0.071 4.05 265.0
2457935.85613 19.777 0.083 4.59 336.0
2457936.48562 19.728 0.108 5.46 432.0
2457936.53825 19.974 0.129 5.70 336.0
2457936.58587 19.769 0.083 4.90 289.0
2457936.63381 19.791 0.085 5.19 265.0
2457936.70614 19.874 0.103 5.52 259.0
2457936.76227 20.024 0.118 5.61 236.0
2457936.81039 19.890 0.094 5.31 246.0
2457936.85713 19.898 0.182 8.16 322.0
2457937.48003 20.029 0.178 6.31 542.0
2457937.52695 19.963 0.151 5.93 455.0
2457937.57498 19.747 0.104 5.47 378.0
2457937.62217 20.100 0.100 4.35 300.0
2457937.67041 19.995 0.107 4.84 332.0
2457937.72848 19.911 0.120 5.96 303.0
2457937.78544 19.988 0.136 6.43 280.0
2457937.83187 19.659 0.127 7.31 326.0
2457938.55041 20.111 0.159 5.36 428.0
2457938.59888 20.041 0.167 6.55 381.0
2457938.65031 19.650 0.151 8.05 399.0
2457944.49075 19.838 0.129 4.96 651.0
2457944.52991 20.059 0.149 4.78 637.0
2457944.57014 19.979 0.123 4.46 575.0
2457944.60878 19.719 0.095 4.34 543.0
2457944.65698 19.652 0.092 4.42 493.0
2457944.70641 19.807 0.120 5.19 512.0
2457944.75314 19.653 0.107 5.21 546.0
2457944.79398 19.687 0.118 5.01 666.0
2457945.46705 19.785 0.208 7.32 732.0
2457945.51190 19.596 0.110 5.80 570.0
2457945.55840 19.767 0.105 5.13 436.0
2457945.60613 19.786 0.077 3.89 403.0
2457945.65465 20.140 0.121 4.62 360.0
2457945.70241 19.666 0.073 4.35 373.0
2457945.74976 19.783 0.082 3.98 443.0
2457945.79681 20.014 0.139 5.00 534.0
2457946.49267 20.053 0.135 5.85 294.0
2457946.54991 19.876 0.093 4.29 400.0
2457946.59791 19.873 0.083 3.87 384.0
2457946.66323 19.916 0.115 5.44 331.0
2457946.71077 19.896 0.113 5.34 348.0
2457946.75864 19.883 0.118 5.51 362.0
2457946.80692 19.815 0.127 6.09 413.0
2457947.50978 19.947 0.113 5.71 276.0
2457947.54849 19.883 0.108 5.78 293.0
2457947.59738 19.856 0.098 5.32 294.0
2457947.64794 19.906 0.104 5.26 294.0
2457947.74193 19.813 0.118 5.97 347.0
2457947.78935 19.889 0.163 7.19 406.0
2457948.46460 20.124 0.265 6.82 814.0
2457948.50263 19.945 0.109 5.51 285.0
2457948.56051 19.708 0.078 5.06 262.0
2457948.61818 20.029 0.100 4.92 283.0
2457948.66976 19.811 0.111 5.25 430.0
2457948.74033 19.738 0.089 4.88 377.0
2457948.78667 19.908 0.123 5.50 425.0
2457949.57382 19.883 0.142 5.73 527.0
2457949.63085 19.735 0.108 5.86 352.0
2457949.73434 19.775 0.140 6.04 536.0
2457952.68644 19.836 0.091 4.84 267.0
2457952.73818 19.912 0.122 6.37 247.0
2457952.79352 19.692 0.134 7.69 292.0
2457953.47343 20.185 0.168 5.65 433.0
2457953.51875 20.010 0.102 4.66 309.0
2457953.58906 19.996 0.080 4.19 253.0
2457953.64379 20.071 0.107 5.13 236.0
2457953.69423 19.955 0.084 4.57 213.0
2457953.74616 20.078 0.102 5.08 241.0
2457953.79543 20.021 0.143 6.51 321.0
2457954.48453 19.876 0.104 4.91 514.0
2457954.53638 19.828 0.086 4.56 371.0
2457954.59831 19.749 0.062 4.02 239.0
2457954.66532 19.752 0.065 4.14 225.0
2457954.72667 19.615 0.063 4.32 300.0
2457954.78187 19.768 0.083 4.71 334.0
2457955.73860 19.720 0.074 4.75 288.0
2457955.78225 19.744 0.102 6.23 308.0
2457956.48689 19.842 0.098 4.59 380.0
2457956.54446 19.752 0.086 4.63 332.0
2457956.60064 19.843 0.060 3.32 247.0
2457956.66826 19.874 0.082 4.52 247.0
2457956.71535 19.864 0.085 4.63 273.0
2457956.76596 19.779 0.107 6.48 306.0
2457957.54032 19.906 0.134 6.45 319.0
2457957.67491 19.950 0.138 6.76 282.0
2457957.72374 19.664 0.101 6.58 304.0
2457958.57154 20.040 0.161 6.43 353.0
2457958.61465 19.834 0.124 6.37 293.0
2457958.64686 19.777 0.138 7.52 265.0
2457958.69797 20.037 0.142 6.41 268.0
2457958.74994 19.873 0.112 6.07 284.0
2457958.79053 19.835 0.155 7.56 345.0
2457959.48956 19.869 0.091 5.02 306.0
2457959.53087 20.030 0.095 4.48 300.0
2457959.57959 19.906 0.075 4.14 268.0
2457959.63174 20.073 0.097 4.59 252.0
2457959.68067 19.807 0.071 4.44 234.0
2457959.72962 19.805 0.092 5.45 264.0
2457959.78099 19.772 0.103 6.13 300.0
2457960.48272 19.967 0.136 6.28 323.0
2457960.53036 19.829 0.092 5.33 258.0
2457960.59390 19.828 0.078 4.92 250.0
2457960.65038 19.739 0.075 5.13 212.0
2457960.69984 19.838 0.086 5.19 237.0
2457960.75421 19.736 0.107 6.45 267.0
2457961.53208 19.852 0.089 5.04 319.0
2457961.59564 20.061 0.111 5.28 294.0
2457961.63199 19.945 0.090 4.94 274.0
2457961.67645 19.877 0.090 4.89 276.0
2457961.74266 19.788 0.102 5.82 377.0
2457962.49571 19.777 0.080 4.86 292.0
2457962.54019 19.931 0.081 4.31 295.0
2457962.65350 19.767 0.071 4.13 342.0
2457963.54798 19.925 0.106 4.63 402.0
2457964.53380 19.812 0.094 4.67 388.0
2457964.57159 19.971 0.112 5.19 344.0
2457964.62249 20.155 0.133 5.06 311.0
2457964.67078 19.861 0.094 4.77 320.0
2457964.75106 19.705 0.113 6.09 395.0
2457965.63736 19.817 0.088 4.52 335.0
2457965.67273 19.890 0.098 4.86 328.0
2457965.70332 19.803 0.096 5.10 400.0
2457966.52527 19.918 0.173 7.41 389.0
2457966.56000 19.755 0.113 6.08 329.0
2457966.59939 19.696 0.112 6.44 303.0
2457966.64740 20.039 0.149 6.44 289.0
2457966.69580 19.766 0.103 5.75 295.0
2457967.64878 19.936 0.193 5.97 787.0
2457967.71622 20.199 0.188 6.24 439.0
2457971.48146 19.983 0.184 5.97 658.0
2457971.52265 19.818 0.129 5.22 601.0
2457971.56106 19.763 0.126 5.37 525.0
2457971.59845 20.047 0.168 5.63 524.0
2457971.63673 20.081 0.147 4.76 541.0
2457971.67441 19.880 0.127 4.76 584.0
2457971.71492 19.590 0.140 6.14 724.0
2457972.48184 19.686 0.180 7.33 624.0
2457972.57151 19.700 0.154 6.57 554.0
2457972.61464 19.820 0.132 5.17 536.0
2457972.66072 19.999 0.190 6.17 577.0
2457972.70464 19.885 0.155 5.47 661.0
2457973.53678 19.880 0.187 7.21 528.0
2457973.58870 20.017 0.159 5.56 537.0
2457973.64556 19.975 0.151 5.51 535.0
2457973.70333 20.138 0.254 7.03 686.0
2457974.47466 19.995 0.203 7.25 471.0
2457974.52948 19.848 0.100 4.86 389.0
2457974.57967 19.716 0.089 4.51 392.0
2457974.62945 19.887 0.111 4.82 408.0
2457974.67843 19.863 0.143 5.84 471.0
2457974.72764 19.861 0.128 5.02 586.0
2457975.49443 19.742 0.137 7.22 324.0
2457975.65769 19.998 0.173 7.13 343.0
2457979.52527 19.830 0.075 4.22 297.0
2457979.57552 19.852 0.081 4.29 322.0
2457979.62811 19.804 0.075 4.20 308.0
2457980.47649 19.821 0.149 6.20 502.0
2457980.54495 19.572 0.097 5.82 368.0
2457980.59484 19.681 0.111 5.67 407.0
2457980.64254 19.761 0.120 5.87 413.0
2457981.47722 19.723 0.153 6.93 516.0
2457981.55811 20.006 0.120 4.80 384.0
2457981.61567 19.831 0.092 4.45 337.0
2457981.66270 19.643 0.095 5.18 364.0
2457982.49038 19.675 0.087 4.89 347.0
2457982.55655 19.971 0.102 4.68 282.0
2457982.60522 19.759 0.103 5.51 317.0
2457982.65145 19.754 0.099 5.85 317.0
2457983.51440 19.635 0.105 6.16 306.0
2457983.56374 19.723 0.089 5.11 299.0
2457983.61010 19.847 0.084 4.44 280.0
2457983.65999 19.965 0.099 5.59 279.0
2457984.50540 19.762 0.115 6.44 323.0
2457984.55779 19.847 0.114 5.64 280.0
2457984.60575 19.807 0.092 5.09 275.0
2457984.65233 20.024 0.119 5.29 277.0
2457985.51969 19.919 0.164 7.10 357.0
2457985.57317 19.960 0.150 6.44 322.0
2457985.61929 19.566 0.118 7.45 314.0
2457986.50881 19.751 0.067 3.98 309.0
2457986.58121 19.806 0.066 4.01 269.0
2457986.63118 19.908 0.086 4.58 276.0
2457987.47657 19.796 0.092 4.06 524.0
2457987.54204 19.910 0.085 4.10 306.0
2457987.59402 19.897 0.093 4.77 342.0
2457987.64586 19.862 0.083 4.62 334.0
2457990.49293 19.984 0.111 4.88 340.0
2457990.56026 19.867 0.111 5.57 329.0
2457990.60964 19.541 0.089 5.89 306.0
2457990.65499 19.780 0.132 6.96 317.0
2457991.51198 19.856 0.104 5.21 328.0
2457991.56984 19.679 0.118 6.85 312.0
2457991.62752 19.940 0.151 6.74 297.0
2457992.47797 19.986 0.108 4.49 437.0
2457992.52809 19.857 0.086 4.40 317.0
2457992.57449 19.803 0.100 5.35 308.0
2457992.62982 19.916 0.106 5.13 326.0
2457993.49459 19.975 0.103 4.50 346.0
2457993.54386 19.676 0.089 5.04 350.0
2457993.59092 19.937 0.106 5.26 304.0
2457993.63752 19.571 0.084 5.55 312.0
2457994.50791 19.849 0.111 5.28 378.0
2457994.55559 19.976 0.177 6.22 530.0
2457994.60449 19.776 0.117 6.20 392.0
2457994.65135 19.758 0.133 6.64 417.0
2457998.50725 19.983 0.261 4.68 2298.0
2457998.54570 19.891 0.148 5.32 625.0
2457998.58265 19.683 0.142 4.79 1130.0
2457998.62467 19.923 0.199 5.72 1004.0
2458000.49126 20.128 0.189 6.46 449.0
2458000.54284 19.919 0.162 6.56 452.0
2458000.57318 19.598 0.145 7.55 506.0
2458000.61810 19.963 0.154 5.46 608.0
2458001.49556 20.182 0.153 5.08 434.0
2458001.54339 19.959 0.117 4.77 455.0
2458001.59029 19.904 0.121 5.06 493.0
2458002.54481 19.899 0.180 5.72 647.0
2458002.63336 19.653 0.178 6.56 1124.0
2458003.55055 20.450 0.296 6.42 468.0
2458004.47893 20.450 0.294 6.37 591.0
2458004.54562 19.645 0.115 6.24 413.0
2458004.59304 20.059 0.200 7.09 451.0
2458005.54869 19.814 0.172 7.45 399.0
2458007.52984 19.683 0.099 5.56 348.0
2458007.59153 19.971 0.160 6.86 351.0
2458008.53392 19.806 0.115 5.97 323.0
2458008.59064 19.871 0.126 6.07 327.0
2458010.54833 19.972 0.128 5.21 383.0
2458011.51582 19.753 0.148 7.13 369.0
2458011.58579 19.737 0.130 6.68 362.0
2458012.52362 19.689 0.082 4.47 413.0
2458012.57125 19.908 0.108 4.78 451.0
2458013.50288 19.746 0.082 4.33 375.0
2458013.55934 20.001 0.121 5.05 399.0
2458014.49655 19.758 0.099 5.21 339.0
2458014.55260 19.845 0.103 5.33 366.0
2458015.47885 19.876 0.152 5.57 666.0
2458015.52794 19.695 0.124 6.68 362.0
2458016.48088 19.795 0.159 6.28 636.0
2458016.52753 19.737 0.122 6.54 375.0
2458017.48113 19.899 0.162 6.01 609.0
2458017.53724 19.759 0.091 5.28 358.0
2458018.48988 19.838 0.116 5.25 396.0
2458018.54753 19.724 0.096 5.85 365.0
2458019.50117 19.744 0.095 5.43 352.0
2458019.55916 19.731 0.098 5.51 344.0
2458020.53055 19.746 0.101 4.65 366.0
2458021.48474 20.156 0.206 5.63 628.0
2458021.55604 19.848 0.135 6.48 417.0
2458026.49785 19.916 0.162 4.62 1032.0
2458026.53810 20.044 0.171 4.91 877.0
2458029.50967 19.690 0.126 5.37 595.0
2458029.54087 20.081 0.204 5.95 606.0
2458030.50196 19.786 0.102 4.36 572.0
2458032.56303 20.240 0.248 6.05 732.0
2458035.56297 19.617 0.124 6.36 483.0
2458036.54017 19.923 0.169 7.00 432.0
2458037.54673 19.569 0.153 7.46 496.0
2458037.56479 20.182 0.258 7.27 533.0
2458039.53109 19.724 0.162 7.36 457.0
2458040.51410 20.241 0.228 6.20 524.0
2458040.56195 20.409 0.281 6.38 609.0
2458046.49734 19.950 0.228 7.74 668.0
2458048.51474 19.887 0.096 4.90 289.0
2458151.87494 19.705 0.136 5.39 896.0
2458152.87138 19.932 0.144 5.56 650.0
2458153.87014 19.799 0.112 4.88 572.0
2458155.86778 19.625 0.137 5.85 835.0
2458155.88526 19.594 0.126 5.00 1181.0
2458161.86523 19.883 0.106 5.08 371.0
2458161.89007 19.473 0.110 4.70 1135.0
2458162.87648 20.033 0.098 4.72 367.0
2458163.87254 19.798 0.132 6.78 399.0
2458164.86311 19.771 0.112 5.68 386.0
2458165.84835 20.079 0.121 5.04 397.0
2458165.88726 19.813 0.085 4.37 399.0
2458166.86840 19.927 0.127 6.14 337.0
2458167.84173 19.821 0.108 5.72 390.0
2458167.88010 19.938 0.113 5.14 333.0
2458168.84972 19.998 0.101 4.61 330.0
2458168.88781 20.044 0.118 5.00 337.0
2458169.85770 19.995 0.104 4.52 363.0
2458169.89522 19.710 0.093 4.34 509.0
2458170.85481 19.888 0.084 4.39 336.0
2458170.89221 20.009 0.100 3.93 432.0
2458171.85142 19.791 0.080 4.09 364.0
2458171.88890 19.768 0.078 3.77 396.0
2458172.84928 19.831 0.095 4.94 369.0
2458172.88656 19.750 0.089 4.49 382.0
2458173.84651 19.886 0.103 4.81 458.0
2458173.88570 20.026 0.094 4.14 385.0
2458174.83408 19.941 0.107 4.47 483.0
2458174.87141 20.155 0.115 4.16 423.0
2458175.81963 19.776 0.094 5.07 359.0
2458175.85749 19.983 0.097 4.51 344.0
2458175.89514 19.769 0.081 3.85 415.0
2458176.83820 19.870 0.093 4.36 380.0
2458176.87627 19.805 0.084 4.28 369.0
2458181.81486 20.385 0.211 5.33 624.0
2458181.85696 19.761 0.099 4.40 554.0
2458181.89638 19.888 0.117 4.48 536.0
2458182.86336 19.967 0.111 4.32 484.0
2458182.90967 20.220 0.193 4.19 1025.0
2458183.83567 19.861 0.118 5.44 520.0
2458183.88378 19.953 0.107 4.89 438.0
2458184.83100 19.828 0.105 4.13 575.0
2458184.86919 20.034 0.138 4.68 523.0
2458184.90827 20.154 0.254 5.14 1222.0
2458185.85154 19.522 0.111 5.65 591.0
2458185.89001 20.140 0.140 4.80 466.0
2458189.80708 19.979 0.102 4.78 334.0
2458189.85224 20.033 0.106 4.59 327.0
2458189.89866 19.948 0.095 4.20 329.0
2458190.80641 19.794 0.075 4.66 285.0
2458190.86339 19.840 0.061 3.62 273.0
2458190.90942 19.686 0.081 4.11 509.0
2458191.82479 19.877 0.104 5.38 315.0
2458191.88071 19.678 0.080 4.96 297.0
2458192.78442 19.896 0.120 5.97 325.0
2458192.83065 19.784 0.092 4.90 353.0
2458192.88809 19.701 0.073 4.60 292.0
2458193.80160 19.698 0.082 5.39 277.0
2458193.84889 19.728 0.087 5.55 268.0
2458193.89677 19.943 0.083 4.28 268.0
2458194.79539 19.833 0.106 5.80 283.0
2458194.84275 19.763 0.070 4.57 251.0
2458194.89836 19.791 0.073 4.13 282.0
2458195.78541 20.088 0.131 5.65 319.0
2458195.83101 19.798 0.097 5.47 290.0
2458195.88895 19.886 0.076 4.08 276.0
2458196.78512 19.779 0.081 4.71 290.0
2458196.83083 19.930 0.088 4.59 274.0
2458196.88686 19.799 0.078 4.70 261.0
2458197.76192 19.922 0.129 6.22 344.0
2458197.80153 19.762 0.095 5.46 296.0
2458197.84767 19.797 0.075 4.34 293.0
2458197.90256 19.979 0.068 3.39 293.0
2458198.77321 19.871 0.078 4.29 310.0
2458198.81913 19.870 0.080 4.56 299.0
2458198.87366 19.923 0.094 4.54 355.0
2458199.74825 19.835 0.100 5.46 308.0
2458199.79359 19.956 0.101 5.08 280.0
2458199.83960 19.832 0.102 5.80 283.0
2458200.74965 19.759 0.142 7.41 365.0
2458200.79973 20.017 0.099 5.04 329.0
2458200.84652 19.840 0.082 4.50 334.0
2458200.90157 19.877 0.085 4.16 354.0
2458201.75125 19.818 0.162 7.50 389.0
2458201.81115 19.798 0.092 5.14 284.0
2458201.86584 19.800 0.087 5.12 265.0
2458201.91181 20.023 0.097 4.64 278.0
2458202.77821 19.808 0.080 4.35 355.0
2458202.82371 19.901 0.079 4.06 334.0
2458202.87872 20.052 0.085 3.96 317.0
2458203.74916 19.914 0.096 4.98 298.0
2458203.79483 19.930 0.079 3.92 281.0
2458203.84057 19.760 0.066 4.13 289.0
2458203.89581 19.924 0.079 3.82 284.0
2458204.75745 19.894 0.139 6.15 450.0
2458204.80332 19.731 0.098 5.79 311.0
2458204.84874 19.861 0.096 5.21 297.0
2458204.90441 20.092 0.094 4.31 266.0
2458205.75866 19.621 0.111 6.36 410.0
2458205.86228 20.252 0.140 5.25 292.0
2458205.91959 19.749 0.106 4.10 697.0
2458206.76899 19.815 0.096 4.74 457.0
2458206.81474 19.811 0.078 4.11 383.0
2458206.86015 19.895 0.071 3.84 332.0
2458206.91716 19.928 0.084 3.56 465.0
2458207.76498 19.733 0.096 5.00 516.0
2458207.81038 19.616 0.082 4.83 440.0
2458207.85689 19.869 0.078 3.72 391.0
2458207.91216 19.889 0.070 3.74 312.0
2458208.76145 19.912 0.107 3.90 678.0
2458208.80685 19.908 0.095 3.57 582.0
2458208.85261 19.870 0.108 4.56 538.0
2458208.90955 19.818 0.107 4.03 694.0
2458209.75825 19.843 0.115 4.69 603.0
2458209.80439 19.861 0.110 4.66 517.0
2458209.85032 19.861 0.096 4.07 496.0
2458209.89627 19.799 0.079 3.54 485.0
2458210.73750 19.831 0.136 5.34 669.0
2458210.78501 19.821 0.104 4.45 539.0
2458210.83122 19.817 0.095 4.28 506.0
2458210.87694 20.026 0.108 4.20 484.0
2458210.92371 19.821 0.126 3.92 1097.0
2458211.75468 20.235 0.182 5.44 582.0
2458211.80057 19.937 0.136 5.28 544.0
2458211.84626 19.719 0.098 4.67 510.0
2458211.89324 20.190 0.126 3.98 518.0
2458212.73066 19.901 0.242 4.80 2324.0
2458212.76966 20.176 0.195 4.01 1278.0
2458212.85324 19.794 0.086 3.58 614.0
2458217.78563 20.151 0.155 6.07 335.0
2458217.83789 19.935 0.083 4.37 296.0
2458217.89037 20.016 0.094 4.51 295.0
2458220.74197 19.878 0.099 5.67 261.0
2458220.77439 20.001 0.102 5.39 239.0
2458220.82067 20.035 0.086 4.61 234.0
2458220.89324 19.861 0.082 4.65 284.0
2458221.70686 19.867 0.106 5.71 289.0
2458221.72442 19.877 0.106 5.78 267.0
2458221.81759 19.752 0.079 4.96 252.0
2458221.87301 19.860 0.078 4.22 281.0
2458221.92600 19.988 0.117 3.79 622.0
2458222.73116 19.766 0.076 4.75 285.0
2458222.77942 19.845 0.069 4.34 245.0
2458222.85426 20.030 0.101 4.55 280.0
2458222.90392 19.770 0.079 4.40 320.0
2458223.79261 19.692 0.068 4.10 280.0
2458223.86118 20.022 0.099 4.38 282.0
2458223.91363 19.970 0.102 4.38 324.0
2458224.72503 20.123 0.134 5.17 340.0
2458224.77147 19.715 0.074 4.31 319.0
2458224.84418 19.910 0.090 4.36 340.0
2458224.89451 20.041 0.097 4.34 308.0
2458225.81421 19.749 0.088 5.19 280.0
2458226.79701 20.027 0.163 7.12 284.0
2458226.86878 19.672 0.092 5.62 293.0
2458226.91809 19.889 0.102 5.08 294.0
2458227.72666 19.622 0.079 5.19 277.0
2458227.78614 20.155 0.114 5.24 244.0
2458227.85190 19.818 0.070 3.97 265.0
2458227.90068 19.735 0.071 4.01 289.0
2458228.74694 19.770 0.076 4.71 291.0
2458228.79662 19.820 0.070 4.21 256.0
2458228.86321 19.726 0.082 5.15 277.0
2458228.92100 19.910 0.076 3.81 310.0
2458229.72562 19.900 0.076 4.46 275.0
2458229.79102 19.782 0.061 3.88 239.0
2458229.84264 19.836 0.071 4.28 251.0
2458229.89123 19.816 0.064 3.60 280.0
2458230.69747 19.826 0.105 5.63 332.0
2458230.74575 19.822 0.081 4.75 273.0
2458230.79206 19.822 0.066 3.99 269.0
2458230.86417 19.884 0.074 4.01 283.0
2458230.91213 19.958 0.076 3.83 269.0
2458232.82717 19.891 0.076 3.69 310.0
2458232.89935 19.981 0.091 4.18 297.0
2458233.72595 19.936 0.085 3.99 375.0
2458233.81988 19.926 0.079 4.12 296.0
2458235.73668 20.022 0.117 4.39 469.0
2458236.68056 19.779 0.115 4.79 594.0
2458236.73044 19.966 0.100 3.84 562.0
2458236.80527 19.807 0.112 4.84 521.0
2458238.70913 19.791 0.133 5.30 726.0
2458238.75758 19.971 0.120 4.21 651.0
2458238.81210 19.813 0.097 3.84 653.0
2458238.86537 19.970 0.125 3.98 682.0
2458244.65440 19.825 0.116 5.41 418.0
2458244.70206 19.806 0.092 4.79 365.0
2458244.74850 19.958 0.112 4.94 381.0
2458244.80566 19.848 0.083 4.10 396.0
2458244.85509 19.837 0.099 4.54 415.0
2458245.71543 20.043 0.201 7.38 383.0
2458245.77131 19.679 0.139 6.79 442.0
2458245.81885 20.146 0.206 6.71 452.0
2458245.86736 20.038 0.177 5.81 505.0
2458245.93867 19.715 0.198 5.79 1366.0
2458246.70828 19.763 0.111 6.05 329.0
2458246.75491 20.255 0.195 6.13 374.0
2458246.80605 19.775 0.109 5.53 399.0
2458246.85832 19.741 0.090 4.30 456.0
2458246.91232 20.005 0.193 6.23 554.0
2458247.64498 19.677 0.096 5.48 431.0
2458247.69246 20.012 0.123 5.48 363.0
2458247.73860 20.022 0.105 4.91 296.0
2458247.78723 20.002 0.093 4.21 352.0
2458247.85404 19.885 0.092 4.11 434.0
2458247.90004 20.400 0.219 5.73 453.0
2458248.70953 19.968 0.120 5.78 287.0
2458248.76121 19.522 0.082 5.50 336.0
2458249.65989 19.739 0.108 5.96 373.0
2458249.70621 19.884 0.115 5.90 306.0
2458249.75301 19.887 0.091 5.01 283.0
2458249.80126 19.844 0.073 4.14 297.0
2458249.86845 19.944 0.090 3.94 379.0
2458249.91533 19.791 0.093 4.28 482.0
2458250.66109 19.827 0.071 4.58 265.0
2458250.71400 19.772 0.062 4.28 251.0
2458250.76084 19.890 0.062 3.68 263.0
2458250.82804 19.801 0.068 3.96 295.0
2458250.87751 19.875 0.072 3.42 337.0
2458250.92378 19.880 0.105 4.58 399.0
2458251.64020 19.817 0.116 5.85 319.0
2458251.68631 20.058 0.149 6.50 286.0
2458251.73252 20.331 0.201 6.65 296.0
2458251.79753 19.992 0.111 5.11 299.0
2458251.85379 20.020 0.116 4.95 333.0
2458251.90004 19.724 0.082 4.63 367.0
2458252.85751 19.875 0.126 6.03 372.0
2458252.91012 20.178 0.163 5.55 425.0
2458253.63378 19.645 0.098 6.17 342.0
2458253.68155 19.976 0.107 5.28 294.0
2458253.72830 20.016 0.089 4.45 272.0
2458253.78242 19.888 0.078 4.21 310.0
2458253.85327 19.928 0.092 4.44 321.0
2458254.64494 19.896 0.095 4.94 327.0
2458254.70327 19.977 0.080 4.28 275.0
2458254.76050 19.838 0.067 3.62 322.0
2458254.83738 19.852 0.065 3.37 305.0
2458254.89586 19.713 0.063 3.44 376.0
2458254.94170 20.042 0.140 3.74 886.0
2458255.67148 19.747 0.084 4.91 303.0
2458255.71944 19.857 0.096 5.15 267.0
2458255.79009 19.695 0.068 4.27 307.0
2458255.85822 19.459 0.070 4.66 357.0
2458255.90485 19.762 0.125 5.91 422.0
2458256.61595 19.716 0.126 6.49 383.0
2458256.66823 19.881 0.104 5.49 297.0
2458256.71411 20.210 0.180 6.71 277.0
2458256.77289 19.976 0.109 4.94 324.0
2458256.82281 19.685 0.091 4.94 367.0
2458256.88697 19.857 0.099 4.60 403.0
2458256.93311 20.396 0.222 5.52 516.0
2458257.68049 19.983 0.117 5.46 299.0
2458257.72754 20.145 0.112 4.82 269.0
2458257.77667 20.027 0.104 5.04 270.0
2458257.82606 20.043 0.101 4.30 292.0
2458257.87525 19.769 0.098 5.37 377.0
2458258.65072 19.848 0.092 5.22 298.0
2458258.72420 20.004 0.087 4.34 258.0
2458258.77306 20.085 0.109 4.80 264.0
2458258.83365 19.798 0.071 3.53 288.0
2458258.89590 19.817 0.066 3.69 323.0
2458259.61860 19.796 0.109 5.57 390.0
2458259.70356 19.872 0.092 5.21 342.0
2458259.76202 19.816 0.083 4.25 342.0
2458259.81741 20.037 0.117 4.88 384.0
2458259.86830 19.714 0.074 3.78 410.0
2458259.92286 19.822 0.109 5.54 444.0
2458260.63314 19.764 0.074 4.21 342.0
2458260.81510 19.907 0.076 3.75 378.0
2458260.91538 20.021 0.116 4.28 543.0
2458261.65364 20.045 0.107 4.35 344.0
2458261.71151 20.113 0.109 4.38 315.0
2458261.76411 19.821 0.073 3.91 271.0
2458261.85523 20.055 0.098 4.01 335.0
2458261.90219 19.772 0.080 4.05 375.0
2458262.65985 19.924 0.093 4.77 293.0
2458262.70829 19.841 0.069 3.98 279.0
2458262.75711 19.909 0.084 4.34 293.0
2458262.83096 19.933 0.071 3.67 239.0
2458262.87818 19.879 0.076 3.99 285.0
2458262.91598 19.588 0.072 4.43 371.0
2458263.64540 19.880 0.080 3.86 389.0
2458263.70100 19.970 0.078 3.67 337.0
2458263.75470 20.003 0.077 3.78 305.0
2458263.81666 19.915 0.069 3.33 332.0
2458263.86843 20.034 0.072 3.57 260.0
2458264.67952 20.074 0.143 4.02 1002.0
2458264.73129 19.924 0.089 4.04 426.0
2458264.78588 19.781 0.094 4.54 464.0
2458264.83539 19.739 0.082 3.77 495.0
2458264.88592 19.881 0.102 4.50 457.0
2458265.59094 19.801 0.141 5.55 709.0
2458265.64397 19.850 0.145 5.52 578.0
2458265.69633 19.822 0.107 4.55 507.0
2458265.74515 19.686 0.088 4.48 469.0
2458265.79971 19.860 0.099 4.19 490.0
2458265.87976 19.922 0.121 4.83 547.0
2458266.64153 19.516 0.148 7.17 750.0
2458266.71655 20.146 0.190 5.66 601.0
2458266.76875 19.803 0.133 5.26 649.0
2458271.59197 20.193 0.206 6.25 554.0
2458271.63543 19.847 0.144 5.91 513.0
2458271.68362 19.965 0.148 5.46 535.0
2458271.79522 20.117 0.159 5.07 521.0
2458271.82061 19.744 0.134 5.20 751.0
2458271.85671 20.005 0.144 5.10 549.0
2458272.64334 19.732 0.070 3.91 376.0
2458272.70102 19.846 0.088 4.26 370.0
2458272.75029 19.819 0.094 4.58 369.0
2458272.79942 19.842 0.085 3.99 400.0
2458272.84945 19.902 0.104 4.40 441.0
2458272.89960 19.762 0.106 4.82 495.0
2458273.61822 19.877 0.106 5.10 368.0
2458273.66569 20.010 0.090 4.11 333.0
2458273.73503 19.940 0.077 4.01 290.0
2458273.79115 19.878 0.088 4.44 316.0
2458273.83889 19.909 0.125 5.62 370.0
2458273.87421 20.183 0.141 5.12 383.0
2458273.91273 20.008 0.106 5.04 289.0
2458274.58653 19.828 0.118 6.25 318.0
2458274.63481 19.666 0.094 5.96 292.0
2458274.68375 20.066 0.164 6.77 323.0
2458274.73583 20.025 0.133 5.86 321.0
2458274.79561 19.988 0.118 5.07 375.0
2458274.84649 19.827 0.130 5.94 440.0
2458274.89492 19.680 0.139 6.28 642.0
2458275.58041 19.843 0.107 4.98 410.0
2458275.63915 19.767 0.082 4.83 295.0
2458275.68827 19.906 0.080 4.42 283.0
2458275.75406 19.903 0.118 5.47 351.0
2458275.80512 19.744 0.079 4.15 374.0
2458275.85928 19.683 0.091 4.94 418.0
2458275.90652 19.697 0.118 5.35 611.0
2458276.58771 19.943 0.149 6.63 378.0
2458276.63538 19.952 0.119 5.82 291.0
2458276.68499 19.901 0.075 4.25 262.0
2458276.74427 19.906 0.094 4.92 297.0
2458276.79458 19.962 0.081 3.72 309.0
2458276.84407 19.850 0.094 4.46 384.0
2458277.58037 19.835 0.096 4.85 359.0
2458277.63437 19.982 0.096 4.87 282.0
2458277.69681 19.813 0.063 3.98 246.0
2458277.75039 19.858 0.093 5.40 262.0
2458277.79917 19.851 0.091 4.71 304.0
2458277.84887 19.882 0.101 4.74 386.0
2458277.90179 19.988 0.114 4.55 452.0
2458278.54630 20.133 0.132 5.31 368.0
2458278.59353 20.132 0.108 5.05 328.0
2458278.64149 19.848 0.093 5.18 311.0
2458278.71306 19.961 0.098 5.03 360.0
2458282.53214 19.896 0.126 6.01 354.0
2458282.57861 19.990 0.104 4.96 306.0
2458282.62707 19.936 0.084 4.72 251.0
2458282.68608 19.907 0.065 4.03 222.0
2458282.74900 19.897 0.080 5.17 231.0
2458282.81071 19.833 0.079 4.46 280.0
2458282.86110 19.921 0.095 4.60 330.0
2458283.54477 19.775 0.103 5.52 349.0
2458283.59106 19.879 0.093 5.37 259.0
2458283.63762 19.811 0.078 4.88 257.0
2458283.70439 20.150 0.134 5.86 249.0
2458283.75826 19.790 0.080 4.75 282.0
2458283.80473 20.088 0.095 3.92 323.0
2458283.85347 19.818 0.103 5.16 369.0
2458283.90344 19.821 0.136 6.15 430.0
2458284.54498 19.868 0.113 5.38 411.0
2458284.59338 19.972 0.093 4.95 280.0
2458284.63951 20.058 0.109 5.07 278.0
2458284.70617 19.998 0.092 4.75 263.0
2458284.75843 20.334 0.113 4.19 269.0
2458284.80551 19.914 0.074 3.90 263.0
2458284.85421 20.038 0.093 4.04 300.0
2458284.90192 20.346 0.195 5.28 438.0
2458285.74047 19.761 0.077 4.61 263.0
2458285.78231 19.666 0.080 5.13 280.0
2458286.54373 19.792 0.097 5.64 284.0
2458286.59059 19.964 0.110 6.00 238.0
2458286.63850 19.847 0.067 4.41 213.0
2458286.70914 19.813 0.074 4.49 223.0
2458286.77453 19.703 0.067 4.53 222.0
2458286.83472 19.818 0.110 6.24 277.0
2458286.88255 19.568 0.077 5.25 356.0
2458287.52539 19.934 0.110 5.33 349.0
2458287.57829 20.004 0.093 4.85 259.0
2458287.63307 19.918 0.072 4.17 236.0
2458287.70062 19.929 0.071 4.43 209.0
2458287.75072 19.781 0.064 4.13 216.0
2458287.81287 19.792 0.066 4.22 227.0
2458287.87458 19.703 0.065 4.11 288.0
2458288.55436 19.963 0.093 4.97 279.0
2458288.60884 19.819 0.078 4.90 245.0
2458288.66530 19.827 0.067 4.15 227.0
2458288.72595 19.757 0.064 3.86 215.0
2458288.78619 19.966 0.075 3.73 242.0
2458288.84774 19.919 0.129 5.80 355.0
2458288.89317 19.886 0.177 6.85 534.0
2458289.53834 19.955 0.120 5.60 371.0
2458289.58562 19.982 0.104 4.78 326.0
2458289.64912 19.822 0.078 4.67 270.0
2458289.70895 19.936 0.080 4.26 282.0
2458289.76911 19.923 0.084 4.31 290.0
2458289.82669 20.068 0.125 5.38 316.0
2458289.87335 20.104 0.155 6.09 387.0
2458290.53123 19.575 0.098 5.42 519.0
2458290.58462 20.052 0.105 4.37 339.0
2458290.63292 19.692 0.080 5.05 293.0
2458290.70669 19.640 0.085 5.22 340.0
2458290.77552 19.934 0.101 4.84 288.0
2458290.82240 19.693 0.090 5.13 358.0
2458290.87084 19.977 0.134 5.75 422.0
2458291.57401 19.967 0.131 4.75 682.0
2458291.62779 19.697 0.079 4.40 391.0
2458291.69522 20.086 0.111 4.58 341.0
2458291.75380 19.785 0.109 4.92 434.0
2458291.81153 19.799 0.088 4.36 370.0
2458291.87227 19.916 0.129 5.33 437.0
2458292.54510 19.995 0.133 4.85 461.0
2458292.58551 20.112 0.151 5.62 350.0
2458292.63347 19.957 0.155 6.60 339.0
2458292.68947 19.977 0.138 5.38 472.0
2458292.75899 19.859 0.099 4.26 397.0
2458292.81852 19.886 0.095 4.58 329.0
2458292.87958 19.766 0.110 5.24 456.0
2458293.54092 19.580 0.121 6.25 515.0
2458293.59187 20.027 0.148 5.64 428.0
2458293.65682 19.697 0.093 5.11 378.0
2458293.71990 20.019 0.132 5.24 432.0
2458293.77007 20.056 0.180 6.20 524.0
2458294.57749 20.235 0.271 6.99 668.0
2458294.63287 19.931 0.150 5.61 555.0
2458294.70453 19.455 0.141 7.72 620.0
2458294.77135 20.140 0.253 7.02 700.0
2458294.82631 20.054 0.228 6.66 810.0
2458299.50947 20.223 0.245 6.06 727.0
2458299.55523 19.665 0.207 6.73 1250.0
2458299.66606 20.021 0.203 5.59 1044.0
2458301.55998 19.741 0.175 7.84 475.0
2458301.63450 20.109 0.190 6.52 441.0
2458301.68699 19.635 0.165 7.23 718.0
2458301.73847 19.643 0.120 6.79 385.0
2458301.79482 19.769 0.158 7.07 492.0
2458302.53978 19.908 0.099 4.93 456.0
2458302.68013 19.447 0.131 7.68 605.0
2458303.63219 19.968 0.156 7.38 277.0
2458304.55154 19.813 0.146 7.54 318.0
2458304.59061 20.025 0.172 7.29 316.0
2458304.63974 20.046 0.174 7.07 324.0
2458304.69790 19.775 0.133 6.64 403.0
2458304.75149 19.873 0.179 7.79 404.0
2458305.51424 20.024 0.161 6.49 395.0
2458305.55071 19.983 0.160 6.73 353.0
2458305.56666 19.863 0.125 6.37 309.0
2458305.65492 20.001 0.141 6.84 265.0
2458305.69717 19.918 0.105 5.56 268.0
2458305.75849 19.626 0.128 7.61 316.0
2458305.80858 19.912 0.155 7.02 346.0
2458306.58303 20.218 0.201 7.39 300.0
2458306.65331 20.084 0.183 7.62 292.0
2458306.70931 20.122 0.151 5.97 325.0
2458306.75654 19.802 0.106 5.57 336.0
2458306.78966 19.866 0.134 6.55 341.0
2458306.83387 19.826 0.129 5.64 475.0
2458307.46287 19.658 0.148 5.86 1000.0
2458307.53151 20.169 0.132 5.09 388.0
2458307.58871 19.872 0.090 4.85 345.0
2458307.63821 19.725 0.074 5.28 245.0
2458307.69825 19.912 0.080 4.25 257.0
2458307.74502 19.828 0.074 4.06 288.0
2458307.80175 19.968 0.137 6.00 367.0
2458308.46451 19.851 0.168 5.88 734.0
2458308.51233 19.894 0.107 5.58 284.0
2458308.55936 19.855 0.082 4.93 245.0
2458308.60653 20.017 0.087 4.59 229.0
2458308.66453 19.809 0.074 4.49 226.0
2458308.72147 19.566 0.083 5.61 269.0
2458308.76967 19.569 0.111 6.62 363.0
2458308.81474 19.897 0.148 6.65 396.0
2458309.46240 19.897 0.182 5.49 966.0
2458309.53413 19.862 0.080 4.65 271.0
2458309.59154 20.036 0.093 4.84 240.0
2458309.65200 19.832 0.076 4.52 247.0
2458309.69990 19.808 0.059 3.49 225.0
2458309.74777 19.744 0.072 4.17 317.0
2458309.79455 19.924 0.100 4.97 337.0
2458310.49899 19.825 0.096 5.18 294.0
2458310.54345 19.973 0.105 5.52 268.0
2458310.57429 19.700 0.073 4.70 287.0
2458310.61166 19.907 0.075 4.17 256.0
2458310.65249 19.883 0.081 4.90 286.0
2458310.68712 20.041 0.089 4.38 278.0
2458310.72104 20.265 0.121 4.91 283.0
2458310.77431 20.038 0.118 5.34 326.0
2458311.49688 19.870 0.134 6.69 309.0
2458311.54650 20.026 0.153 7.05 272.0
2458311.59351 20.155 0.096 4.63 230.0
2458311.65156 19.928 0.090 5.01 243.0
2458311.70995 19.773 0.068 3.97 256.0
2458311.75640 20.079 0.097 3.96 318.0
2458311.80265 19.691 0.095 5.24 406.0
2458312.46368 20.116 0.266 6.36 1005.0
2458312.51294 19.902 0.105 5.26 315.0
2458312.56099 19.880 0.097 5.36 268.0
2458312.61161 19.930 0.066 4.15 213.0
2458312.67462 20.021 0.081 4.10 250.0
2458312.74337 20.068 0.080 3.68 337.0
2458312.79488 19.921 0.088 5.05 275.0
2458313.46393 20.368 0.269 5.76 978.0
2458313.51366 19.847 0.094 4.89 337.0
2458313.56337 19.737 0.058 3.93 241.0
2458313.61453 19.849 0.063 4.16 233.0
2458313.66860 19.980 0.076 3.66 255.0
2458313.71629 19.863 0.081 3.99 311.0
2458313.76303 19.877 0.091 4.08 349.0
2458313.80942 19.844 0.096 4.60 423.0
2458314.48096 19.847 0.103 5.30 353.0
2458314.52939 19.718 0.082 5.19 294.0
2458314.57717 19.896 0.100 5.31 292.0
2458314.63495 19.842 0.086 4.86 297.0
2458314.69206 19.898 0.078 3.75 309.0
2458314.73868 20.020 0.104 4.64 305.0
2458314.78485 19.770 0.091 5.54 293.0
2458316.51264 19.851 0.108 5.33 331.0
2458316.56000 19.783 0.098 5.51 320.0
2458316.60931 20.063 0.119 5.26 296.0
2458316.66080 19.973 0.138 6.16 286.0
2458316.72716 20.143 0.182 6.61 329.0
2458320.51557 19.914 0.104 5.20 370.0
2458320.56235 19.765 0.097 5.60 341.0
2458320.62994 19.781 0.080 4.98 331.0
2458320.67966 19.907 0.078 4.19 291.0
2458320.72569 19.766 0.086 4.90 318.0
2458320.77227 19.772 0.075 4.51 291.0
2458321.50228 19.589 0.102 5.27 522.0
2458321.54864 20.003 0.129 4.99 451.0
2458321.77804 19.580 0.163 7.91 659.0
2458328.49758 19.728 0.179 8.16 543.0
2458328.54675 19.905 0.124 5.15 483.0
2458328.59477 19.864 0.119 5.59 443.0
2458328.64333 20.055 0.179 6.16 490.0
2458328.69244 19.932 0.189 6.71 570.0
2458328.73839 20.047 0.206 6.23 682.0
2458329.46632 19.964 0.183 6.07 655.0
2458329.52177 19.909 0.140 5.71 460.0
2458329.56869 19.966 0.117 4.88 446.0
2458329.61778 19.868 0.129 6.01 456.0
2458329.66489 19.785 0.094 4.50 437.0
2458329.71104 19.855 0.095 3.79 516.0
2458329.75701 19.919 0.136 5.01 604.0
2458330.48974 20.410 0.150 4.89 434.0
2458330.53787 19.896 0.081 4.50 319.0
2458330.59660 20.026 0.174 6.14 843.0
2458331.48384 20.024 0.127 5.58 314.0
2458331.54004 19.911 0.072 4.08 264.0
2458331.59921 19.833 0.093 5.32 306.0
2458331.64781 19.697 0.079 4.72 326.0
2458331.69379 19.694 0.087 5.03 367.0
2458332.50048 19.946 0.102 5.08 327.0
2458332.55694 20.009 0.105 4.87 316.0
2458332.61767 19.916 0.097 4.78 337.0
2458332.66487 19.850 0.108 5.12 390.0
2458333.50624 19.926 0.102 4.87 362.0
2458333.56315 19.959 0.093 4.69 320.0
2458333.62385 19.706 0.069 4.58 264.0
2458333.67181 19.967 0.085 4.23 287.0
2458334.50841 20.031 0.101 4.38 387.0
2458334.56567 19.828 0.089 4.77 363.0
2458334.62499 20.115 0.101 4.06 355.0
2458334.67248 19.800 0.085 4.66 297.0
2458335.53637 19.977 0.114 4.80 413.0
2458335.59526 19.955 0.125 5.41 431.0
2458335.70390 19.813 0.122 6.05 364.0
2458336.48733 20.153 0.179 6.38 318.0
2458336.55018 19.846 0.074 4.17 233.0
2458336.61278 19.980 0.078 4.02 213.0
2458336.66195 19.888 0.074 4.11 234.0
2458338.47033 19.873 0.138 5.84 490.0
2458338.52085 19.885 0.130 6.39 339.0
2458338.57159 19.794 0.109 6.12 282.0
2458338.63026 19.968 0.116 5.73 289.0
2458338.73655 19.574 0.094 6.12 346.0
2458339.50251 19.708 0.066 4.06 312.0
2458339.56758 19.894 0.069 4.10 242.0
2458339.62661 19.944 0.075 4.16 223.0
2458339.73890 19.861 0.120 6.17 276.0
2458340.50847 19.793 0.085 4.58 300.0
2458340.61193 19.837 0.079 4.00 294.0
2458340.66855 19.731 0.065 3.88 275.0
2458341.49534 19.879 0.093 4.43 329.0
2458341.54197 19.980 0.083 3.89 291.0
2458341.60171 19.855 0.075 4.04 254.0
2458341.71839 19.974 0.082 4.28 228.0
2458342.49034 19.725 0.096 5.42 308.0
2458342.56924 19.924 0.102 4.93 291.0
2458342.61882 20.006 0.118 5.07 317.0
2458343.50823 19.770 0.097 5.12 326.0
2458344.47225 19.872 0.167 6.04 641.0
2458344.52007 19.989 0.112 4.83 344.0
2458344.58449 20.119 0.122 4.90 293.0
2458344.63477 20.297 0.158 5.27 321.0
2458344.72940 19.950 0.111 5.50 314.0
2458345.51998 19.879 0.107 4.65 357.0
2458345.56932 19.838 0.104 4.78 354.0
2458345.63337 19.853 0.082 4.27 248.0
2458345.71841 19.926 0.088 5.00 247.0
2458346.51631 19.901 0.088 4.80 255.0
2458346.58437 19.938 0.092 4.69 246.0
2458346.64392 19.725 0.074 4.79 211.0
2458347.47339 20.372 0.221 5.59 513.0
2458347.52193 19.820 0.077 4.53 247.0
2458347.58443 19.988 0.091 4.32 238.0
2458347.68668 19.762 0.074 4.94 256.0
2458348.47390 20.130 0.261 7.68 533.0
2458348.54889 19.849 0.132 5.72 379.0
2458348.60862 19.772 0.099 5.06 322.0
2458349.50473 19.720 0.216 7.02 945.0
2458349.56678 20.268 0.275 6.47 599.0
2458349.60645 20.317 0.252 5.39 693.0
2458353.49099 19.917 0.139 5.21 554.0
2458353.54485 19.918 0.143 5.52 490.0
2458353.59465 19.914 0.154 6.05 473.0
2458353.65373 20.111 0.195 6.07 539.0
2458355.50627 19.800 0.131 6.06 462.0
2458355.55862 19.863 0.107 4.72 433.0
2458355.65707 19.760 0.101 4.54 535.0
2458356.47545 19.792 0.151 5.64 744.0
2458356.53628 20.076 0.141 4.68 498.0
2458356.65635 19.760 0.092 4.31 531.0
2458357.51752 20.396 0.221 4.99 446.0
2458357.65443 20.001 0.122 4.21 502.0
2458358.48353 19.744 0.122 5.98 398.0
2458358.53168 19.989 0.143 5.22 457.0
2458358.62540 19.792 0.103 4.58 447.0
2458358.67746 19.792 0.144 6.77 512.0
2458359.49625 19.933 0.118 5.53 308.0
2458359.54744 19.931 0.106 4.65 371.0
2458359.64599 19.867 0.153 6.34 460.0
2458360.54296 19.994 0.165 6.78 346.0
2458360.58973 20.024 0.170 6.22 414.0
2458360.64140 19.566 0.115 5.97 511.0
2458361.47766 19.998 0.183 7.03 503.0
2458363.48864 20.184 0.196 6.72 343.0
2458363.55072 19.857 0.103 5.23 325.0
2458363.64747 19.943 0.120 6.47 250.0
2458364.47968 19.942 0.119 4.68 488.0
2458364.55055 19.826 0.076 4.22 322.0
2458364.59692 19.669 0.067 4.24 324.0
2458364.67048 19.819 0.090 5.46 279.0
2458366.51092 19.869 0.124 6.22 278.0
2458366.58205 20.150 0.126 4.95 317.0
2458367.48105 19.794 0.146 6.19 443.0
2458367.53484 19.808 0.095 4.82 308.0
2458367.63961 19.821 0.088 5.30 315.0
2458368.47376 19.969 0.172 4.29 1223.0
2458368.54526 19.788 0.066 3.56 276.0
2458368.63601 19.800 0.071 3.90 341.0
2458369.47762 20.045 0.178 5.62 610.0
2458369.53853 19.918 0.095 4.28 305.0
2458369.62275 19.811 0.087 4.91 323.0
2458370.48598 19.934 0.138 5.44 409.0
2458370.60149 19.782 0.076 3.81 335.0
2458370.64977 20.168 0.144 5.34 388.0
2458371.49553 19.877 0.082 3.93 351.0
2458371.56806 19.882 0.082 4.40 280.0
2458371.65010 19.672 0.100 5.58 388.0
2458372.51369 19.823 0.116 5.53 326.0
2458372.61454 19.819 0.110 5.47 363.0
2458372.64469 20.416 0.202 5.60 415.0
2458373.47738 20.242 0.294 6.02 864.0
2458373.53367 19.930 0.139 6.17 297.0
2458375.47972 19.904 0.168 6.28 559.0
2458375.54838 19.769 0.129 6.63 354.0
2458375.59722 20.144 0.157 6.17 300.0
2458376.51195 19.862 0.130 6.30 344.0
2458376.57723 19.753 0.112 5.76 389.0
2458381.52967 19.693 0.142 5.55 775.0
2458382.48118 19.667 0.095 4.02 763.0
2458382.53020 20.006 0.100 3.48 515.0
2458382.57927 20.028 0.112 3.73 582.0
2458383.49731 19.941 0.140 4.92 558.0
2458383.54278 19.824 0.105 4.18 544.0
2458383.59032 19.779 0.144 5.78 627.0
2458384.48410 20.370 0.232 5.34 603.0
2458384.54433 20.143 0.146 4.24 547.0
2458384.59053 20.082 0.163 5.10 633.0
2458385.51768 19.984 0.086 3.30 516.0
2458385.56453 19.999 0.098 3.89 514.0
2458385.61190 19.475 0.075 4.61 626.0
2458386.49692 20.186 0.139 3.72 541.0
2458387.48299 19.779 0.109 4.69 531.0
2458390.48751 20.119 0.186 6.36 450.0
2458392.48794 20.028 0.188 6.86 400.0
2458392.55874 19.802 0.118 5.85 374.0
2458393.48364 19.675 0.135 5.65 599.0
2458393.53113 20.010 0.174 7.17 319.0
2458393.57708 20.063 0.169 6.36 349.0
2458394.48373 19.935 0.211 7.14 556.0
2458394.55091 19.782 0.113 5.75 326.0
2458394.59656 19.837 0.111 5.60 325.0
2458394.60550 20.303 0.171 6.19 336.0
2458397.52496 19.777 0.123 6.45 410.0
2458398.49876 19.951 0.155 6.44 366.0
2458399.51625 19.894 0.151 6.56 355.0
2458401.53128 19.864 0.126 5.89 411.0
2458409.53828 19.745 0.168 6.53 686.0
2458412.51721 20.036 0.259 7.46 632.0
2458413.52584 19.473 0.116 4.98 761.0
2458414.52401 20.014 0.251 7.04 748.0
2458415.49306 19.505 0.209 7.12 1332.0
2458418.49510 19.728 0.179 6.48 843.0
2458517.87839 19.686 0.155 7.05 567.0
2458519.87407 19.858 0.123 5.74 454.0
2458521.86660 19.655 0.078 4.73 339.0
2458522.86087 19.902 0.090 4.64 372.0
2458522.89122 19.628 0.135 4.73 1322.0
2458523.86669 19.706 0.084 4.91 338.0
2458523.89323 19.666 0.119 4.58 893.0
2458524.88222 20.006 0.133 5.10 466.0
2458526.85598 19.908 0.115 5.78 327.0
2458526.88936 19.843 0.218 7.30 827.0
2458528.87170 19.956 0.134 5.74 414.0
2458530.87975 19.947 0.095 4.31 335.0
2458531.88484 19.748 0.130 6.79 402.0
2458532.88575 19.818 0.136 6.81 405.0
2458534.85427 20.086 0.145 4.85 576.0
2458534.89354 20.073 0.187 5.38 813.0
2458535.87513 19.687 0.110 5.69 495.0
2458536.86030 19.906 0.116 4.88 509.0
2458537.84782 19.629 0.114 6.35 438.0
2458538.86158 19.840 0.102 5.70 407.0
2458539.85830 19.758 0.102 5.20 458.0
2458539.89856 19.853 0.128 5.38 611.0
2458540.87159 19.567 0.150 4.96 1501.0
2458544.82097 19.780 0.066 4.04 294.0
2458544.83160 19.962 0.082 4.40 292.0
2458544.86902 19.849 0.082 5.19 280.0
2458546.83580 20.083 0.112 5.08 302.0
2458546.87643 19.876 0.085 4.75 288.0
2458547.83392 19.707 0.084 5.48 310.0
2458547.88406 19.874 0.084 4.50 289.0
2458548.83235 19.681 0.078 4.57 388.0
2458548.88642 19.759 0.072 4.14 378.0
2458549.82440 19.984 0.123 5.90 312.0
2458549.86451 19.862 0.100 6.06 301.0
2458550.83615 19.886 0.078 4.34 288.0
2458550.87565 19.836 0.087 5.20 295.0
2458551.83376 20.125 0.158 6.39 301.0
2458551.87308 20.066 0.134 5.74 281.0
2458552.83990 19.732 0.123 7.05 297.0
2458552.89281 19.976 0.137 6.92 268.0
2458553.81427 19.669 0.107 6.57 301.0
2458553.86076 19.838 0.104 5.95 301.0
2458554.78634 19.778 0.113 6.09 332.0
2458554.83466 19.892 0.099 5.09 322.0
2458554.87453 19.800 0.081 5.18 287.0
2458555.78299 20.000 0.104 4.59 348.0
2458555.83391 19.720 0.084 6.15 309.0
2458555.88151 19.734 0.068 4.54 289.0
2458556.79244 19.886 0.087 4.65 297.0
2458556.83248 19.863 0.085 4.86 302.0
2458556.87258 19.787 0.083 5.35 294.0
2458557.77919 19.865 0.130 6.69 312.0
2458557.83691 19.866 0.085 4.64 295.0
2458557.87685 19.850 0.083 4.98 287.0
2458558.77566 19.794 0.096 5.38 324.0
2458558.82834 19.656 0.072 4.79 305.0
2458558.86792 19.715 0.082 5.37 301.0
2458558.90955 19.948 0.111 5.21 368.0
2458559.81055 20.025 0.099 4.44 311.0
2458559.85073 19.771 0.067 4.10 281.0
2458559.89100 19.738 0.078 4.80 289.0
2458560.79207 19.865 0.082 3.80 442.0
2458560.83626 19.937 0.085 4.33 305.0
2458560.87564 19.950 0.082 4.10 312.0
2458561.76801 19.936 0.120 5.02 500.0
2458561.81562 19.815 0.086 4.21 428.0
2458561.85831 19.971 0.108 4.92 390.0
2458562.76098 19.999 0.152 5.34 615.0
2458562.80194 19.506 0.093 5.46 560.0
2458562.84265 19.959 0.133 5.48 529.0
2458562.89766 19.912 0.147 5.96 473.0
2458563.77889 20.286 0.193 5.16 673.0
2458563.82752 19.903 0.100 3.75 595.0
2458563.87550 19.954 0.111 4.29 538.0
2458563.91532 19.703 0.120 4.38 973.0
2458564.80050 19.799 0.097 4.44 491.0
2458564.85046 19.739 0.079 3.89 485.0
2458564.89082 19.903 0.103 4.30 491.0
2458565.77995 20.024 0.128 4.85 555.0
2458565.83532 20.174 0.142 4.52 532.0
2458565.87962 19.978 0.098 3.71 479.0
2458566.77231 19.707 0.084 3.86 582.0
2458566.82082 19.716 0.081 3.80 518.0
2458566.86210 19.897 0.093 3.91 485.0
2458573.88112 19.918 0.109 5.34 317.0
2458573.92173 19.923 0.157 6.17 500.0
2458574.75237 19.869 0.120 6.48 288.0
2458574.86993 19.936 0.121 6.37 264.0
2458574.91206 19.682 0.087 6.23 278.0
2458575.75310 19.964 0.127 6.14 301.0
2458575.79242 20.014 0.119 5.74 272.0
2458575.83911 19.782 0.097 5.81 268.0
2458575.87828 20.287 0.147 5.58 286.0
2458575.91906 19.807 0.095 4.30 439.0
2458576.80270 19.984 0.119 6.16 289.0
2458576.84142 19.779 0.093 5.81 287.0
2458576.88053 19.906 0.147 7.50 272.0
2458577.71508 19.881 0.153 6.96 373.0
2458577.79709 19.724 0.120 6.40 354.0
2458577.84161 20.071 0.145 5.98 342.0
2458577.91174 20.059 0.194 7.25 393.0
2458578.73564 19.705 0.091 5.26 337.0
2458578.77478 19.933 0.099 5.03 307.0
2458578.82267 19.847 0.094 5.19 342.0
2458578.87967 19.741 0.085 5.07 328.0
2458578.92251 20.019 0.129 5.40 416.0
2458579.74961 19.861 0.099 4.94 363.0
2458579.78746 19.598 0.103 6.16 374.0
2458579.82487 20.153 0.157 5.78 404.0
2458579.88645 19.632 0.094 5.34 402.0
2458580.71264 19.899 0.117 5.71 377.0
2458580.74826 19.967 0.108 5.66 317.0
2458580.79319 20.046 0.120 5.59 317.0
2458580.84072 19.801 0.093 5.44 330.0
2458580.88983 19.863 0.087 4.67 358.0
2458581.71422 19.807 0.090 5.15 346.0
2458581.76738 20.005 0.102 5.40 304.0
2458581.81422 19.789 0.087 5.01 295.0
2458581.82208 19.868 0.083 4.59 291.0
2458581.86913 19.991 0.109 5.48 306.0
2458582.70601 19.966 0.105 5.64 291.0
2458582.75344 19.554 0.081 6.10 294.0
2458582.80446 20.138 0.141 5.91 311.0
2458582.86161 19.911 0.137 6.47 342.0
2458582.92525 20.055 0.182 3.93 1306.0
2458583.72878 20.038 0.109 5.27 324.0
2458583.78396 19.801 0.086 5.61 299.0
2458583.83379 20.072 0.100 4.95 317.0
2458583.89927 19.840 0.082 4.30 335.0
2458584.73182 19.853 0.095 5.33 318.0
2458584.77927 19.814 0.085 5.78 279.0
2458584.83446 19.798 0.076 4.95 274.0
2458585.69766 19.695 0.084 5.48 335.0
2458585.73502 19.914 0.113 6.16 309.0
2458585.78302 19.860 0.091 5.36 305.0
2458585.84322 19.855 0.069 4.02 288.0
2458585.90772 19.832 0.069 3.57 329.0
2458586.70252 19.863 0.103 5.76 313.0
2458586.76321 19.814 0.074 4.27 268.0
2458586.80893 20.024 0.095 4.92 262.0
2458586.87874 19.791 0.080 4.81 271.0
2458587.69011 19.967 0.148 6.40 422.0
2458587.72811 20.107 0.145 5.97 368.0
2458587.77571 19.962 0.106 5.51 304.0
2458587.83724 19.789 0.100 5.38 322.0
2458587.91640 19.790 0.078 4.06 361.0
2458588.71751 19.887 0.099 5.50 377.0
2458588.78179 19.829 0.067 4.05 290.0
2458588.82956 19.806 0.057 3.49 261.0
2458588.90090 19.870 0.071 3.67 312.0
2458589.70197 19.711 0.088 4.29 528.0
2458589.74532 20.149 0.128 4.61 456.0
2458589.79159 19.819 0.092 4.45 411.0
2458589.87100 19.600 0.077 4.80 308.0
2458589.92217 20.047 0.096 3.43 424.0
2458590.71584 19.952 0.124 5.87 528.0
2458590.77263 19.862 0.082 4.10 454.0
2458590.81944 19.898 0.082 3.88 434.0
2458590.88870 19.796 0.069 3.39 366.0
2458591.71023 20.187 0.154 5.04 619.0
2458591.75453 19.617 0.095 5.39 548.0
2458591.80724 19.801 0.092 5.01 513.0
2458591.88477 19.738 0.090 3.54 706.0
2458592.79197 19.937 0.159 5.67 645.0
2458592.83581 20.290 0.208 5.65 625.0
2458592.88653 19.806 0.138 4.17 1123.0
2458593.72020 20.184 0.209 5.63 916.0
2458593.79495 19.774 0.137 5.60 960.0
2458593.87375 19.824 0.130 3.82 1227.0
2458593.92877 19.778 0.207 5.30 1603.0
2458594.71262 19.908 0.138 4.91 756.0
2458594.76122 20.274 0.179 5.31 617.0
2458594.81152 19.788 0.109 5.36 570.0
2458594.87595 19.639 0.105 5.10 692.0
2458594.92862 19.803 0.123 4.29 881.0
2458599.70192 19.843 0.165 7.33 423.0
2458599.74214 19.880 0.121 5.93 370.0
2458599.78559 19.982 0.121 5.92 341.0
2458599.82796 19.732 0.087 5.50 345.0
2458599.89415 19.897 0.079 3.84 359.0
2458599.93175 19.946 0.124 4.60 573.0
2458600.68668 20.009 0.114 5.31 315.0
2458600.72976 19.769 0.084 5.20 328.0
2458600.79053 19.851 0.085 5.19 314.0
2458600.85669 19.878 0.090 4.75 391.0
2458600.90479 19.874 0.084 3.99 388.0
2458601.66676 19.813 0.084 4.76 324.0
2458601.71054 19.894 0.085 4.51 327.0
2458601.76624 19.818 0.083 4.48 362.0
2458601.84426 19.956 0.079 3.55 344.0
2458601.92026 19.689 0.068 3.53 431.0
2458602.67858 19.820 0.077 4.68 292.0
2458602.71879 19.856 0.067 4.07 265.0
2458602.76765 19.942 0.080 4.30 289.0
2458602.82947 19.953 0.095 4.16 322.0
2458602.90289 19.854 0.078 3.72 342.0
2458603.66104 19.926 0.112 6.05 313.0
2458603.70040 19.740 0.087 5.24 294.0
2458603.75675 19.981 0.083 4.44 257.0
2458603.81786 20.170 0.089 3.85 347.0
2458603.87534 19.836 0.078 3.90 323.0
2458603.92397 19.972 0.113 4.59 406.0
2458604.74000 19.981 0.124 5.87 285.0
2458604.79122 20.279 0.165 5.88 283.0
2458604.84923 20.209 0.126 4.59 310.0
2458604.90870 20.395 0.239 6.87 341.0
2458605.66492 19.768 0.108 6.33 333.0
2458605.71633 19.908 0.102 5.29 312.0
2458605.76654 19.767 0.099 5.73 313.0
2458605.84193 19.941 0.101 4.56 385.0
2458605.89944 19.785 0.085 4.38 335.0
2458606.66574 20.024 0.139 5.65 348.0
2458606.70475 19.890 0.081 4.29 292.0
2458606.75687 19.881 0.074 4.20 278.0
2458606.82201 19.781 0.063 3.51 315.0
2458606.87425 19.784 0.069 3.78 335.0
2458606.93356 19.795 0.090 3.67 590.0
2458607.68144 19.945 0.101 5.77 327.0
2458607.72700 19.974 0.097 4.91 281.0
2458607.78850 19.896 0.077 3.86 324.0
2458607.83679 19.887 0.088 4.17 347.0
2458607.88216 19.916 0.088 3.92 384.0
2458607.92958 20.004 0.123 4.54 472.0
2458608.67441 19.990 0.118 4.86 475.0
2458608.78032 19.893 0.080 3.93 364.0
2458608.84607 19.685 0.066 3.77 364.0
2458608.89447 20.043 0.100 3.98 384.0
2458609.66018 19.969 0.118 5.74 391.0
2458612.74392 19.627 0.098 6.30 264.0
2458612.79228 20.028 0.129 5.82 283.0
2458612.85330 19.866 0.124 5.81 325.0
2458612.90022 20.045 0.155 6.18 370.0
2458613.63322 19.944 0.158 6.37 404.0
2458613.67474 19.932 0.117 5.54 304.0
2458613.72119 19.808 0.097 5.30 302.0
2458613.78093 19.842 0.069 3.58 308.0
2458613.84232 19.896 0.082 3.86 367.0
2458613.88912 19.849 0.088 4.18 426.0
2458613.93517 20.162 0.141 4.26 588.0
2458614.66722 19.993 0.157 6.19 409.0
2458614.70995 20.177 0.152 5.35 348.0
2458614.75724 19.843 0.120 5.53 371.0
2458614.82576 19.959 0.105 4.30 386.0
2458614.88383 20.423 0.202 5.05 479.0
2458614.92947 20.090 0.175 5.87 492.0
2458615.70480 19.886 0.123 5.91 385.0
2458615.75349 19.974 0.090 4.49 280.0
2458615.81041 19.909 0.082 4.21 280.0
2458615.87428 19.845 0.082 4.26 311.0
2458615.93028 19.654 0.082 4.54 388.0
2458616.66084 19.989 0.099 5.03 377.0
2458616.71032 19.830 0.073 3.83 371.0
2458616.76778 19.910 0.069 3.50 329.0
2458616.82646 20.017 0.073 3.23 324.0
2458616.87416 19.924 0.081 3.41 384.0
2458616.93194 20.047 0.134 4.46 565.0
2458617.66346 20.031 0.115 4.86 379.0
2458617.70674 20.039 0.095 4.14 366.0
2458617.75347 19.604 0.058 3.80 357.0
2458617.81752 19.838 0.073 3.77 338.0
2458617.90339 19.899 0.091 3.67 454.0
2458618.62410 20.072 0.164 6.24 496.0
2458618.66961 19.516 0.082 5.91 437.0
2458618.71978 19.967 0.117 5.00 439.0
2458618.77855 19.865 0.082 3.72 459.0
2458618.84053 19.989 0.107 4.18 460.0
2458618.88712 19.938 0.134 4.98 578.0
2458619.62794 20.067 0.175 6.40 519.0
2458619.66587 19.945 0.146 5.99 443.0
2458619.71291 19.743 0.118 5.72 416.0
2458619.75878 19.741 0.114 5.55 442.0
2458619.84541 20.057 0.149 4.99 516.0
2458619.90895 19.974 0.116 5.46 315.0
2458620.63706 20.001 0.176 6.34 521.0
2458620.67806 19.993 0.142 5.71 470.0
2458620.72450 20.065 0.126 4.79 438.0
2458620.79068 19.888 0.118 4.85 513.0
2458620.86576 19.922 0.112 4.53 484.0
2458620.91162 19.854 0.103 4.45 479.0
2458621.68716 20.056 0.282 6.00 1282.0
2458621.78358 20.106 0.264 5.11 1450.0
2458621.83281 19.810 0.127 4.24 812.0
2458621.87963 20.103 0.169 4.36 817.0
2458621.92607 19.742 0.151 5.19 920.0
2458626.62856 19.753 0.145 6.43 510.0
2458626.66563 19.869 0.138 5.92 487.0
2458626.70348 19.721 0.116 5.91 458.0
2458626.74145 20.050 0.139 5.01 467.0
2458626.78880 19.948 0.109 4.40 485.0
2458626.83124 19.792 0.116 4.81 534.0
2458626.86843 19.787 0.116 4.77 571.0
2458626.90642 19.659 0.103 4.64 614.0
2458627.59951 19.668 0.079 5.51 381.0
2458627.65771 20.051 0.140 5.15 744.0
2458627.70800 19.911 0.075 4.03 315.0
2458635.65307 19.764 0.079 4.87 277.0
2458635.69344 19.594 0.069 5.08 258.0
2458635.74861 20.115 0.108 4.77 273.0
2458635.81081 19.673 0.083 4.91 329.0
2458635.85642 19.810 0.113 5.71 363.0
2458635.90200 19.756 0.125 6.19 431.0
2458636.56509 19.981 0.118 5.62 344.0
2458636.60462 19.857 0.101 5.42 305.0
2458636.65324 19.881 0.090 4.74 283.0
2458636.70794 19.848 0.087 4.88 276.0
2458636.76389 19.702 0.066 3.97 261.0
2458636.81369 20.023 0.080 3.83 262.0
2458636.85904 19.978 0.101 4.58 325.0
2458636.90640 19.889 0.104 4.93 402.0
2458637.56440 19.769 0.093 5.31 390.0
2458637.61222 19.680 0.074 5.28 251.0
2458637.65791 19.901 0.081 5.06 224.0
2458637.71275 19.810 0.069 3.89 302.0
2458637.77481 19.765 0.067 3.72 316.0
2458637.82166 19.785 0.068 3.51 350.0
2458637.86742 19.818 0.082 3.90 399.0
2458637.91225 19.787 0.090 4.59 427.0
2458638.64174 19.989 0.099 5.67 276.0
2458638.69276 20.006 0.077 4.32 249.0
2458638.80783 19.887 0.064 3.37 279.0
2458638.85416 19.915 0.110 5.09 387.0
2458638.90188 19.808 0.095 4.50 475.0
2458639.66510 19.959 0.074 3.85 328.0
2458639.71185 19.895 0.066 3.80 291.0
2458639.82022 19.897 0.072 3.75 345.0
2458640.55990 19.704 0.120 6.73 368.0
2458640.59899 19.639 0.084 5.48 315.0
2458640.64446 19.839 0.093 5.19 300.0
2458640.70137 19.971 0.081 4.04 282.0
2458640.76600 19.896 0.096 4.60 309.0
2458640.81448 20.267 0.146 4.86 322.0
2458640.86142 19.977 0.116 4.84 353.0
2458641.60561 19.552 0.078 5.34 379.0
2458641.66470 19.921 0.080 4.13 338.0
2458641.73136 20.087 0.081 3.80 314.0
2458642.63733 19.668 0.080 5.23 330.0
2458642.80257 19.873 0.104 4.44 441.0
2458642.85155 19.892 0.105 4.32 416.0
2458642.89841 19.930 0.154 5.54 557.0
2458643.56557 19.874 0.107 5.90 363.0
2458643.61846 19.716 0.065 4.39 291.0
2458643.67415 20.051 0.083 4.01 297.0
2458643.73082 19.918 0.069 3.69 297.0
2458643.78363 19.728 0.061 3.71 281.0
2458643.83078 19.898 0.081 4.10 308.0
2458643.87669 19.696 0.095 5.27 374.0
2458644.54248 19.877 0.131 5.83 469.0
2458644.58436 20.080 0.145 5.66 380.0
2458644.62982 19.834 0.090 5.00 305.0
2458644.68592 19.933 0.070 3.87 248.0
2458644.74685 19.921 0.082 4.04 303.0
2458644.79569 19.969 0.128 5.61 349.0
2458644.84293 19.895 0.088 4.05 381.0
2458644.88856 20.080 0.183 6.14 422.0
2458645.63913 19.847 0.092 5.04 306.0
2458645.67873 19.685 0.091 5.12 491.0
2458646.60663 19.920 0.142 6.59 332.0
2458646.65254 19.888 0.117 5.91 308.0
2458646.69942 20.002 0.129 5.82 321.0
2458646.74892 19.892 0.102 4.95 347.0
2458646.78953 19.901 0.097 5.00 291.0
2458646.83476 19.804 0.109 5.57 367.0
2458647.61736 19.784 0.096 4.85 422.0
2458647.66051 20.266 0.171 5.45 400.0
2458647.70825 19.755 0.102 5.31 387.0
2458647.76607 19.680 0.102 5.63 397.0
2458647.81781 20.099 0.179 6.37 425.0
2458647.84837 20.135 0.206 7.14 378.0
2458648.61820 20.026 0.145 5.51 535.0
2458648.66175 19.650 0.096 5.13 492.0
2458648.71113 19.883 0.129 5.37 491.0
2458648.76751 19.685 0.104 5.09 507.0
2458648.81583 19.936 0.130 5.20 507.0
2458648.86219 20.196 0.186 5.79 523.0
2458648.90251 20.332 0.244 6.88 486.0
2458649.66873 20.018 0.196 6.01 656.0
2458654.52066 20.027 0.140 5.21 665.0
2458655.53876 19.809 0.107 6.38 417.0
2458655.69743 20.242 0.208 5.66 673.0
2458655.76470 19.835 0.127 5.43 626.0
2458655.85349 19.848 0.159 5.60 832.0
2458656.62747 19.778 0.080 4.71 397.0
2458656.67483 20.098 0.117 4.74 429.0
2458656.73270 19.953 0.094 4.93 340.0
2458656.79675 19.957 0.094 4.43 358.0
2458656.85027 19.973 0.134 5.44 467.0
2458656.88156 19.896 0.177 6.77 619.0
2458657.59091 19.826 0.083 5.03 275.0
2458657.63704 20.002 0.099 4.53 278.0
2458657.68349 19.989 0.102 4.62 286.0
2458657.73998 20.006 0.085 3.84 271.0
2458657.78946 19.881 0.072 4.02 274.0
2458657.83609 19.785 0.076 4.24 332.0
2458657.88229 20.023 0.128 5.07 422.0
2458658.56602 19.848 0.085 5.54 222.0
2458660.53459 19.750 0.116 6.62 285.0
2458660.66068 19.707 0.082 5.40 239.0
2458660.80284 20.292 0.124 4.27 350.0
2458661.54107 20.167 0.147 5.98 322.0
2458661.67087 19.929 0.091 5.20 246.0
2458662.58775 19.636 0.119 7.21 316.0
2458662.78668 19.979 0.155 6.80 398.0
2458664.56806 20.024 0.078 4.38 211.0
2458664.69490 19.809 0.065 4.41 199.0
2458665.52984 19.810 0.159 7.99 400.0
2458666.50979 20.043 0.184 6.49 520.0
2458666.59679 19.706 0.086 5.28 291.0
2458666.73104 20.072 0.141 6.28 250.0
2458667.52483 19.808 0.140 6.16 464.0
2458667.62598 19.920 0.100 4.93 304.0
2458667.75760 19.848 0.072 4.05 253.0
2458668.47246 20.088 0.183 7.09 444.0
2458668.60455 19.847 0.104 6.01 241.0
2458668.75618 19.853 0.068 4.26 201.0
2458669.48171 20.024 0.171 6.97 381.0
2458669.57331 19.857 0.105 5.80 321.0
2458669.72426 19.792 0.077 4.56 272.0
2458670.52557 19.879 0.095 5.36 325.0
2458670.67161 19.871 0.061 3.55 228.0
2458670.80122 19.917 0.089 4.78 272.0
2458673.57438 19.853 0.103 5.10 357.0
2458673.66470 19.891 0.078 4.30 282.0
2458674.59672 19.934 0.123 6.20 273.0
2458674.73565 19.723 0.091 5.62 280.0
2458675.61322 19.656 0.081 3.78 614.0
2458675.81687 19.859 0.118 5.90 321.0
2458676.48088 19.910 0.177 6.00 685.0
2458676.55824 19.797 0.089 4.31 463.0
2458676.73139 19.770 0.093 4.54 439.0
2458676.80764 19.922 0.146 5.69 530.0
2458681.48630 19.883 0.170 5.23 895.0
2458681.56289 20.026 0.225 6.21 808.0
2458681.64415 19.604 0.116 5.02 736.0
2458682.48045 19.473 0.109 5.39 917.0
2458682.55751 19.899 0.116 4.81 502.0
2458682.77077 19.998 0.155 5.29 618.0
2458683.48149 19.860 0.138 6.51 372.0
2458683.56646 19.830 0.115 5.06 442.0
2458683.74203 19.955 0.147 5.58 454.0
2458684.48831 20.022 0.131 5.68 359.0
2458684.56781 19.802 0.115 5.29 494.0
2458684.72340 19.972 0.100 4.22 362.0
2458685.49217 19.973 0.132 5.61 346.0
2458685.63682 19.823 0.078 3.87 435.0
2458685.71956 19.904 0.094 4.52 408.0
2458688.64245 19.705 0.091 6.03 217.0
2458689.49334 19.952 0.162 6.96 343.0
2458689.57896 19.912 0.119 6.24 261.0
2458689.69059 20.198 0.151 6.42 229.0
2458690.48187 19.787 0.107 5.45 356.0
2458690.57585 20.455 0.204 6.03 300.0
2458690.71716 19.751 0.065 4.14 255.0
2458691.47970 19.902 0.089 4.53 361.0
2458691.55582 19.713 0.053 3.93 221.0
2458691.74347 20.251 0.139 4.76 343.0
2458692.48188 19.890 0.114 5.09 411.0
2458692.56745 19.901 0.091 4.54 351.0
2458692.68191 19.608 0.062 4.22 285.0
2458693.48079 19.935 0.157 7.07 319.0
2458693.61574 19.698 0.105 6.64 235.0
2458693.76372 19.798 0.129 6.67 335.0
2458694.48447 19.882 0.093 4.69 319.0
2458694.56337 19.746 0.058 3.63 286.0
2458694.64304 19.824 0.066 3.80 233.0
2458695.48437 19.861 0.083 4.63 325.0
2458695.72013 19.933 0.066 3.73 253.0
2458695.77026 20.095 0.100 4.36 327.0
2458697.55281 19.850 0.130 6.67 272.0
2458698.48391 19.845 0.090 5.35 256.0
2458698.71398 19.898 0.083 4.36 254.0
2458698.76010 19.873 0.083 4.33 308.0
2458699.48689 19.891 0.095 4.64 348.0
2458699.71307 19.874 0.077 3.96 287.0
2458699.75792 20.100 0.110 4.68 292.0
2458700.48596 19.738 0.073 4.52 325.0
2458700.72374 20.040 0.122 5.33 314.0
2458701.48657 19.712 0.082 4.59 323.0
2458701.64322 20.039 0.102 4.32 327.0
2458702.48626 20.104 0.148 5.77 313.0
2458702.60014 19.917 0.086 4.47 265.0
2458702.75218 19.873 0.096 5.12 310.0
2458703.48698 20.046 0.192 7.58 394.0
2458704.54349 20.075 0.174 6.11 472.0
2458704.67566 19.728 0.157 6.60 662.0
2458708.59356 19.830 0.088 3.81 539.0
2458709.54632 19.863 0.104 3.39 1010.0
2458710.48733 19.753 0.119 5.22 569.0
2458711.48540 19.786 0.145 4.48 1117.0
2458711.59821 19.928 0.127 4.77 563.0
2458712.50207 20.149 0.268 6.99 658.0
2458712.61993 19.976 0.148 6.24 382.0
2458713.48658 20.142 0.152 6.09 310.0
2458713.61257 20.016 0.134 5.34 371.0
2458714.48870 19.834 0.125 6.33 297.0
2458714.62669 19.960 0.111 4.54 712.0
2458715.50426 20.133 0.137 5.66 285.0
2458715.64400 19.841 0.078 4.40 287.0
2458716.50209 20.137 0.093 4.30 254.0
2458717.48754 19.996 0.141 6.47 284.0
2458717.62448 20.207 0.180 6.88 263.0
2458718.50277 20.032 0.085 3.99 281.0
2458718.63919 19.881 0.076 4.06 258.0
2458719.48474 19.889 0.143 6.76 315.0
2458719.57583 19.777 0.092 5.32 293.0
2458719.68459 20.369 0.179 6.49 324.0
2458721.49464 19.887 0.085 4.69 263.0
2458721.68197 19.662 0.083 5.58 284.0
2458722.48933 20.078 0.100 4.50 314.0
2458722.69084 20.124 0.142 6.22 263.0
2458723.59507 19.975 0.096 4.43 334.0
2458723.63528 19.770 0.080 4.32 345.0
2458724.49868 19.832 0.078 4.60 283.0
2458724.63573 19.898 0.074 4.09 272.0
2458725.50253 20.117 0.114 4.38 343.0
2458725.58878 19.930 0.102 5.47 263.0
2458726.57673 19.655 0.074 4.74 252.0
2458726.62972 19.674 0.069 4.72 225.0
2458727.52724 19.849 0.115 5.68 311.0
2458727.61095 20.195 0.177 6.08 358.0
2458728.59221 19.993 0.098 4.48 310.0
2458728.63153 19.800 0.090 4.92 300.0
2458729.49264 19.760 0.093 5.27 277.0
2458729.63026 20.244 0.134 4.90 309.0
2458730.57735 20.264 0.145 5.45 288.0
2458730.61714 20.026 0.125 5.76 285.0
2458731.52446 20.337 0.243 7.70 312.0
2458731.59280 19.995 0.152 6.63 332.0
2458736.60407 19.595 0.129 6.52 555.0
2458737.61558 19.617 0.146 7.01 579.0
2458739.49870 19.662 0.113 6.06 474.0
2458740.54253 20.321 0.265 7.09 477.0
2458741.59644 20.115 0.157 5.49 472.0
2458742.59500 19.650 0.108 5.31 505.0
2458746.58213 19.958 0.169 7.67 298.0
2458747.53927 20.138 0.161 6.76 257.0
2458748.58218 19.731 0.148 7.42 373.0
2458750.58076 19.816 0.089 4.50 344.0
2458752.58253 20.059 0.151 6.26 344.0
2458753.59788 19.716 0.140 7.22 371.0
2458754.58116 19.831 0.145 6.66 407.0
2458755.58398 19.783 0.091 4.60 338.0
2458757.57161 19.964 0.134 6.12 317.0
2458759.58843 20.074 0.231 6.77 622.0
2458763.55686 19.667 0.120 5.44 608.0
2458766.57959 19.543 0.165 7.09 860.0
2458768.57081 19.913 0.219 7.10 692.0
2458783.51337 19.560 0.100 5.59 477.0
2458886.86889 19.809 0.113 6.08 350.0
2458886.87979 19.843 0.115 5.58 423.0
2458887.87146 19.476 0.103 6.03 653.0
2458888.86650 20.274 0.272 6.67 768.0
2458888.88388 20.351 0.289 6.39 880.0
2458889.86284 19.978 0.138 4.88 653.0
2458889.87374 19.980 0.140 4.88 653.0
2458890.86121 19.936 0.118 4.96 530.0
2458890.87689 20.073 0.147 5.26 546.0
2458891.87460 19.570 0.115 5.33 994.0
2458892.86459 20.173 0.155 4.50 731.0
2458893.85247 20.082 0.155 5.41 540.0
2458893.87906 19.489 0.073 4.61 507.0
2458899.85015 19.861 0.105 5.76 319.0
2458899.88757 19.573 0.078 5.38 359.0
2458900.86141 20.032 0.103 5.11 293.0
2458901.82762 19.568 0.075 5.59 300.0
2458901.86310 19.764 0.084 5.34 268.0
2458902.82572 20.133 0.122 5.35 305.0
2458902.86369 19.734 0.074 4.63 263.0
2458903.82506 19.722 0.109 6.40 356.0
2458903.86157 19.704 0.089 5.29 324.0
2458904.82461 19.788 0.105 6.44 268.0
2458904.86126 19.913 0.084 5.03 238.0
2458904.89854 20.008 0.144 5.40 507.0
2458905.86548 20.041 0.091 4.88 263.0
2458906.84753 19.711 0.088 5.49 302.0
2458906.88249 19.717 0.075 4.92 272.0
2458907.85396 19.793 0.080 4.58 339.0
2458907.88878 19.938 0.083 4.42 319.0
2458908.84994 19.926 0.111 5.74 318.0
2458908.89114 20.017 0.114 5.34 316.0
2458909.85085 19.760 0.070 4.95 251.0
2458909.88428 19.668 0.058 4.53 247.0
2458910.82094 20.154 0.135 5.73 294.0
2458910.88277 19.709 0.117 6.83 334.0
2458911.82986 19.736 0.095 5.90 297.0
2458911.86252 19.863 0.103 5.69 280.0
2458911.89553 19.808 0.105 5.43 381.0
2458912.82378 20.011 0.108 5.32 311.0
2458912.85680 19.807 0.080 5.30 256.0
2458912.89048 19.747 0.087 5.51 289.0
2458913.80715 19.740 0.125 6.89 342.0
2458913.84042 19.979 0.107 5.59 291.0
2458913.87350 20.195 0.136 5.91 269.0
2458914.83632 19.720 0.086 5.54 302.0
2458914.86914 19.958 0.094 4.57 288.0
2458914.90191 19.528 0.081 4.88 424.0
2458915.83840 20.161 0.116 5.06 292.0
2458915.87178 19.992 0.090 5.11 258.0
2458915.90479 19.864 0.110 5.19 490.0
2458916.82039 20.018 0.120 4.86 479.0
2458916.85327 19.982 0.116 4.63 414.0
2458916.88853 19.765 0.082 4.35 344.0
2458917.80049 19.783 0.131 5.29 711.0
2458917.83345 19.631 0.098 4.74 600.0
2458917.86864 20.075 0.134 4.92 524.0
2458918.82070 19.963 0.125 4.79 623.0
2458918.85378 19.705 0.098 4.71 644.0
2458918.88749 19.724 0.094 4.82 462.0
2458919.79176 19.724 0.111 5.21 666.0
2458919.82574 20.146 0.157 5.26 559.0
2458919.85860 20.138 0.131 4.72 496.0
2458919.89250 20.014 0.115 4.63 444.0
2458920.80422 19.782 0.119 5.37 593.0
2458920.83753 19.915 0.111 4.91 522.0
2458920.87519 19.861 0.096 4.20 470.0
2458920.90806 19.998 0.128 4.58 519.0
2458921.80497 20.149 0.140 4.93 555.0
2458921.84039 19.987 0.119 4.40 502.0
2458921.87406 19.678 0.090 5.10 482.0
2458921.90828 19.797 0.116 4.16 904.0
2459795.57854 19.680 0.080 5.49 265.0
2459795.61480 19.712 0.066 4.66 256.0
2459795.65055 19.871 0.078 4.83 258.0
2459795.68361 19.633 0.095 6.54 275.0
2459795.71885 19.547 0.091 6.27 322.0
2459795.75068 19.821 0.156 7.51 422.0
2459796.51776 19.989 0.148 6.89 327.0
2459796.55112 19.947 0.112 5.75 299.0
2459796.62707 19.726 0.084 5.23 283.0
2459796.66096 19.816 0.091 5.08 300.0
2459796.69649 19.756 0.089 5.63 291.0
2459796.73105 19.682 0.090 5.98 272.0
2459797.51520 20.127 0.256 7.75 420.0
2459797.59511 19.554 0.105 5.91 393.0
2459797.62886 19.970 0.151 5.76 399.0
2459797.66232 20.064 0.158 6.03 350.0
2459797.70957 19.851 0.133 5.91 485.0
2459797.75040 19.831 0.124 5.90 394.0
2459804.49081 19.750 0.096 4.65 468.0
2459804.52389 19.930 0.124 4.94 528.0
2459804.55962 20.117 0.129 4.58 450.0
2459804.59360 19.918 0.134 5.68 465.0
2459804.62776 19.871 0.130 5.53 509.0
2459804.66147 19.909 0.167 6.65 554.0
2459804.69959 20.048 0.197 6.31 608.0
2459805.51424 19.877 0.142 6.22 341.0
2459805.54910 19.962 0.129 5.12 417.0
2459805.58338 19.747 0.099 5.00 452.0
2459805.61666 19.978 0.120 4.94 408.0
2459805.64954 19.793 0.108 5.05 454.0
2459805.68285 19.358 0.087 5.66 512.0
2459805.71585 20.083 0.147 5.18 524.0
2459806.55799 19.804 0.162 7.55 373.0
2459806.64410 19.953 0.148 6.47 389.0
2459806.68016 20.107 0.182 6.34 411.0
2459807.48720 19.628 0.097 6.00 328.0
2459807.53787 19.536 0.083 6.11 267.0
2459807.57712 19.944 0.104 5.35 284.0
2459807.63136 19.780 0.086 5.12 302.0
2459807.68741 19.903 0.103 5.00 349.0
2459807.72087 19.480 0.076 5.28 379.0
2459808.48226 20.136 0.182 6.17 404.0
2459808.51578 19.817 0.108 6.13 261.0
2459808.57498 19.711 0.085 5.22 244.0
2459808.65277 19.761 0.095 5.98 288.0
2459808.68742 20.118 0.174 6.30 332.0
2459808.72304 19.976 0.147 6.07 367.0
2459809.57525 19.852 0.132 6.92 250.0
2459809.60926 20.333 0.164 5.87 246.0
2459809.64487 19.705 0.086 5.68 241.0
2459810.47105 19.591 0.162 4.83 1715.0
2459810.52466 19.782 0.058 3.58 246.0
2459810.56040 19.740 0.062 4.43 244.0
2459810.69919 19.926 0.084 4.74 247.0
2459811.49061 19.828 0.115 6.21 264.0
2459811.52394 19.657 0.091 6.42 233.0
2459811.66435 19.712 0.076 4.89 244.0
2459811.69803 20.064 0.111 4.96 288.0
2459812.50877 19.511 0.085 6.48 241.0
2459812.55050 19.937 0.153 7.41 244.0
2459812.69744 19.904 0.093 4.98 242.0
2459813.48702 19.830 0.152 7.13 349.0
2459813.65787 19.879 0.107 5.67 258.0
2459813.69180 19.921 0.120 6.47 253.0
2459814.47657 19.843 0.209 6.38 1033.0
2459814.51996 19.923 0.103 5.15 284.0
2459814.56390 19.821 0.093 5.52 253.0
2459814.59730 19.663 0.092 6.34 271.0
2459814.68876 19.788 0.135 7.15 334.0
2459815.47423 20.175 0.268 4.97 1576.0
2459815.52852 19.973 0.119 5.69 277.0
2459815.56167 19.774 0.096 5.35 283.0
2459815.67979 19.868 0.101 5.17 334.0
2459816.47227 19.721 0.187 6.09 1107.0
2459816.50519 19.889 0.114 5.93 275.0
2459816.54130 19.802 0.109 6.16 275.0
2459816.57582 19.857 0.088 4.90 270.0
2459816.68695 20.204 0.120 4.32 285.0
2459817.50436 19.773 0.104 5.50 319.0
2459817.56202 20.002 0.107 5.26 323.0
2459817.60567 19.732 0.087 5.49 299.0
2459817.65072 19.776 0.092 5.88 334.0
2459818.55705 19.927 0.155 7.14 345.0
2459818.68416 19.819 0.104 5.39 351.0
2459819.50345 19.749 0.086 4.76 389.0
2459819.56196 19.721 0.076 4.83 320.0
2459819.65401 19.732 0.071 4.21 390.0
2459820.49230 20.042 0.130 5.95 323.0
2459820.52807 20.048 0.132 5.68 316.0
2459820.65688 19.633 0.078 5.00 295.0
2459821.51606 19.485 0.091 7.11 277.0
2459821.55174 20.199 0.119 5.27 243.0
2459821.67874 19.880 0.109 5.36 335.0
2459822.50464 19.699 0.122 7.43 313.0
2459822.54014 19.745 0.098 5.92 295.0
2459822.58788 19.539 0.101 7.34 298.0
2459823.57744 19.701 0.105 6.39 351.0
2459823.61303 19.858 0.130 6.62 369.0
2459824.50842 19.873 0.178 7.66 418.0
2459824.55258 19.671 0.137 7.29 430.0
2459824.58782 19.848 0.146 6.46 471.0
2459825.60509 20.027 0.204 7.11 549.0
2459825.65559 19.495 0.122 6.72 616.0
2459829.55917 19.400 0.123 6.78 668.0
2459829.64667 19.812 0.236 8.16 833.0
2459830.63805 19.430 0.131 6.99 754.0
2459831.48546 20.016 0.204 6.36 747.0
2459831.52377 20.200 0.183 5.77 550.0
2459831.57249 19.645 0.127 6.55 562.0
2459831.61623 19.736 0.134 5.96 659.0
2459832.49578 19.490 0.130 7.03 595.0
2459832.53369 19.738 0.147 6.85 572.0
2459832.56918 20.165 0.240 7.20 615.0
2459834.48592 19.927 0.151 5.62 593.0
2459834.53008 19.855 0.112 5.32 472.0
2459834.56565 19.852 0.121 5.41 539.0
2459834.60240 19.712 0.130 6.12 567.0
2459835.59397 20.356 0.229 6.31 466.0
2459835.62935 19.811 0.113 6.42 305.0
2459836.48758 19.934 0.224 7.63 664.0
2459836.64892 19.787 0.173 7.51 541.0
2459837.64821 19.570 0.100 5.73 529.0
2459838.52703 19.559 0.081 5.95 341.0
2459838.57525 19.902 0.114 5.48 361.0
2459840.48469 19.499 0.137 6.94 779.0
2459840.51996 19.727 0.124 7.90 294.0
2459840.55565 19.636 0.107 6.92 309.0
2459840.59380 19.597 0.109 7.03 346.0
2459841.53218 19.817 0.102 5.88 356.0
2459841.56737 19.700 0.087 5.17 390.0
2459841.60256 19.710 0.115 6.34 422.0
2459843.54726 19.645 0.119 6.93 349.0
2459843.58466 20.093 0.171 6.48 358.0
2459844.50191 19.938 0.111 5.44 366.0
2459844.54367 19.841 0.127 6.50 376.0
2459844.57934 19.879 0.102 5.32 364.0
2459844.61470 20.291 0.188 6.32 413.0
2459845.51362 20.153 0.175 6.82 313.0
2459845.54995 19.931 0.119 6.01 312.0
2459845.58754 19.847 0.102 6.00 331.0
2459846.56278 19.750 0.125 6.80 355.0
2459846.59936 19.622 0.109 6.48 426.0
2459848.52533 19.819 0.131 6.77 376.0
2459848.56051 20.067 0.152 5.89 423.0
2459848.59546 19.988 0.151 6.28 438.0
2459849.52838 19.936 0.153 7.03 349.0
2459850.55036 19.608 0.105 6.43 364.0
2459850.58637 20.012 0.133 5.93 385.0
2459851.52322 19.835 0.153 7.33 384.0
2459852.51867 20.062 0.194 7.88 391.0
2459852.56569 19.352 0.092 6.75 415.0
2459852.59295 19.815 0.116 5.53 433.0
2459857.54509 19.553 0.141 7.04 682.0
2459858.54955 19.736 0.180 7.37 703.0
2459859.51410 19.721 0.097 4.82 584.0
2459859.55160 19.640 0.109 5.67 662.0
2459860.51506 19.954 0.193 6.39 666.0
2459860.55203 19.670 0.151 6.36 760.0
2459861.54558 19.508 0.137 6.56 785.0
2459862.54645 20.005 0.239 7.02 816.0
2459863.51695 19.702 0.136 6.56 584.0
2459864.52624 20.006 0.197 6.73 559.0
2459864.56019 19.453 0.108 5.18 819.0
2459865.49529 19.694 0.216 7.26 1232.0
2459866.49767 19.902 0.203 5.71 1086.0
2459866.53691 20.160 0.158 4.58 614.0
2459867.50780 19.798 0.126 5.69 573.0
2459868.51801 19.388 0.095 5.70 504.0
2459869.51170 19.600 0.111 5.81 491.0
2459870.50662 19.342 0.107 6.87 576.0
2459874.50754 19.625 0.123 5.46 669.0
2459876.50238 19.697 0.195 7.12 936.0
2459984.87026 20.293 0.204 6.08 524.0
2459995.86031 19.850 0.082 4.18 385.0
2460000.84414 19.776 0.095 5.06 446.0
2460004.81785 19.637 0.073 4.89 358.0
2460007.89409 19.769 0.092 5.05 384.0
2460012.88571 19.644 0.075 3.94 442.0
2460015.88762 19.959 0.097 4.17 491.0
2460022.77012 19.988 0.102 5.22 292.0
2460024.87523 19.959 0.084 4.73 258.0
2460027.76942 19.517 0.076 5.74 312.0
2460029.79547 19.854 0.087 5.27 258.0
2460031.86489 20.153 0.121 5.22 310.0
2460034.75120 19.954 0.098 5.44 280.0
2460036.87570 19.848 0.072 4.07 280.0
2460039.77256 19.647 0.093 5.21 463.0
2460041.80002 19.929 0.117 4.87 521.0
2460047.90369 20.020 0.089 3.94 401.0
2460050.84402 20.007 0.093 5.08 259.0
2460053.72226 19.822 0.081 5.08 283.0
2460056.84604 19.787 0.061 3.90 277.0
2460059.66760 19.714 0.132 7.37 363.0
2460061.70956 20.076 0.092 4.32 310.0
2460063.70147 19.940 0.101 4.93 378.0
2460066.90836 19.961 0.089 4.64 301.0
2460068.89194 19.890 0.120 4.97 558.0
2460070.88179 19.845 0.162 4.44 1362.0
2460076.78544 19.811 0.077 4.26 342.0
2460086.65901 19.820 0.100 5.30 337.0
2460087.69991 19.849 0.099 4.99 316.0
2460088.64229 19.790 0.129 6.49 339.0
2460089.78611 19.682 0.090 5.07 346.0
2460091.85301 19.798 0.103 4.91 451.0
2460093.91503 19.707 0.134 6.89 511.0
2460095.90331 19.903 0.139 6.07 455.0
2460097.59160 19.889 0.160 5.33 736.0
2460104.65356 19.943 0.116 5.37 377.0
2460105.78463 19.959 0.111 5.21 340.0
2460107.74991 19.718 0.121 6.86 277.0
2460109.59767 19.670 0.139 7.55 349.0
2460111.53049 19.808 0.132 5.88 438.0
2460112.63416 19.744 0.103 6.01 323.0
2460113.77146 19.689 0.096 5.43 359.0
2460118.66447 19.742 0.114 6.21 316.0
2460120.56901 19.760 0.101 5.63 321.0
2460122.49612 19.893 0.162 6.42 496.0
2460123.72319 19.799 0.091 4.80 396.0
2460125.50436 19.478 0.134 5.81 958.0
2460130.51451 19.537 0.159 6.31 1005.0
2460131.77962 19.723 0.144 5.90 741.0
2460134.51817 19.941 0.138 5.88 420.0
2460139.70000 20.026 0.108 5.27 278.0
2460141.61635 19.795 0.092 5.13 276.0
2460143.62324 19.771 0.076 4.38 318.0
2460149.50462 19.742 0.102 5.47 395.0
2460157.65410 19.719 0.103 4.16 811.0
2460159.56049 19.777 0.094 4.18 513.0
2460161.55402 19.783 0.103 5.66 307.0
2460167.63954 19.763 0.104 6.45 243.0
2460169.70131 19.815 0.092 5.54 253.0
2460171.70730 19.902 0.128 6.28 327.0
2460174.67937 19.775 0.109 6.14 328.0
2460179.62281 19.966 0.147 6.46 346.0
2460185.57975 19.649 0.164 7.24 640.0
2460188.57845 19.875 0.147 6.09 513.0
2460201.59883 19.671 0.094 5.78 339.0
2460204.50169 19.641 0.134 6.91 399.0
2460212.54092 19.736 0.129 5.69 674.0
2460218.54100 20.091 0.215 7.16 486.0
2460226.52411 20.065 0.149 5.60 468.0
2460231.50812 19.951 0.169 6.36 535.0
2460364.88707 19.917 0.212 7.42 581.0
2460370.83378 19.845 0.106 4.47 525.0
2460377.82221 19.950 0.109 4.79 400.0
2460380.82730 19.953 0.150 5.79 433.0
2460383.79932 19.758 0.108 5.57 353.0
2460385.89657 19.936 0.105 5.03 304.0
2460388.90984 19.655 0.082 4.85 405.0
2460392.77117 19.898 0.115 4.66 482.0
2460394.84366 19.768 0.106 4.68 586.0
2460396.86824 20.023 0.139 5.15 563.0
2460398.90729 19.740 0.076 3.54 589.0
2460404.90715 19.750 0.070 3.79 372.0
2460406.91528 19.867 0.121 5.63 415.0
2460410.86292 19.692 0.083 5.14 396.0
2460417.72794 19.893 0.095 4.89 344.0
2460420.71193 19.975 0.108 4.53 411.0
2460424.84631 19.752 0.105 4.45 662.0
2460432.63940 19.918 0.142 5.87 522.0
2460432.77333 19.795 0.124 5.98 422.0
2460434.71497 19.778 0.099 5.20 403.0
2460436.69806 19.505 0.089 6.51 274.0
2460439.81988 19.829 0.099 5.28 338.0
2460442.93151 19.863 0.222 8.46 558.0
2460449.64211 19.765 0.102 5.55 376.0
2460458.61673 19.819 0.114 5.00 539.0
2460460.61360 19.825 0.093 4.72 391.0
2460462.60943 19.558 0.073 5.34 324.0
2460464.65028 19.688 0.068 4.30 386.0
2460466.85775 19.797 0.107 5.54 380.0
2460468.81729 19.809 0.094 4.88 335.0
2460476.65205 19.649 0.093 5.76 337.0
2460478.58641 19.922 0.192 7.09 548.0
2460480.58591 19.725 0.141 5.98 643.0
2460488.62208 19.603 0.098 6.60 269.0
2460491.51774 19.770 0.088 5.00 294.0
2460492.80197 19.834 0.088 4.70 330.0
2460494.73582 19.708 0.080 5.12 259.0
2460497.55226 19.986 0.160 6.84 334.0
2460498.81440 19.757 0.086 4.63 359.0
2460500.72391 19.625 0.092 5.87 301.0
2460502.60492 19.897 0.131 6.69 300.0
2460504.58594 20.132 0.221 8.44 261.0
2460506.55863 19.627 0.067 4.40 336.0
2460516.66685 19.758 0.100 5.63 321.0
2460518.69570 20.154 0.151 5.65 373.0
2460521.66278 19.726 0.074 4.98 265.0
2460530.60559 19.621 0.109 6.81 296.0
2460533.68991 20.095 0.123 5.63 249.0
2460542.57986 19.695 0.134 5.93 649.0
2460547.48955 19.898 0.109 5.38 352.0
2460555.49222 19.761 0.077 4.50 328.0
2460558.56630 19.711 0.080 5.12 305.0
2460561.49628 19.769 0.103 5.52 398.0
2460567.53456 19.868 0.146 5.99 599.0
2460567.62166 19.886 0.173 6.32 765.0
2460574.57916 20.054 0.178 6.88 388.0
2460580.55033 19.674 0.125 6.95 353.0
2460585.50096 19.743 0.117 6.39 372.0
2460595.50696 19.808 0.197 7.27 739.0
2460596.52549 19.955 0.176 5.85 738.0
2460596.56192 19.925 0.178 5.71 909.0
2460597.53620 20.033 0.169 5.66 746.0
2460597.57357 19.956 0.182 5.91 887.0
2460598.50889 19.740 0.155 6.39 705.0
2460598.54448 19.575 0.151 6.56 837.0
2460599.51201 19.672 0.100 4.63 702.0
2460599.55925 19.621 0.116 5.07 832.0
2460600.50986 19.798 0.135 5.21 873.0
2460600.54632 19.750 0.155 5.34 1078.0
2460601.52343 19.849 0.166 5.87 895.0
2460610.52285 19.545 0.109 5.68 657.0
2460716.86239 19.796 0.106 5.53 359.0
2460719.85198 19.700 0.183 7.70 648.0
2460722.85064 20.068 0.162 5.64 522.0
2460725.83975 20.001 0.165 6.02 519.0
2460733.81503 19.774 0.096 5.41 361.0
2460736.80642 19.759 0.110 6.26 353.0
2460738.81825 19.703 0.087 4.93 354.0
2460740.89513 19.718 0.103 6.08 296.0
2460743.79757 19.774 0.095 4.96 399.0
2460745.79732 19.712 0.088 4.81 419.0
2460747.78993 19.774 0.099 4.55 549.0
2460749.78301 19.743 0.131 5.27 683.0
2460753.75729 19.731 0.134 5.40 697.0
2460759.87067 19.904 0.116 5.77 346.0
2460762.84653 19.866 0.088 4.61 329.0
2460764.74517 19.768 0.097 4.83 403.0
2460766.73208 19.662 0.101 5.55 395.0
2460768.72819 19.793 0.110 5.83 350.0
2460770.72715 19.792 0.093 5.14 336.0
2460772.71798 19.578 0.100 6.14 405.0
2460773.89568 19.706 0.066 4.17 306.0
2460775.75570 19.722 0.122 6.12 447.0
2460778.70612 19.566 0.128 6.05 747.0
2460786.71914 19.654 0.122 6.91 362.0
2460787.68900 19.741 0.097 5.69 311.0
2460788.84361 19.522 0.066 4.69 305.0
2460790.67411 19.647 0.085 5.39 340.0
2460791.80950 19.842 0.075 4.51 273.0
2460793.66128 19.499 0.087 5.57 441.0
2460794.76495 19.546 0.071 5.29 261.0
2460797.66464 19.665 0.104 6.42 311.0
2460798.78454 19.626 0.079 5.44 289.0
2460799.86881 19.629 0.087 5.03 393.0
2460801.64405 19.599 0.103 6.15 404.0
2460805.65104 19.396 0.099 6.19 603.0
2460806.75228 19.642 0.100 5.27 530.0
2460807.85326 19.426 0.084 4.44 759.0
2460814.70473 19.235 0.061 5.04 403.0
2460815.85717 19.093 0.042 4.19 342.0
2460817.61880 19.199 0.053 5.21 306.0
2460818.66203 19.041 0.049 5.64 264.0
2460819.64819 19.138 0.060 5.80 343.0
2460820.80113 19.118 0.050 4.67 374.0
2460821.87620 19.110 0.053 5.04 422.0
2460823.82555 19.243 0.056 5.01 325.0
2460824.89254 19.233 0.077 6.24 385.0
2460825.91869 19.237 0.061 5.32 338.0
2460827.88059 19.433 0.063 4.64 395.0
2460829.71928 19.298 0.049 5.17 249.0
2460831.78236 19.450 0.067 5.26 297.0
2460833.57106 19.502 0.140 7.11 639.0
2460834.72305 19.586 0.088 5.07 458.0
2460835.54871 19.640 0.150 6.24 801.0
2460841.72902 19.576 0.115 5.90 584.0
2460843.56325 19.707 0.148 7.13 477.0
2460844.64086 19.628 0.106 6.60 317.0
2460845.80188 19.276 0.094 6.90 425.0
2460846.84219 19.514 0.090 5.36 438.0
2460847.85480 19.723 0.118 5.77 479.0
2460849.68996 19.752 0.144 8.00 276.0
2460850.78921 19.690 0.074 4.60 339.0
2460853.50340 19.905 0.137 6.33 430.0
2460854.53163 19.650 0.129 7.09 393.0
2460855.53160 19.700 0.182 8.23 510.0
2460856.63129 19.721 0.072 5.03 269.0
2460858.53059 19.899 0.124 5.70 407.0
2460859.70881 19.707 0.068 4.16 267.0
2460860.72628 19.851 0.073 4.15 288.0
2460862.52981 19.682 0.140 6.75 545.0
2460868.61777 19.668 0.122 5.37 678.0
2460869.70520 19.720 0.105 5.43 427.0
2460871.49315 19.731 0.125 7.44 264.0
2460873.49730 19.773 0.095 5.47 343.0
2460874.59722 19.862 0.071 4.51 258.0
2460875.69777 19.872 0.098 5.26 289.0
2460877.53332 19.717 0.091 5.85 304.0
2460879.55488 19.739 0.071 4.73 254.0
2460881.48539 20.320 0.211 6.72 348.0
2460882.71344 19.539 0.080 5.90 308.0
2460885.76128 20.005 0.115 5.85 285.0
2460895.64728 19.797 0.136 5.41 682.0
2460898.53229 19.715 0.108 5.63 355.0
2460899.68377 19.815 0.114 5.65 393.0
2460901.56121 19.827 0.124 5.80 364.0
2460904.57110 19.794 0.141 7.17 316.0
2460911.64429 19.822 0.172 8.05 375.0
2460913.68699 19.790 0.092 5.40 317.0
2460915.66709 19.905 0.094 5.14 279.0
2460923.60342 19.879 0.157 5.81 735.0
2460924.61120 19.927 0.148 5.69 624.0
2460925.49323 19.845 0.145 6.16 530.0
2460925.52896 20.315 0.235 6.62 525.0
2460925.56412 19.700 0.130 6.28 560.0
2460925.59944 19.912 0.186 6.87 626.0
2460925.63449 19.441 0.133 7.10 723.0
2460926.49405 19.966 0.237 8.33 537.0
2460926.52956 19.282 0.101 6.72 576.0
2460926.56462 19.803 0.170 6.84 630.0
2460926.60399 19.205 0.106 7.05 714.0
2460926.63911 19.948 0.253 7.73 856.0
2460927.49012 19.807 0.103 5.29 463.0
2460927.52558 19.806 0.096 4.94 469.0
2460927.56098 19.840 0.118 5.66 494.0
2460927.59663 19.685 0.135 6.73 533.0
2460927.63179 19.809 0.154 6.56 616.0
2460928.49233 19.912 0.110 5.62 346.0
2460928.52777 20.137 0.128 5.43 333.0
2460928.56281 19.783 0.102 5.25 421.0
2460928.59819 19.982 0.142 5.85 464.0
2460928.63365 19.920 0.149 6.33 547.0
2460929.51786 19.695 0.079 4.74 323.0
2460929.55349 19.723 0.085 5.32 326.0
2460929.58851 19.801 0.094 4.99 399.0
2460929.62361 19.960 0.124 5.42 470.0
2460930.49466 19.590 0.078 5.26 368.0
2460930.53022 19.613 0.078 5.18 366.0
2460930.56541 19.915 0.100 4.89 399.0
2460930.60051 19.856 0.126 5.87 465.0
2460930.63598 20.013 0.167 6.37 559.0
2460931.50616 19.768 0.112 6.40 324.0
2460931.54293 19.744 0.104 5.83 327.0
2460931.58207 20.253 0.188 6.58 344.0
2460931.62113 19.736 0.107 6.23 336.0
2460932.52870 19.558 0.088 5.84 365.0
2460932.56454 19.766 0.112 6.29 344.0
2460932.59976 19.887 0.144 6.89 381.0
2460933.52079 19.797 0.105 5.59 387.0
2460933.55639 20.128 0.143 5.41 437.0
2460933.59194 19.768 0.119 5.61 531.0
2460934.52112 19.823 0.090 4.61 408.0
2460934.55721 19.701 0.086 4.82 440.0
2460934.59335 19.961 0.133 6.19 473.0
2460937.49473 19.919 0.159 6.92 390.0
2460942.57157 20.123 0.139 6.08 312.0
2460950.49894 20.092 0.204 6.55 583.0
2460953.55874 19.905 0.182 6.73 621.0
2460957.55427 20.240 0.218 6.24 657.0
2460965.53618 19.714 0.135 6.32 513.0
