2457822.81552 19.236 0.156 6.16 127.0
2457823.86228 19.342 0.115 4.29 109.0
2457825.83318 19.487 0.144 4.58 120.0
2457826.85352 19.824 0.224 5.26 120.0
2457828.80955 19.755 0.208 5.26 121.0
2457830.79350 19.388 0.192 4.69 277.0
2457834.82525 19.380 0.109 5.02 69.0
2457836.76723 19.613 0.215 8.01 69.0
2457836.88681 19.842 0.195 6.50 53.0
2457837.83568 19.450 0.115 5.53 52.0
2457838.77472 19.115 0.109 6.40 68.0
2457839.78746 19.610 0.106 4.77 49.0
2457840.81776 19.362 0.125 6.24 53.0
2457841.82860 18.989 0.083 5.81 51.0
2457842.82164 19.418 0.103 5.13 53.0
2457843.82887 19.598 0.107 4.82 45.0
2457844.82797 19.189 0.106 6.60 50.0
2457845.82112 19.516 0.108 5.11 52.0
2457846.82549 19.559 0.106 4.52 50.0
2457847.79261 19.301 0.091 4.64 53.0
2457848.77798 19.353 0.098 5.20 52.0
2457849.77262 19.542 0.107 4.29 68.0
2457850.75351 19.641 0.165 5.24 85.0
2457851.72053 19.642 0.267 7.44 123.0
2457851.92431 19.132 0.119 5.50 108.0
2457854.77326 19.520 0.141 4.65 115.0
2457855.76868 19.287 0.129 5.00 133.0
2457856.73202 19.713 0.290 6.92 139.0
2457856.92295 19.284 0.233 7.51 158.0
2457869.70471 19.697 0.136 5.52 56.0
2457870.74895 19.562 0.091 3.84 50.0
2457871.79549 19.716 0.106 3.95 61.0
2457872.87688 19.541 0.101 3.85 66.0
2457873.89274 19.507 0.108 4.08 69.0
2457874.89482 19.553 0.128 4.51 80.0
2457876.88262 19.457 0.116 4.43 77.0
2457877.88923 19.372 0.112 4.11 91.0
2457879.68691 19.295 0.136 6.10 88.0
2457880.75023 19.675 0.216 6.51 85.0
2457881.87844 19.479 0.196 6.07 113.0
2457882.92515 19.570 0.160 5.10 100.0
2457893.68346 19.630 0.173 6.41 67.0
2457894.61165 19.141 0.142 7.65 90.0
2457894.88415 19.503 0.139 5.05 79.0
2457901.65478 19.794 0.163 5.55 57.0
2457902.69363 19.498 0.106 4.79 56.0
2457903.83516 19.682 0.134 4.56 65.0
2457904.77474 19.666 0.122 4.91 48.0
2457905.67508 19.551 0.105 4.30 56.0
2457906.60804 19.756 0.166 5.16 81.0
2457906.88138 19.531 0.137 4.04 107.0
2457908.76792 19.455 0.145 5.34 86.0
2457909.66687 19.450 0.112 4.10 92.0
2457910.75190 19.699 0.152 4.42 93.0
2457916.66099 19.605 0.209 4.30 268.0
2457917.79121 19.569 0.182 5.47 105.0
2457922.59209 19.379 0.149 6.32 79.0
2457923.64039 19.517 0.148 6.12 67.0
2457924.56224 20.027 0.214 5.68 71.0
2457924.82771 19.266 0.105 4.08 87.0
2457926.76891 19.373 0.124 5.51 66.0
2457932.70027 19.885 0.222 6.43 60.0
2457933.59020 19.192 0.099 5.67 56.0
2457934.57189 20.071 0.192 5.10 65.0
2457934.83389 19.801 0.195 6.01 65.0
2457935.81284 19.647 0.113 4.54 54.0
2458189.81463 20.016 0.210 5.19 77.0
2458191.80150 19.528 0.175 6.83 72.0
2458192.91283 19.502 0.145 4.58 121.0
2458304.72994 19.719 0.219 6.84 79.0
2458307.68842 19.475 0.092 4.27 51.0
2458308.67407 19.196 0.090 5.56 47.0
2458309.69331 19.495 0.088 3.98 44.0
2458311.67715 19.341 0.092 4.80 50.0
2458312.68528 19.431 0.098 4.84 48.0
2458313.67862 19.435 0.091 4.11 55.0
2458314.67611 19.566 0.137 5.19 64.0
2459984.88003 19.703 0.219 5.36 643.0
2459996.84669 19.512 0.132 4.96 394.0
2460000.85415 19.518 0.141 5.18 410.0
2460004.83258 19.497 0.108 4.69 301.0
2460008.80990 19.546 0.171 5.13 567.0
2460012.89269 19.380 0.100 3.95 425.0
2460015.89467 19.493 0.110 4.11 446.0
2460022.77702 19.430 0.096 4.69 253.0
2460024.89784 19.432 0.089 4.30 213.0
2460027.85223 19.489 0.108 4.96 257.0
2460029.90533 19.405 0.096 4.55 298.0
2460032.77254 19.655 0.147 5.60 272.0
2460034.79852 19.751 0.133 5.29 227.0
2460037.74797 19.655 0.163 5.46 386.0
2460039.86748 19.583 0.110 4.06 360.0
2460041.89435 19.645 0.204 5.87 504.0
2460047.88026 19.787 0.153 4.58 366.0
2460050.81297 19.622 0.120 5.26 210.0
2460053.73449 19.700 0.118 4.80 237.0
2460056.86235 19.571 0.104 4.46 246.0
2460059.67737 19.541 0.186 7.59 311.0
2460061.73650 19.647 0.126 4.95 260.0
2460063.73700 19.507 0.108 4.39 304.0
2460067.67352 19.777 0.239 6.14 463.0
2460069.65467 19.347 0.252 6.73 958.0
2460070.89025 19.748 0.284 4.66 1265.0
2460076.78892 19.377 0.106 5.12 300.0
2460086.67752 19.702 0.168 5.70 297.0
2460087.71934 19.550 0.109 4.35 267.0
2460088.66183 19.427 0.139 6.04 276.0
2460089.82430 19.512 0.124 4.90 288.0
2460091.87173 19.455 0.137 4.84 428.0
2460094.81592 19.476 0.102 4.45 238.0
2460097.91311 19.510 0.255 6.59 725.0
2460104.78361 19.595 0.182 5.92 355.0
2460105.89923 19.460 0.166 6.03 436.0
2460107.85412 19.783 0.244 7.10 311.0
2460109.78731 19.586 0.201 6.54 359.0
2460111.59604 19.524 0.125 5.06 287.0
2460112.69438 19.441 0.122 4.97 321.0
2460113.83279 19.539 0.145 5.48 325.0
2460118.77130 19.606 0.157 5.49 277.0
2460120.65245 19.607 0.125 4.93 237.0
2460122.59707 19.398 0.119 5.18 267.0
2460123.81887 19.609 0.177 5.18 513.0
2460125.58218 19.443 0.212 6.18 607.0
2460130.57342 19.701 0.293 6.32 743.0
2460132.49374 19.538 0.198 6.43 459.0
2460134.58945 19.570 0.145 5.69 284.0
2460139.77579 19.465 0.141 5.93 281.0
2460141.70222 19.404 0.108 5.12 221.0
2460143.69805 19.410 0.097 4.55 236.0
2460149.59657 19.532 0.118 4.78 267.0
2460157.68076 19.417 0.151 4.01 830.0
2460159.60521 19.554 0.128 4.03 397.0
2460161.56569 19.547 0.124 5.06 247.0
2460167.64569 19.568 0.160 6.92 190.0
2460169.71688 19.638 0.155 5.95 243.0
2460171.71341 19.467 0.169 6.82 299.0
2460174.68626 19.537 0.184 7.23 258.0
2460179.62915 19.723 0.184 6.00 294.0
2460188.59296 19.471 0.169 5.46 501.0
2460201.61282 19.511 0.153 5.85 306.0
2460204.50936 19.512 0.169 5.93 333.0
2460212.56460 19.457 0.171 5.19 609.0
2460218.57388 19.416 0.248 7.43 578.0
2460226.55352 19.619 0.200 6.06 446.0
2460231.51425 19.633 0.218 5.88 485.0
2460355.87149 19.524 0.132 5.14 352.0
2460365.84559 19.515 0.291 7.95 600.0
2460370.84614 19.653 0.151 4.01 466.0
2460377.83291 19.427 0.118 4.79 352.0
2460380.83679 19.527 0.153 4.89 414.0
2460383.80877 19.489 0.128 4.99 294.0
2460385.90572 19.573 0.164 5.82 293.0
2460390.77458 19.406 0.125 4.51 484.0
2460392.79763 19.379 0.106 3.92 418.0
2460394.88337 19.544 0.141 4.18 531.0
2460396.91617 19.419 0.146 4.17 641.0
2460403.81776 19.477 0.114 4.53 258.0
2460406.73287 19.576 0.153 5.36 325.0
2460408.80649 19.496 0.122 4.86 293.0
2460411.75926 19.572 0.126 4.80 71.0
2460418.72102 19.512 0.142 5.18 359.0
2460423.71354 19.614 0.195 5.45 549.0
2460425.74095 19.435 0.193 5.93 607.0
2460432.90376 19.515 0.144 4.73 438.0
2460434.93609 19.337 0.211 5.24 1140.0
2460436.92966 19.580 0.244 6.31 584.0
2460440.83934 19.385 0.168 6.54 390.0
2460443.88756 19.529 0.174 6.13 356.0
2460449.67459 19.443 0.132 5.62 310.0
2460458.61976 19.502 0.153 5.07 480.0
2460460.61663 19.357 0.112 4.73 327.0
2460462.79154 19.416 0.083 4.08 205.0
2460463.78421 19.674 0.145 5.24 63.0
2460468.58812 19.361 0.124 5.43 318.0
2460473.74071 19.378 0.107 5.43 218.0
2460477.68187 19.416 0.136 5.12 426.0
2460479.67580 19.439 0.201 7.04 426.0
2460485.65229 19.423 0.160 5.46 535.0
2460487.64012 19.410 0.127 5.63 298.0
2460490.53423 19.412 0.151 5.43 451.0
2460491.81717 19.454 0.147 5.69 327.0
2460492.67521 19.526 0.103 4.63 55.0
2460494.55283 19.449 0.116 5.05 284.0
2460498.75721 19.482 0.116 5.23 228.0
2460500.74715 19.405 0.114 5.32 245.0
2460502.64922 19.569 0.139 5.93 225.0
2460502.75992 19.802 0.195 6.56 60.0
2460504.72306 19.567 0.143 6.14 203.0
2460507.47546 19.750 0.220 5.55 477.0
2460513.72575 19.563 0.273 6.87 690.0
2460516.74778 19.534 0.155 5.59 328.0
2460518.72248 19.653 0.186 6.24 327.0
2460520.75323 19.529 0.138 5.50 298.0
2460521.61660 19.449 0.090 4.41 51.0
2460530.61056 19.479 0.173 7.61 244.0
2460533.69503 19.383 0.137 6.90 208.0
2460535.72919 19.554 0.177 5.55 454.0
2460544.68335 19.729 0.239 6.47 437.0
2460549.60883 19.493 0.171 6.49 337.0
2460556.49377 19.308 0.122 5.68 291.0
2460559.54086 19.528 0.120 4.44 376.0
2460561.60630 19.454 0.114 5.22 255.0
2460567.57709 19.386 0.181 6.02 574.0
2460574.58989 19.533 0.187 6.29 369.0
2460580.58239 19.504 0.186 6.62 324.0
2460585.52250 19.602 0.170 5.78 313.0
2460603.50093 19.485 0.186 5.88 490.0
2460611.52776 19.403 0.155 4.95 595.0
2460717.88293 19.712 0.248 6.32 528.0
2460724.87350 19.297 0.180 7.74 386.0
2460734.84064 19.552 0.165 6.27 329.0
2460737.83631 19.585 0.155 5.47 378.0
2460740.82430 19.405 0.115 5.79 238.0
2460742.89008 19.445 0.107 4.76 269.0
2460745.80972 19.397 0.121 5.02 376.0
2460748.79918 19.452 0.125 4.86 355.0
2460750.79241 19.396 0.149 5.18 555.0
2460752.78772 19.680 0.205 5.49 546.0
2460759.77786 19.337 0.156 6.83 332.0
2460762.76904 19.576 0.142 5.63 283.0
2460763.88237 19.535 0.116 4.83 271.0
2460765.88439 19.565 0.102 4.54 210.0
2460767.88807 19.465 0.108 4.67 268.0
2460769.88012 19.509 0.113 4.57 305.0
2460771.92160 19.617 0.196 5.00 614.0
2460773.86643 19.456 0.102 4.51 284.0
2460775.92109 19.353 0.222 6.62 688.0
2460778.86793 19.490 0.192 5.78 571.0
2460780.83047 19.498 0.159 5.02 544.0
2460786.82601 19.467 0.139 5.35 357.0
2460788.72769 19.444 0.128 5.59 263.0
2460789.86952 19.476 0.107 4.34 266.0
2460791.70125 19.501 0.108 4.78 266.0
2460792.86980 19.394 0.092 3.89 298.0
2460794.69379 19.493 0.119 5.36 245.0
2460795.89075 19.671 0.179 6.37 274.0
2460798.75362 19.510 0.122 5.73 237.0
2460799.87343 19.463 0.137 5.24 361.0
2460801.67161 19.650 0.185 6.34 325.0
2460805.67904 19.474 0.176 6.05 496.0
2460806.77931 19.538 0.158 4.93 474.0
2460807.86891 19.649 0.195 4.63 672.0
2460814.71546 19.678 0.155 5.12 348.0
2460815.86781 19.428 0.098 3.86 301.0
2460817.67935 19.420 0.096 4.80 237.0
2460818.79581 19.420 0.093 4.38 253.0
2460819.86732 19.374 0.118 5.07 334.0
2460821.64372 19.602 0.165 6.14 268.0
2460822.65126 19.708 0.215 6.59 381.0
2460824.61617 19.425 0.130 5.70 289.0
2460825.64207 19.363 0.094 4.48 254.0
2460826.83996 19.406 0.110 4.65 345.0
2460828.71104 19.529 0.090 4.38 217.0
2460831.63848 19.642 0.179 6.44 295.0
2460832.76784 19.511 0.177 5.94 419.0
2460833.89962 19.524 0.213 6.42 563.0
2460835.65695 19.452 0.156 5.15 566.0
2460841.79508 19.481 0.175 5.15 596.0
2460843.74817 19.556 0.143 5.04 358.0
2460844.81646 19.518 0.200 6.90 387.0
2460846.54026 19.598 0.182 5.89 396.0
2460847.53996 19.476 0.158 6.07 326.0
2460848.52976 19.456 0.172 6.52 368.0
2460849.86780 19.644 0.239 6.66 456.0
2460850.85164 19.428 0.209 7.20 439.0
2460853.63717 19.421 0.110 5.41 231.0
2460854.66038 19.310 0.103 5.85 209.0
2460855.71063 19.415 0.120 5.36 272.0
2460856.77720 19.284 0.101 5.44 242.0
2460859.52442 19.418 0.105 4.89 244.0
2460860.52724 19.323 0.123 5.12 390.0
2460861.62133 19.239 0.124 6.07 366.0
2460868.54052 19.017 0.144 5.95 661.0
2460869.62564 19.120 0.135 6.55 410.0
2460870.77814 18.866 0.109 7.12 347.0
2460872.78664 18.996 0.135 7.66 334.0
2460874.51813 18.638 0.049 4.70 245.0
2460875.62376 18.528 0.042 4.25 213.0
2460876.78762 18.475 0.059 5.82 289.0
2460879.50197 18.100 0.037 5.03 293.0
2460880.75216 17.830 0.040 6.66 318.0
2460882.65696 17.289 0.021 5.78 314.0
2460885.70676 14.832 0.004 5.41 204.0
2460895.65357 18.713 0.108 5.94 656.0
2460898.54216 19.047 0.099 5.59 313.0
2460899.68540 18.925 0.094 5.66 348.0
2460901.56286 19.135 0.115 5.71 313.0
2460904.57272 19.137 0.111 6.39 272.0
2460911.66242 19.468 0.199 7.27 337.0
2460913.69010 19.494 0.138 5.73 280.0
2460915.67182 19.368 0.108 5.25 242.0
2460935.62127 19.435 0.161 7.07 297.0
2460937.61299 19.426 0.173 6.98 332.0
2460943.53925 19.443 0.143 6.58 279.0
2460950.57302 19.465 0.216 5.98 672.0
2460954.53817 19.363 0.211 6.80 562.0
2460958.52635 19.532 0.227 7.23 423.0
2460967.49814 19.759 0.234 6.34 527.0
