2457796.88367 18.463 0.038 4.65 715.0
2457798.89046 18.387 0.046 4.98 1142.0
2457800.88180 18.333 0.030 4.89 486.0
2457802.87361 18.315 0.046 7.51 598.0
2457807.87659 18.345 0.026 4.82 354.0
2457809.84188 18.389 0.036 6.21 443.0
2457810.83832 18.371 0.028 4.81 418.0
2457812.88854 18.382 0.025 4.09 393.0
2457814.85798 18.443 0.032 5.28 360.0
2457815.88641 18.338 0.026 4.44 355.0
2457816.87633 18.377 0.026 4.59 337.0
2457817.87291 18.352 0.024 3.88 404.0
2457818.85910 18.348 0.026 4.44 398.0
2457819.83893 18.397 0.030 5.24 351.0
2457820.84824 18.351 0.030 5.14 422.0
2457821.84639 18.376 0.035 5.53 416.0
2457822.84216 18.416 0.036 5.35 534.0
2457823.82766 18.380 0.034 4.64 633.0
2457824.82218 18.269 0.051 7.65 653.0
2457825.81521 18.394 0.036 5.14 638.0
2457825.90439 18.352 0.031 4.29 639.0
2457826.86326 18.361 0.042 6.10 559.0
2457827.85037 18.349 0.030 4.83 473.0
2457828.81969 18.397 0.032 4.92 537.0
2457828.90896 18.379 0.028 4.20 516.0
2457830.81355 18.339 0.054 4.97 1885.0
2457830.89614 18.416 0.033 4.60 596.0
2457834.80653 18.423 0.037 5.93 405.0
2457836.83591 18.402 0.033 6.06 304.0
2457838.82793 18.379 0.025 4.37 344.0
2457840.83647 18.362 0.027 5.04 298.0
2457842.80089 18.437 0.036 6.39 303.0
2457844.75245 18.314 0.028 5.60 303.0
2457845.89436 18.372 0.026 4.96 282.0
2457847.84453 18.424 0.027 4.92 291.0
2457849.76912 18.394 0.028 4.89 364.0
2457850.90179 18.383 0.028 5.38 299.0
2457853.87602 18.407 0.038 6.34 402.0
2457855.75163 18.356 0.033 4.77 638.0
2457858.87704 18.389 0.033 5.18 479.0
2457863.83945 18.347 0.024 4.41 340.0
2457864.81634 18.407 0.022 3.86 303.0
2457865.92487 18.389 0.030 3.95 550.0
2457867.78527 18.418 0.024 4.16 291.0
2457869.73235 18.373 0.027 5.07 314.0
2457872.75772 18.392 0.022 3.48 336.0
2457873.88726 18.379 0.023 3.71 344.0
2457875.77050 18.429 0.029 4.71 360.0
2457876.87854 18.345 0.025 4.23 362.0
2457878.74008 18.363 0.022 3.28 396.0
2457879.85215 18.370 0.037 6.27 385.0
2457881.80640 18.429 0.031 4.43 464.0
2457882.93384 18.424 0.034 4.71 547.0
2457893.69284 18.408 0.039 6.55 362.0
2457894.69211 18.336 0.024 4.56 329.0
2457897.64638 18.351 0.037 6.74 366.0
2457901.84135 18.393 0.041 6.61 408.0
2457903.75411 18.372 0.038 6.91 300.0
2457904.72617 18.391 0.023 4.13 280.0
2457905.69495 18.440 0.026 4.54 292.0
2457906.65066 18.393 0.027 4.30 363.0
2457907.68902 18.391 0.032 4.63 622.0
2457908.76527 18.430 0.034 4.88 494.0
2457909.68695 18.403 0.028 4.03 473.0
2457910.58415 18.329 0.041 6.40 566.0
2457910.94160 18.336 0.033 5.23 675.0
2457911.90715 18.284 0.046 7.17 593.0
2457922.58774 18.418 0.037 6.14 419.0
2457924.68816 18.395 0.025 4.12 336.0
2457925.72328 18.322 0.027 5.07 320.0
2457932.77449 18.370 0.032 5.95 316.0
2457933.76355 18.390 0.034 6.56 275.0
2457934.76646 18.336 0.026 4.73 339.0
2457935.77777 18.359 0.021 3.73 282.0
2457936.78449 18.419 0.028 5.33 266.0
2457937.76054 18.360 0.034 6.22 338.0
2457944.55426 18.400 0.040 5.36 698.0
2457945.46890 18.333 0.056 7.87 731.0
2457945.78730 18.414 0.030 4.19 531.0
2457946.74955 18.405 0.034 5.50 387.0
2457947.80162 18.460 0.061 8.88 444.0
2457948.80850 18.438 0.033 5.02 467.0
2457952.74452 18.395 0.031 5.67 283.0
2457953.76946 18.427 0.030 5.37 308.0
2457956.77158 18.289 0.026 5.06 336.0
2457960.78294 18.342 0.029 5.72 301.0
2457962.52991 18.419 0.026 4.56 301.0
2457966.68356 18.349 0.031 5.68 307.0
2457974.51725 18.419 0.031 4.77 456.0
2457979.50366 18.386 0.028 4.91 358.0
2458007.51820 18.409 0.037 6.07 386.0
2458012.50247 18.397 0.030 4.68 431.0
2458015.51336 18.441 0.043 6.87 368.0
2458019.48711 18.374 0.028 4.50 410.0
2458026.53314 18.304 0.041 4.03 1354.0
2458039.49876 18.440 0.043 6.51 434.0
2458041.49251 18.351 0.049 7.17 593.0
2458048.51685 18.370 0.030 4.35 422.0
2458055.51370 18.315 0.037 4.97 638.0
2458159.86991 18.398 0.050 6.37 950.0
2458162.85250 18.311 0.029 6.01 431.0
2458163.85896 18.351 0.035 6.35 601.0
2458166.86317 18.343 0.033 5.98 403.0
2458170.88996 18.373 0.026 4.04 455.0
2458174.85515 18.421 0.033 5.00 515.0
2458181.87998 18.405 0.031 4.21 562.0
2458185.83304 18.333 0.042 6.03 662.0
2458190.89946 18.378 0.024 4.29 335.0
2458193.85290 18.402 0.030 5.73 309.0
2458196.77380 18.380 0.031 5.85 341.0
2458198.79113 18.355 0.026 4.73 352.0
2458200.83328 18.389 0.026 4.58 374.0
2458202.82616 18.363 0.027 4.47 375.0
2458204.80730 18.386 0.032 5.79 350.0
2458206.80344 18.388 0.027 4.29 442.0
2458208.75020 18.345 0.034 4.65 775.0
2458209.88480 18.387 0.030 4.18 506.0
2458211.80456 18.444 0.038 5.40 549.0
2458212.90577 18.385 0.026 3.69 567.0
2458220.89879 18.380 0.027 4.93 321.0
2458222.82889 18.354 0.025 4.24 296.0
2458224.83269 18.389 0.028 4.41 369.0
2458227.77435 18.364 0.026 4.80 287.0
2458229.71446 18.374 0.027 5.06 336.0
2458230.84939 18.366 0.024 4.34 315.0
2458236.68464 18.277 0.034 5.43 667.0
2458244.65702 18.426 0.040 6.51 492.0
2458245.83841 18.468 0.052 7.23 499.0
2458247.63250 18.335 0.042 6.66 557.0
2458248.74405 18.445 0.036 6.37 353.0
2458250.64995 18.412 0.028 5.56 330.0
2458251.68902 18.351 0.035 6.75 329.0
2458253.63652 18.365 0.038 6.95 376.0
2458254.76322 18.410 0.023 3.63 350.0
2458255.86096 18.356 0.030 4.81 391.0
2458256.88974 18.365 0.029 4.65 421.0
2458258.65767 18.358 0.029 5.66 327.0
2458259.78417 18.342 0.022 3.38 380.0
2458261.69246 18.367 0.025 4.10 357.0
2458262.79719 18.389 0.026 4.95 270.0
2458263.85462 18.375 0.020 3.36 265.0
2458265.63027 18.362 0.035 4.95 591.0
2458266.75420 18.364 0.036 5.30 589.0
2458271.87716 18.360 0.036 5.16 675.0
2458273.60878 18.343 0.031 5.36 410.0
2458274.58979 18.403 0.038 6.50 375.0
2458275.58332 18.337 0.031 5.24 458.0
2458276.59062 18.299 0.043 7.65 428.0
2458277.63730 18.384 0.027 4.90 307.0
2458278.61508 18.401 0.027 5.02 359.0
2458282.77846 18.367 0.023 4.55 308.0
2458283.76427 18.342 0.028 5.40 321.0
2458284.73051 18.386 0.024 4.73 282.0
2458286.58128 18.383 0.026 5.14 271.0
2458287.58436 18.404 0.027 4.96 288.0
2458288.59090 18.376 0.029 5.41 306.0
2458289.60580 18.342 0.023 4.32 335.0
2458290.62062 18.353 0.029 5.22 362.0
2458291.67991 18.414 0.030 4.64 425.0
2458292.67003 18.299 0.042 5.99 815.0
2458293.69490 18.398 0.033 5.07 473.0
2458299.53102 18.400 0.053 6.22 992.0
2458301.83699 18.340 0.055 7.31 808.0
2458304.74237 18.397 0.044 7.00 444.0
2458306.62548 18.309 0.035 6.95 333.0
2458307.55037 18.357 0.027 4.71 428.0
2458308.53519 18.371 0.027 5.58 291.0
2458309.50657 18.364 0.029 5.96 334.0
2458310.47339 18.489 0.046 6.71 454.0
2458310.74776 18.375 0.028 5.13 331.0
2458311.74733 18.358 0.026 4.47 333.0
2458312.76756 18.418 0.021 3.60 270.0
2458313.73798 18.389 0.024 3.62 339.0
2458314.74502 18.399 0.025 3.94 319.0
2458316.74579 18.391 0.038 6.20 383.0
2458320.77865 18.360 0.027 4.95 322.0
2458331.62038 18.371 0.029 5.35 354.0
2458333.47965 18.403 0.039 5.95 474.0
2458334.64591 18.361 0.024 4.01 342.0
2458336.65122 18.381 0.024 4.37 262.0
2458339.55661 18.367 0.021 3.55 290.0
2458341.53125 18.388 0.029 4.96 351.0
2458343.55810 18.424 0.032 5.67 281.0
2458345.62024 18.335 0.025 4.81 286.0
2458347.58952 18.379 0.024 4.45 271.0
2458349.63685 18.270 0.037 6.63 368.0
2458355.67784 18.337 0.036 5.38 594.0
2458358.52067 18.416 0.037 5.24 505.0
2458360.56522 18.470 0.039 5.53 424.0
2458364.53179 18.314 0.027 5.11 374.0
2458367.64632 18.362 0.024 4.27 332.0
2458370.49325 18.356 0.029 4.47 410.0
2458372.63662 18.419 0.033 5.38 391.0
2458376.58391 18.399 0.030 5.13 381.0
2458381.57245 18.468 0.045 5.00 1209.0
2458383.53415 18.444 0.035 4.68 558.0
2458383.62662 18.383 0.047 6.20 722.0
2458384.58170 18.342 0.032 4.36 607.0
2458385.48762 18.457 0.027 3.42 537.0
2458385.60490 18.399 0.025 3.65 561.0
2458387.48665 18.356 0.034 4.80 584.0
2458392.49162 18.400 0.045 7.17 384.0
2458392.61424 18.380 0.038 6.64 369.0
2458393.56819 18.367 0.041 6.80 366.0
2458394.55677 18.334 0.033 5.70 343.0
2458398.50392 18.486 0.045 7.22 396.0
2458399.56247 18.386 0.043 6.80 472.0
2458404.52862 18.443 0.046 6.81 475.0
2458409.54492 18.461 0.054 7.57 656.0
2458411.53901 18.394 0.046 6.01 667.0
2458413.53499 18.341 0.042 5.23 731.0
2458414.55898 18.328 0.048 6.04 776.0
2458419.53857 18.418 0.040 5.62 525.0
2458425.50603 18.409 0.041 5.24 591.0
2458529.87224 18.349 0.038 6.62 418.0
2458532.86340 18.333 0.037 5.73 603.0
2458534.85833 18.347 0.035 5.13 647.0
2458536.85786 18.381 0.031 4.60 565.0
2458546.83172 18.393 0.026 4.82 343.0
2458549.83322 18.305 0.028 5.75 336.0
2458552.86508 18.383 0.036 6.74 321.0
2458555.79321 18.329 0.029 5.28 397.0
2458557.80270 18.306 0.036 6.60 346.0
2458559.78263 18.449 0.034 5.72 383.0
2458560.90819 18.311 0.023 3.61 438.0
2458562.89439 18.412 0.034 5.32 507.0
2458564.87330 18.388 0.029 4.36 522.0
2458566.86927 18.363 0.026 4.00 479.0
2458573.91726 18.348 0.029 5.06 409.0
2458575.84925 18.363 0.034 6.60 319.0
2458577.73792 18.376 0.040 6.75 422.0
2458578.90278 18.364 0.030 5.96 341.0
2458580.74446 18.307 0.028 5.70 364.0
2458581.82455 18.399 0.025 4.22 319.0
2458583.70798 18.345 0.037 6.70 402.0
2458584.79876 18.356 0.024 4.72 303.0
2458585.92759 18.387 0.042 3.87 1398.0
2458587.74708 18.430 0.031 5.98 342.0
2458588.85846 18.336 0.019 3.49 300.0
2458590.70905 18.332 0.032 5.48 603.0
2458591.79422 18.300 0.025 4.02 537.0
2458593.78077 18.434 0.051 5.71 1280.0
2458594.88150 18.407 0.033 4.49 658.0
2458599.73780 18.323 0.035 6.31 413.0
2458600.77610 18.333 0.024 4.89 348.0
2458602.67184 18.379 0.025 4.74 342.0
2458603.73413 18.392 0.026 4.76 290.0
2458604.87178 18.407 0.031 5.12 351.0
2458606.67514 18.408 0.025 4.26 349.0
2458607.73262 18.375 0.027 5.47 311.0
2458608.83581 18.331 0.022 3.93 376.0
2458612.93543 18.378 0.039 5.84 483.0
2458614.66043 18.365 0.038 6.21 464.0
2458615.72157 18.361 0.032 5.60 381.0
2458616.77198 18.384 0.021 3.39 353.0
2458617.80568 18.319 0.022 3.69 360.0
2458618.87579 18.410 0.035 5.17 548.0
2458620.63193 18.435 0.044 6.45 556.0
2458621.70796 18.473 0.065 6.28 1210.0
2458626.72486 18.376 0.040 6.14 528.0
2458627.67871 18.370 0.027 5.32 408.0
2458635.86081 18.428 0.036 5.95 407.0
2458636.81804 18.376 0.021 3.52 295.0
2458637.79499 18.363 0.022 3.62 358.0
2458638.90661 18.321 0.027 4.34 492.0
2458640.70729 18.350 0.024 4.29 335.0
2458642.57284 18.380 0.036 5.90 534.0
2458643.67705 18.420 0.023 3.90 334.0
2458644.61761 18.347 0.030 5.79 359.0
2458646.63993 18.336 0.032 6.18 349.0
2458647.63255 18.368 0.036 5.89 447.0
2458648.66774 18.428 0.034 5.19 498.0
2458649.65023 18.396 0.059 7.80 643.0
2458656.67834 18.398 0.030 5.05 515.0
2458657.67081 18.360 0.023 4.04 326.0
2458658.67200 18.389 0.022 4.32 359.0
2458662.67045 18.381 0.038 7.20 301.0
2458664.78276 18.373 0.022 4.18 375.0
2458666.71578 18.343 0.035 6.97 276.0
2458667.74302 18.385 0.023 4.21 283.0
2458668.72508 18.384 0.025 4.85 243.0
2458669.69249 18.403 0.030 5.09 344.0
2458670.65621 18.410 0.022 3.92 275.0
2458673.65811 18.392 0.025 4.50 312.0
2458674.80051 18.407 0.033 5.85 384.0
2458676.53696 18.447 0.033 5.33 453.0
2458677.60652 18.341 0.035 5.27 590.0
2458677.79255 18.407 0.061 6.13 1380.0
2458681.77625 18.387 0.051 5.98 1029.0
2458683.53747 18.383 0.048 7.58 462.0
2458684.54437 18.290 0.031 5.52 391.0
2458688.56608 18.429 0.037 6.49 334.0
2458690.80359 18.379 0.033 6.62 368.0
2458691.79759 18.363 0.033 6.11 378.0
2458692.78976 18.370 0.037 6.36 445.0
2458694.54685 18.320 0.024 4.33 343.0
2458695.73262 18.388 0.022 4.14 294.0
2458698.77547 18.356 0.024 4.62 315.0
2458700.73630 18.330 0.025 4.38 365.0
2458702.66508 18.385 0.023 4.35 303.0
2458713.74067 18.347 0.040 6.58 493.0
2458717.64624 18.389 0.032 6.12 288.0
2458719.66116 18.453 0.033 6.08 322.0
2458724.65871 18.370 0.024 4.62 283.0
2458726.68184 18.423 0.029 5.21 291.0
2458728.68412 18.431 0.027 4.43 314.0
2458730.66711 18.436 0.034 5.95 305.0
2458737.65896 18.377 0.051 6.93 677.0
2458742.64827 18.459 0.044 6.12 540.0
2458753.62644 18.437 0.042 6.89 382.0
2458782.55494 18.435 0.034 4.86 520.0
2458895.86671 18.368 0.051 6.74 810.0
2458900.85152 18.424 0.029 5.48 356.0
2458901.84502 18.350 0.027 5.16 334.0
2458902.84055 18.365 0.030 5.63 350.0
2458903.83886 18.344 0.039 7.02 415.0
2458904.83838 18.384 0.029 6.08 299.0
2458904.90104 18.302 0.043 5.26 1137.0
2458905.89324 18.292 0.027 4.94 428.0
2458907.83739 18.406 0.031 5.43 393.0
2458908.83980 18.350 0.032 6.19 367.0
2458909.84636 18.422 0.027 5.21 301.0
2458912.83089 18.366 0.029 5.67 358.0
2458914.88568 18.391 0.027 4.88 349.0
2458917.81693 18.452 0.042 5.35 731.0
2458919.83133 18.350 0.033 5.12 585.0
2458921.81063 18.388 0.032 5.21 570.0
2458923.83654 18.436 0.051 5.01 1622.0
2459795.64859 18.395 0.025 4.95 299.0
2459797.62663 18.439 0.038 5.82 398.0
2459804.52249 18.387 0.038 5.65 575.0
2459805.55948 18.363 0.033 5.14 469.0
2459806.63160 18.384 0.040 6.73 430.0
2459807.69712 18.356 0.027 5.02 368.0
2459808.74256 18.336 0.032 5.51 374.0
2459810.72038 18.430 0.025 4.66 294.0
2459812.63529 18.333 0.031 5.87 287.0
2459814.58496 18.433 0.028 5.04 311.0
2459816.51628 18.346 0.029 5.57 322.0
2459817.66110 18.316 0.025 5.51 370.0
2459820.50265 18.328 0.026 5.07 343.0
2459822.50272 18.332 0.033 6.25 360.0
2459831.52061 18.397 0.041 6.11 628.0
2459834.52537 18.351 0.029 4.90 498.0
2459835.64997 18.358 0.036 6.63 353.0
2459840.51526 18.359 0.035 6.55 345.0
2459841.63375 18.364 0.037 6.50 462.0
2459845.53361 18.324 0.031 5.92 343.0
2459848.61803 18.368 0.033 5.74 439.0
2459852.59149 18.316 0.028 5.04 430.0
2459859.51290 18.427 0.030 4.72 605.0
2459863.50413 18.334 0.037 5.59 615.0
2459867.53440 18.400 0.034 5.26 507.0
2459993.87040 18.375 0.026 4.70 456.0
2459998.84280 18.324 0.031 5.52 462.0
2460002.83340 18.376 0.032 5.68 457.0
2460006.82179 18.345 0.032 6.13 407.0
2460010.81158 18.380 0.040 5.39 788.0
2460011.80973 18.422 0.051 6.78 719.0
2460014.81173 18.314 0.033 5.67 594.0
2460016.82977 18.312 0.029 4.62 631.0
2460022.82668 18.401 0.029 5.78 336.0
2460025.77251 18.398 0.027 5.02 338.0
2460027.89284 18.367 0.027 5.26 353.0
2460030.78575 18.357 0.023 4.57 321.0
2460034.90254 18.423 0.027 4.82 337.0
2460037.85977 18.345 0.024 4.71 328.0
2460040.74850 18.418 0.038 5.44 741.0
2460042.77420 18.441 0.030 4.40 584.0
2460048.75141 18.415 0.032 5.91 387.0
2460051.75155 18.323 0.034 6.94 329.0
2460054.71779 18.402 0.028 5.61 321.0
2460057.69947 18.425 0.041 7.19 371.0
2460059.77502 18.376 0.027 5.15 365.0
2460061.81989 18.381 0.023 4.10 354.0
2460063.83161 18.355 0.024 4.32 407.0
2460067.68770 18.318 0.034 5.77 548.0
2460069.66891 18.374 0.050 6.50 920.0
2460076.82328 18.279 0.024 4.56 401.0
2460086.69932 18.397 0.032 5.60 369.0
2460087.78082 18.357 0.026 4.36 378.0
2460088.68354 18.379 0.028 5.19 325.0
2460089.85526 18.322 0.033 5.72 418.0
2460091.92305 18.345 0.035 5.15 644.0
2460093.89774 18.382 0.042 6.50 533.0
2460095.91214 18.396 0.036 5.60 457.0
2460097.73843 18.424 0.035 4.90 562.0
2460098.80449 18.416 0.062 5.98 1282.0
2460105.57079 18.400 0.039 6.67 384.0
2460106.82414 18.378 0.036 6.43 355.0
2460108.69379 18.376 0.029 5.67 319.0
2460110.60885 18.349 0.031 5.59 350.0
2460111.82485 18.381 0.035 5.08 496.0
2460113.53489 18.375 0.038 6.04 501.0
2460116.67415 18.371 0.030 5.64 323.0
2460120.52985 18.352 0.032 5.71 423.0
2460122.51111 18.326 0.039 5.78 620.0
2460123.73397 18.347 0.027 4.64 410.0
2460124.87923 18.382 0.043 5.96 760.0
2460130.49920 18.402 0.060 6.66 1144.0
2460131.76364 18.411 0.041 5.08 891.0
2460134.50490 18.380 0.031 4.87 528.0
2460139.70793 18.343 0.026 4.90 309.0
2460141.64590 18.356 0.026 4.94 296.0
2460143.66856 18.346 0.023 4.34 305.0
2460149.56477 18.310 0.026 4.84 361.0
2460153.49073 18.416 0.049 6.60 584.0
2460153.75279 18.397 0.039 5.29 766.0
2460158.71601 18.398 0.043 5.11 937.0
2460160.65796 18.364 0.032 5.04 449.0
2460165.67501 18.391 0.035 6.68 321.0
2460169.56224 18.330 0.028 5.50 292.0
2460171.55022 18.397 0.024 4.24 309.0
2460174.50675 18.397 0.038 6.26 376.0
2460178.67403 18.421 0.041 6.51 385.0
2460180.70851 18.428 0.044 6.56 529.0
2460186.64723 18.409 0.044 5.78 780.0
2460193.60633 18.456 0.035 5.59 399.0
2460202.60021 18.387 0.035 6.04 388.0
2460204.64488 18.454 0.044 7.04 426.0
2460213.61373 18.481 0.062 7.35 705.0
2460218.60905 18.421 0.059 7.67 693.0
2460255.51306 18.365 0.054 7.09 705.0
2460357.89179 18.343 0.063 5.89 1622.0
2460368.87168 18.342 0.033 5.25 521.0
2460376.87684 18.382 0.037 5.67 531.0
2460379.86151 18.388 0.027 4.35 406.0
2460382.89348 18.359 0.030 5.19 399.0
2460385.87515 18.392 0.031 5.13 353.0
2460390.78763 18.329 0.026 4.56 485.0
2460392.84910 18.378 0.028 4.38 467.0
2460395.77210 18.380 0.032 4.12 668.0
2460397.77178 18.306 0.038 5.95 626.0
2460404.77065 18.362 0.032 5.65 377.0
2460406.89916 18.370 0.030 5.08 410.0
2460410.90644 18.419 0.028 5.00 361.0
2460417.87269 18.356 0.027 4.62 414.0
2460423.72090 18.350 0.043 6.61 612.0
2460425.75566 18.350 0.038 5.86 617.0
2460432.93252 18.422 0.038 5.01 696.0
2460435.78450 18.377 0.031 5.93 349.0
2460440.74336 18.352 0.041 6.94 460.0
2460448.80142 18.332 0.031 5.44 404.0
2460450.73636 18.355 0.027 4.75 403.0
2460458.89723 18.386 0.035 5.18 554.0
2460461.69867 18.351 0.023 3.95 432.0
2460463.88837 18.377 0.030 4.98 395.0
2460466.81740 18.375 0.030 5.74 335.0
2460468.74314 18.349 0.028 5.28 312.0
2460473.88759 18.358 0.047 8.16 416.0
2460477.84806 18.394 0.035 5.17 599.0
2460479.76334 18.323 0.033 5.25 534.0
2460486.57360 18.325 0.042 6.73 555.0
2460488.66901 18.397 0.027 4.81 374.0
2460491.55966 18.385 0.026 4.87 311.0
2460492.84834 18.344 0.032 5.42 425.0
2460494.77011 18.370 0.029 5.22 327.0
2460496.67472 18.427 0.041 6.09 501.0
2460498.49742 18.306 0.028 5.31 415.0
2460499.84049 18.355 0.028 5.25 326.0
2460501.82126 18.333 0.039 6.46 434.0
2460504.52611 18.346 0.042 7.43 367.0
2460505.80513 18.319 0.031 6.12 328.0
2460507.68673 18.402 0.029 4.71 410.0
2460508.63809 18.340 0.035 5.63 492.0
2460515.71875 18.340 0.036 6.26 442.0
2460517.65658 18.375 0.034 6.09 314.0
2460519.70974 18.368 0.035 6.58 306.0
2460521.77796 18.400 0.033 5.54 418.0
2460531.62741 18.375 0.043 7.16 396.0
2460534.69582 18.355 0.028 5.55 336.0
2460544.57999 18.346 0.034 5.75 418.0
2460549.53571 18.391 0.037 6.30 393.0
2460555.65948 18.412 0.028 4.80 334.0
2460558.66739 18.291 0.027 5.32 346.0
2460560.65384 18.345 0.037 6.75 379.0
2460569.49867 18.351 0.047 7.19 571.0
2460571.63050 18.454 0.047 5.68 742.0
2460576.57061 18.387 0.044 7.26 394.0
2460581.56706 18.346 0.034 5.92 389.0
2460586.49331 18.453 0.053 7.68 447.0
2460596.54479 18.364 0.046 6.27 770.0
2460597.55621 18.386 0.040 5.67 731.0
2460598.52783 18.468 0.049 6.24 710.0
2460599.54283 18.312 0.033 4.87 678.0
2460600.53004 18.364 0.039 5.06 866.0
2460601.54273 18.417 0.038 4.82 826.0
2460609.54778 18.291 0.037 5.82 606.0
2460617.52979 18.344 0.043 6.35 586.0
2460721.88480 18.164 0.031 5.60 632.0
2460733.84230 17.998 0.027 6.84 427.0
2460736.83697 18.033 0.024 5.56 381.0
2460739.83573 18.036 0.022 4.75 460.0
2460741.90823 18.005 0.034 5.71 978.0
2460744.82032 18.032 0.022 5.15 405.0
2460747.81087 17.999 0.023 4.80 575.0
2460749.83555 18.011 0.024 4.55 608.0
2460751.86470 18.049 0.021 4.12 475.0
2460753.83004 18.041 0.023 4.32 595.0
2460761.81474 18.083 0.029 6.41 391.0
2460763.80626 18.133 0.031 6.80 388.0
2460765.80766 18.130 0.023 4.96 341.0
2460767.81193 18.107 0.021 4.66 360.0
2460769.80892 18.167 0.023 4.55 439.0
2460771.84288 18.153 0.028 6.16 337.0
2460773.78627 18.177 0.024 4.90 405.0
2460775.83869 18.142 0.029 6.16 424.0
2460778.77209 18.240 0.031 5.11 705.0
2460780.76407 18.192 0.033 5.29 649.0
2460786.84300 18.262 0.030 5.51 452.0
2460788.74567 18.249 0.025 5.12 349.0
2460789.88788 18.261 0.024 4.47 355.0
2460791.71914 18.245 0.024 5.08 354.0
2460792.88796 18.233 0.022 4.12 375.0
2460794.71180 18.258 0.026 5.38 323.0
2460797.71524 18.338 0.026 4.94 379.0
2460798.84277 18.257 0.024 4.70 367.0
2460800.69711 18.270 0.031 6.02 372.0
2460801.80598 18.293 0.028 5.61 363.0
2460802.92712 18.240 0.029 5.62 581.0
2460805.80441 18.246 0.026 4.72 484.0
2460806.91944 18.234 0.033 5.65 543.0
2460808.73844 18.354 0.033 4.38 813.0
2460813.92258 18.305 0.034 5.23 646.0
2460815.77369 18.322 0.021 4.05 347.0
2460817.64489 18.303 0.024 4.85 321.0
2460818.76367 18.318 0.022 4.37 319.0
2460819.87389 18.243 0.025 4.85 413.0
2460821.65204 18.333 0.039 7.15 380.0
2460822.92051 18.320 0.037 6.25 489.0
2460824.68783 18.351 0.027 5.10 356.0
2460825.71462 18.311 0.021 4.00 300.0
2460827.68155 18.290 0.020 4.21 305.0
2460828.76619 18.301 0.020 3.99 315.0
2460831.65105 18.312 0.036 6.42 494.0
2460832.78052 18.411 0.044 6.72 540.0
2460833.91383 18.363 0.040 6.17 551.0
2460835.70948 18.324 0.028 4.72 571.0
2460841.83205 18.456 0.053 6.57 700.0
2460843.79373 18.261 0.030 5.11 478.0
2460844.86347 18.477 0.051 7.14 532.0
2460846.65912 18.329 0.025 5.05 363.0
2460847.66203 18.394 0.032 5.47 380.0
2460848.68305 18.338 0.027 5.23 347.0
2460850.62542 18.347 0.029 5.84 347.0
2460851.62449 18.328 0.032 6.30 321.0
2460853.79926 18.326 0.035 6.38 398.0
2460854.81698 18.409 0.030 5.32 351.0
2460856.55558 18.272 0.029 5.95 366.0
2460857.86516 18.395 0.042 6.85 449.0
2460859.65112 18.335 0.023 4.58 321.0
2460860.69351 18.366 0.022 3.98 325.0
2460861.84660 18.356 0.041 7.91 354.0
2460863.51154 18.285 0.056 7.99 765.0
2460868.73853 18.374 0.050 6.43 780.0
2460870.53055 18.413 0.038 6.85 338.0
2460872.52403 18.399 0.032 6.00 328.0
2460873.62922 18.337 0.028 5.42 328.0
2460874.74893 18.354 0.027 5.22 330.0
2460875.81976 18.436 0.034 5.32 427.0
2460878.50145 18.350 0.026 4.99 369.0
2460879.77018 18.338 0.028 5.29 372.0
2460881.56863 18.344 0.024 4.97 300.0
2460885.54687 18.330 0.023 4.90 290.0
2460895.71677 18.429 0.062 6.89 968.0
2460897.58776 18.268 0.039 5.90 689.0
2460899.61524 18.380 0.025 4.31 377.0
2460901.50117 18.384 0.038 6.33 406.0
2460904.50975 18.335 0.034 6.36 386.0
2460911.60825 18.465 0.037 6.07 392.0
2460913.65630 18.357 0.027 5.87 293.0
2460915.63022 18.369 0.026 5.35 304.0
2460923.62225 18.367 0.046 6.33 846.0
2460924.63045 18.380 0.046 6.69 704.0
2460925.51236 18.374 0.045 6.86 583.0
2460925.64170 18.316 0.050 7.26 735.0
2460926.51297 18.430 0.046 6.40 625.0
2460926.64633 18.434 0.060 7.42 848.0
2460927.50899 18.387 0.029 4.93 510.0
2460927.63903 18.272 0.038 6.37 609.0
2460928.51132 18.420 0.031 5.67 361.0
2460928.64087 18.360 0.038 6.26 538.0
2460929.53680 18.336 0.025 4.62 363.0
2460930.51380 18.422 0.027 4.80 395.0
2460930.64321 18.398 0.041 6.50 563.0
2460931.52528 18.396 0.035 6.44 365.0
2460932.54787 18.372 0.030 5.63 381.0
2460933.53973 18.412 0.034 5.91 448.0
2460934.54032 18.342 0.026 4.43 457.0
2460936.60892 18.368 0.037 6.69 350.0
2460942.49263 18.287 0.032 6.14 361.0
2460944.53116 18.431 0.039 6.64 412.0
2460950.60600 18.405 0.053 6.90 800.0
2460954.56210 18.408 0.049 6.87 638.0
2460958.56447 18.363 0.041 6.13 475.0
2460967.55190 18.367 0.035 5.97 462.0
