2457800.87004 18.483 0.040 5.62 548.0
2457807.87822 18.517 0.034 5.16 407.0
2457814.89212 18.499 0.029 4.43 424.0
2457817.87456 18.414 0.029 4.53 467.0
2457819.90787 18.514 0.044 4.57 1037.0
2457822.87356 18.564 0.041 5.84 476.0
2457825.81687 18.549 0.041 4.98 706.0
2457827.82394 18.492 0.042 5.26 594.0
2457829.83460 18.482 0.047 5.96 646.0
2457835.84455 18.404 0.056 7.89 401.0
2457837.74960 18.390 0.037 6.43 369.0
2457838.82036 18.479 0.035 5.23 419.0
2457839.88128 18.492 0.027 4.48 321.0
2457841.76892 18.699 0.062 7.15 372.0
2457842.80863 18.463 0.039 6.05 367.0
2457843.85008 18.477 0.034 5.59 333.0
2457844.89402 18.413 0.037 5.93 353.0
2457846.75512 18.404 0.033 5.69 351.0
2457847.78084 18.533 0.040 6.06 364.0
2457848.80964 18.520 0.031 4.92 332.0
2457849.84814 18.455 0.026 4.17 361.0
2457850.87793 18.456 0.029 4.79 357.0
2457851.91390 18.479 0.035 5.29 397.0
2457854.71441 18.504 0.052 6.41 763.0
2457855.75945 18.489 0.036 4.43 699.0
2457856.78593 18.391 0.045 6.12 617.0
2457858.91120 18.429 0.038 5.46 584.0
2457862.91603 18.327 0.032 5.14 437.0
2457865.71583 18.585 0.035 5.04 388.0
2457866.72749 18.467 0.033 5.07 387.0
2457867.74652 18.390 0.025 4.45 349.0
2457868.83206 18.463 0.053 6.73 418.0
2457869.85446 18.459 0.030 4.64 384.0
2457870.88202 18.527 0.030 4.12 370.0
2457871.90651 18.399 0.029 4.31 415.0
2457872.93000 18.561 0.036 4.03 703.0
2457873.91174 18.351 0.029 4.52 417.0
2457874.88374 18.427 0.033 4.79 466.0
2457876.67032 18.386 0.046 6.52 561.0
2457877.64844 18.437 0.038 5.30 572.0
2457877.93513 18.448 0.045 4.10 1303.0
2457879.65096 18.443 0.050 6.91 617.0
2457880.70542 18.263 0.042 6.98 507.0
2457881.79511 18.499 0.054 5.40 1113.0
2457882.79642 18.393 0.045 6.14 597.0
2457890.70654 18.419 0.045 6.17 544.0
2457893.70055 18.361 0.039 6.17 424.0
2457894.59677 18.283 0.046 8.18 535.0
2457894.84383 18.555 0.035 4.60 418.0
2457897.64843 18.302 0.042 7.05 438.0
2457901.71651 18.404 0.037 6.33 382.0
2457902.70857 18.426 0.033 5.19 384.0
2457903.78985 18.464 0.061 7.98 371.0
2457904.70300 18.447 0.028 4.81 332.0
2457905.56882 18.332 0.040 6.73 499.0
2457905.82393 18.405 0.027 4.23 427.0
2457906.71346 18.467 0.028 4.31 417.0
2457907.59264 18.350 0.040 5.71 846.0
2457908.57214 18.373 0.050 6.54 688.0
2457908.82043 18.409 0.030 4.63 414.0
2457909.69476 18.539 0.036 4.60 521.0
2457909.91853 18.635 0.044 5.08 762.0
2457910.73872 18.457 0.031 4.28 498.0
2457911.60495 18.357 0.054 6.86 753.0
2457916.58984 18.453 0.043 5.40 907.0
2457916.79008 18.437 0.031 3.80 739.0
2457917.63603 18.402 0.036 5.15 533.0
2457917.87350 18.482 0.053 6.00 794.0
2457922.58106 18.503 0.052 7.31 506.0
2457923.59701 18.380 0.037 6.01 432.0
2457924.68034 18.516 0.035 5.00 398.0
2457925.58946 18.568 0.042 5.90 385.0
2457925.85603 18.423 0.042 6.23 451.0
2457926.79059 18.436 0.045 6.47 435.0
2457928.58635 18.482 0.037 5.84 388.0
2457929.58745 18.469 0.036 5.95 790.0
2457932.61751 18.442 0.037 5.72 398.0
2457933.75580 18.414 0.046 7.18 330.0
2457934.69515 18.432 0.029 4.76 372.0
2457935.51304 18.496 0.039 5.72 507.0
2457935.77008 18.367 0.025 4.29 327.0
2457936.66268 18.441 0.033 5.24 359.0
2457937.49393 18.440 0.043 5.61 631.0
2457937.75283 18.381 0.039 6.00 401.0
2457938.66121 18.482 0.063 7.72 485.0
2457944.56460 18.499 0.041 4.81 740.0
2457944.66665 18.489 0.038 4.66 615.0
2457944.78822 18.533 0.055 5.89 769.0
2457945.60462 18.509 0.033 4.57 519.0
2457945.84215 18.386 0.043 5.73 769.0
2457946.70930 18.401 0.034 5.03 446.0
2457947.61175 18.399 0.036 5.56 422.0
2457948.51743 18.382 0.030 5.01 382.0
2457948.80079 18.486 0.045 6.34 567.0
2457949.73281 18.654 0.063 6.13 800.0
2457953.50190 18.516 0.038 5.41 436.0
2457953.77733 18.439 0.038 6.18 386.0
2457954.69697 18.455 0.027 4.28 347.0
2457956.52306 18.500 0.038 5.16 464.0
2457956.79703 18.437 0.044 7.31 417.0
2457958.63341 18.460 0.045 6.67 372.0
2457959.52647 18.438 0.032 5.31 403.0
2457959.77651 18.341 0.031 5.82 355.0
2457961.65960 18.492 0.031 4.64 359.0
2457962.77911 18.441 0.042 6.31 457.0
2457964.69083 18.581 0.036 4.90 391.0
2457966.53495 18.530 0.062 7.31 499.0
2457967.57951 18.518 0.056 7.15 445.0
2457971.47635 18.610 0.080 7.53 912.0
2457971.57228 18.534 0.057 6.24 770.0
2457971.66898 18.549 0.077 5.43 2029.0
2457972.50552 18.431 0.069 6.97 779.0
2457972.60603 18.529 0.057 6.23 678.0
2457972.71414 18.434 0.050 5.49 814.0
2457973.75041 18.495 0.079 7.84 961.0
2457974.70720 18.839 0.067 5.68 602.0
2457979.60541 18.460 0.030 4.41 429.0
2457980.66901 18.599 0.083 8.08 532.0
2457982.53578 18.437 0.041 6.20 396.0
2457983.59031 18.536 0.035 4.43 382.0
2457984.64803 18.589 0.041 5.24 376.0
2457986.57467 18.423 0.023 3.82 357.0
2457987.64157 18.562 0.032 4.13 424.0
2457991.50684 18.499 0.038 5.49 426.0
2457992.57024 18.486 0.037 5.30 412.0
2457998.49809 18.570 0.045 5.15 675.0
2458000.52310 18.395 0.055 7.27 582.0
2458000.62463 18.477 0.059 6.82 736.0
2458002.52507 18.648 0.087 6.51 1233.0
2458004.55708 18.592 0.056 6.81 515.0
2458008.55497 18.621 0.048 5.77 408.0
2458012.53575 18.508 0.032 4.50 492.0
2458014.56365 18.464 0.034 5.27 453.0
2458017.49228 18.636 0.048 5.73 487.0
2458020.47859 18.763 0.078 5.98 867.0
2458026.50450 18.566 0.056 5.00 1348.0
2458030.48085 18.546 0.047 4.63 1113.0
2458040.49411 18.574 0.068 6.81 709.0
2458041.51656 18.574 0.046 5.91 521.0
2458162.85871 18.511 0.034 5.36 455.0
2458165.86727 18.442 0.038 5.96 499.0
2458167.85878 18.477 0.036 5.19 469.0
2458168.88097 18.479 0.035 5.27 414.0
2458170.84947 18.563 0.032 4.79 445.0
2458171.87106 18.497 0.031 4.30 445.0
2458172.88295 18.431 0.034 4.50 487.0
2458174.82561 18.381 0.041 6.19 624.0
2458175.83936 18.443 0.031 4.65 448.0
2458176.84536 18.518 0.034 4.75 477.0
2458181.85081 18.571 0.041 4.77 705.0
2458183.80106 18.410 0.042 5.64 723.0
2458184.87531 18.380 0.039 5.41 613.0
2458185.89412 18.443 0.039 5.31 609.0
2458190.82000 18.537 0.032 5.04 364.0
2458192.79632 18.498 0.043 6.11 445.0
2458193.90849 18.489 0.035 4.50 599.0
2458195.84401 18.525 0.041 5.63 395.0
2458197.75678 18.384 0.036 6.13 445.0
2458198.81404 18.524 0.033 5.13 406.0
2458199.87555 18.465 0.027 4.59 390.0
2458201.79072 18.448 0.044 6.45 417.0
2458202.83380 18.514 0.029 4.36 435.0
2458203.89219 18.544 0.033 4.65 380.0
2458205.75508 18.517 0.056 6.79 543.0
2458206.81111 18.476 0.033 4.73 499.0
2458207.85326 18.522 0.030 4.12 495.0
2458208.88942 18.526 0.036 4.39 607.0
2458209.90801 18.488 0.034 4.33 597.0
2458210.92126 18.514 0.037 3.94 935.0
2458212.71344 18.390 0.043 5.64 877.0
2458213.78933 18.447 0.056 5.16 1467.0
2458220.78734 18.408 0.047 7.29 359.0
2458221.83200 18.553 0.033 4.72 343.0
2458222.86635 18.403 0.030 4.51 379.0
2458224.73728 18.624 0.041 5.45 432.0
2458226.82757 18.369 0.039 6.31 386.0
2458227.86447 18.457 0.027 4.08 366.0
2458229.69180 18.463 0.031 5.26 413.0
2458230.70918 18.437 0.038 6.03 407.0
2458232.84429 18.451 0.030 4.65 392.0
2458236.69278 18.537 0.041 5.00 700.0
2458238.82441 18.514 0.043 5.03 736.0
2458244.81734 18.468 0.031 4.34 508.0
2458245.87790 18.525 0.054 6.21 619.0
2458246.86891 18.433 0.031 4.23 555.0
2458247.78379 18.523 0.032 4.72 454.0
2458249.65646 18.506 0.046 6.53 515.0
2458249.91134 18.481 0.036 4.64 562.0
2458250.85587 18.443 0.025 3.94 385.0
2458251.75858 18.507 0.041 6.17 395.0
2458252.93565 18.534 0.039 5.00 600.0
2458254.62483 18.442 0.036 5.16 480.0
2458254.92147 18.422 0.026 3.56 503.0
2458255.88446 18.457 0.033 4.33 521.0
2458256.80205 18.478 0.042 5.95 465.0
2458257.75471 18.567 0.037 5.22 364.0
2458258.75216 18.615 0.032 4.75 349.0
2458259.73435 18.567 0.037 5.15 521.0
2458260.73825 18.521 0.029 4.45 429.0
2458261.81485 18.401 0.029 4.10 375.0
2458262.78853 18.523 0.029 4.39 335.0
2458263.72919 18.489 0.026 4.13 410.0
2458264.75926 18.608 0.034 4.44 507.0
2458265.67162 18.523 0.046 5.56 650.0
2458266.69362 18.385 0.049 6.35 689.0
2458271.79344 18.447 0.042 5.45 653.0
2458272.74801 18.538 0.045 5.56 505.0
2458273.61644 18.415 0.036 5.31 482.0
2458273.87244 18.393 0.031 4.63 480.0
2458274.73010 18.431 0.041 6.33 420.0
2458275.63231 18.589 0.040 5.57 401.0
2458275.90168 18.376 0.038 5.54 641.0
2458276.77322 18.445 0.031 4.74 410.0
2458277.70907 18.516 0.033 5.30 351.0
2458278.54458 18.495 0.040 5.51 531.0
2458282.59441 18.550 0.035 5.14 385.0
2458282.87470 18.367 0.027 4.36 442.0
2458283.72065 18.451 0.032 5.70 336.0
2458284.55867 18.450 0.036 5.73 468.0
2458284.82025 18.453 0.027 4.22 360.0
2458286.57365 18.382 0.030 5.60 332.0
2458286.86449 18.547 0.034 4.72 386.0
2458287.73320 18.440 0.025 4.36 311.0
2458288.60722 18.467 0.030 4.87 332.0
2458288.89466 18.667 0.063 6.85 607.0
2458289.76437 18.505 0.031 4.71 379.0
2458290.66166 18.445 0.031 5.11 401.0
2458291.58871 18.546 0.041 4.69 960.0
2458291.87943 18.434 0.037 5.14 530.0
2458292.76985 18.559 0.039 4.65 447.0
2458293.68696 18.451 0.031 4.46 493.0
2458294.72691 18.368 0.064 7.78 839.0
2458299.69116 18.404 0.044 5.15 984.0
2458301.82830 18.397 0.048 6.07 827.0
2458304.58905 18.445 0.051 7.25 420.0
2458305.59094 18.461 0.052 7.79 384.0
2458306.63201 18.287 0.050 8.17 396.0
2458307.46681 18.452 0.046 5.87 756.0
2458307.72469 18.401 0.028 4.49 358.0
2458308.58923 18.478 0.031 5.33 315.0
2458309.46445 18.308 0.044 5.82 843.0
2458309.73060 18.395 0.025 4.25 373.0
2458310.57271 18.449 0.035 5.72 408.0
2458310.77274 18.451 0.034 5.23 407.0
2458311.64980 18.446 0.032 4.93 335.0
2458312.52749 18.451 0.037 5.43 417.0
2458312.80879 18.422 0.030 5.26 363.0
2458313.68330 18.436 0.025 3.60 365.0
2458314.56005 18.427 0.036 5.59 415.0
2458314.81376 18.388 0.039 6.95 420.0
2458316.70481 18.393 0.054 7.59 385.0
2458320.66114 18.373 0.023 3.96 398.0
2458321.69442 18.619 0.083 7.36 1136.0
2458328.67479 18.454 0.065 5.98 1468.0
2458329.59955 18.342 0.038 5.75 565.0
2458330.53653 18.394 0.028 5.06 461.0
2458331.64496 18.514 0.032 4.44 422.0
2458332.66199 18.405 0.038 5.28 505.0
2458333.66895 18.427 0.025 3.89 368.0
2458334.68529 18.489 0.030 4.44 403.0
2458336.56484 18.546 0.034 5.48 328.0
2458338.58542 18.456 0.039 6.11 397.0
2458339.63958 18.462 0.029 4.78 312.0
2458341.50803 18.511 0.036 5.05 423.0
2458342.58275 18.495 0.037 4.95 406.0
2458344.59837 18.569 0.036 4.73 396.0
2458345.68407 18.448 0.027 4.40 340.0
2458347.48610 18.556 0.043 5.91 375.0
2458348.56480 18.541 0.044 5.16 462.0
2458353.50525 18.513 0.066 5.33 1547.0
2458355.62343 18.445 0.038 4.27 860.0
2458357.47178 18.475 0.071 5.74 1517.0
2458358.64010 18.586 0.043 5.25 532.0
2458360.47676 18.550 0.063 6.38 659.0
2458363.50529 18.424 0.042 6.14 439.0
2458364.65461 18.562 0.026 4.25 333.0
2458367.63847 18.431 0.030 5.09 400.0
2458369.58919 18.622 0.033 4.15 375.0
2458371.52440 18.416 0.029 4.80 380.0
2458373.50142 18.458 0.043 5.94 395.0
2458376.47888 18.483 0.063 7.72 718.0
2458377.58742 18.529 0.048 5.59 685.0
2458382.56220 18.412 0.030 3.96 609.0
2458383.62804 18.763 0.093 8.07 831.0
2458385.62010 18.416 0.030 4.50 689.0
2458392.61565 18.580 0.057 7.42 431.0
2458399.50933 18.266 0.047 6.90 434.0
2458409.53716 18.767 0.096 8.30 742.0
2458410.52752 18.741 0.057 5.67 653.0
2458410.53676 18.581 0.046 5.27 677.0
2458419.52218 18.817 0.064 6.01 596.0
2458419.53131 18.455 0.051 6.51 599.0
2458530.89017 18.498 0.044 4.89 940.0
2458532.89306 18.479 0.060 6.70 1091.0
2458534.87719 18.378 0.040 5.92 638.0
2458535.87935 18.520 0.057 7.02 607.0
2458537.85567 18.422 0.046 6.81 520.0
2458539.87882 18.480 0.037 5.51 500.0
2458544.87772 18.509 0.030 5.36 352.0
2458546.90599 18.496 0.045 5.68 880.0
2458548.82300 18.530 0.034 4.77 482.0
2458549.83021 18.363 0.032 5.69 383.0
2458550.84494 18.519 0.027 4.04 364.0
2458551.86607 18.553 0.053 7.36 380.0
2458552.88859 18.719 0.056 7.24 362.0
2458554.77437 18.666 0.051 6.43 442.0
2458554.86859 18.478 0.033 5.60 385.0
2458555.84112 18.636 0.036 6.02 390.0
2458556.81384 18.485 0.032 4.83 418.0
2458557.78331 18.458 0.039 5.92 402.0
2458557.88400 18.599 0.038 5.69 385.0
2458558.84809 18.482 0.033 5.52 400.0
2458559.79388 18.446 0.034 5.28 411.0
2458559.89522 18.495 0.031 5.04 379.0
2458560.85604 18.573 0.029 4.22 379.0
2458561.82122 18.611 0.034 4.22 535.0
2458562.77116 18.507 0.046 5.77 726.0
2458562.87868 18.540 0.047 5.77 610.0
2458563.83311 18.456 0.038 4.69 697.0
2458564.78262 18.454 0.037 5.25 650.0
2458564.88520 18.525 0.033 4.26 602.0
2458565.85357 18.587 0.042 5.00 615.0
2458566.81527 18.595 0.035 3.94 609.0
2458567.76996 18.387 0.034 4.68 694.0
2458567.84158 18.442 0.030 4.14 586.0
2458573.88826 18.365 0.046 7.06 419.0
2458574.85175 18.359 0.035 6.21 363.0
2458575.74700 18.572 0.038 5.43 389.0
2458575.84627 18.354 0.034 5.86 375.0
2458576.77690 18.479 0.043 7.07 384.0
2458576.87187 18.418 0.035 5.88 352.0
2458577.80419 18.432 0.049 6.84 460.0
2458578.71291 18.523 0.042 5.93 421.0
2458578.80573 18.502 0.033 5.10 436.0
2458578.92689 18.550 0.049 4.81 961.0
2458579.79467 18.513 0.042 5.83 476.0
2458579.90704 18.383 0.031 4.79 509.0
2458580.78023 18.503 0.033 5.37 417.0
2458580.89641 18.425 0.027 4.26 438.0
2458581.83217 18.553 0.031 4.55 384.0
2458582.78556 18.568 0.037 5.50 389.0
2458583.73618 18.457 0.033 5.78 406.0
2458584.72650 18.384 0.031 5.37 414.0
2458585.70833 18.457 0.039 6.03 417.0
2458585.92001 18.496 0.027 3.61 509.0
2458586.87266 18.507 0.025 4.05 343.0
2458587.80335 18.437 0.033 5.31 395.0
2458588.76425 18.506 0.026 4.23 410.0
2458589.72162 18.399 0.036 5.36 601.0
2458590.69848 18.464 0.040 5.42 685.0
2458590.91646 18.497 0.029 4.01 466.0
2458591.88238 18.571 0.035 4.48 532.0
2458592.89661 18.546 0.040 3.94 997.0
2458593.92357 18.478 0.038 4.29 717.0
2458594.84191 18.435 0.034 4.51 674.0
2458595.75957 18.366 0.068 7.92 879.0
2458599.74933 18.512 0.052 7.12 480.0
2458599.88710 18.437 0.024 3.63 435.0
2458600.69581 18.469 0.036 5.81 403.0
2458601.67251 18.543 0.033 5.43 400.0
2458601.93188 18.344 0.033 3.80 1024.0
2458602.86638 18.391 0.028 4.55 410.0
2458603.76674 18.511 0.031 4.84 348.0
2458604.75522 18.519 0.047 6.57 389.0
2458605.67378 18.558 0.056 7.73 417.0
2458605.92918 18.490 0.037 4.76 569.0
2458606.85631 18.412 0.022 3.58 384.0
2458608.67246 18.435 0.040 5.66 597.0
2458609.66739 18.516 0.037 6.27 466.0
2458612.89522 18.464 0.039 5.46 444.0
2458613.77590 18.497 0.032 4.85 395.0
2458614.67144 18.297 0.057 7.93 536.0
2458614.92444 18.348 0.036 5.28 548.0
2458615.85112 18.456 0.026 3.87 367.0
2458616.73797 18.453 0.026 4.42 454.0
2458617.66006 18.496 0.036 5.34 479.0
2458617.93660 18.418 0.037 4.08 969.0
2458618.80834 18.504 0.031 4.10 552.0
2458619.69377 18.602 0.047 5.79 526.0
2458620.64279 18.331 0.043 6.68 604.0
2458620.89293 18.487 0.034 4.60 554.0
2458621.86087 18.473 0.045 5.01 839.0
2458626.67296 18.327 0.052 7.35 643.0
2458626.78125 18.399 0.038 5.74 627.0
2458626.87574 18.515 0.041 4.37 760.0
2458627.64611 18.478 0.035 5.89 579.0
2458627.77661 18.443 0.029 4.27 548.0
2458635.82256 18.462 0.033 4.90 436.0
2458636.63428 18.485 0.037 5.62 398.0
2458636.88608 18.438 0.028 4.14 432.0
2458637.69433 18.478 0.027 4.33 371.0
2458638.62324 18.422 0.032 6.38 415.0
2458638.88229 18.431 0.033 5.01 521.0
2458639.83996 18.410 0.025 4.00 484.0
2458640.71630 18.442 0.029 4.69 389.0
2458641.60377 18.429 0.037 5.84 495.0
2458642.70174 18.528 0.033 4.65 421.0
2458643.59402 18.532 0.033 5.21 429.0
2458643.87188 18.552 0.032 4.31 438.0
2458644.70684 18.427 0.028 4.62 372.0
2458646.58617 18.435 0.045 6.89 461.0
2458646.78476 18.492 0.032 4.99 383.0
2458647.67134 18.462 0.049 6.68 526.0
2458648.61642 18.464 0.044 5.99 651.0
2458648.86048 18.488 0.040 5.14 592.0
2458654.52930 18.476 0.048 5.48 1153.0
2458655.85158 18.572 0.062 5.73 1315.0
2458656.80915 18.419 0.032 4.77 477.0
2458657.66322 18.410 0.034 4.73 405.0
2458899.89325 18.479 0.046 5.37 883.0
2458900.88949 18.499 0.037 5.60 521.0
2458901.88335 18.328 0.035 6.23 389.0
2458902.87047 18.537 0.032 5.21 359.0
2458903.85591 18.535 0.043 6.39 425.0
2458904.82896 18.593 0.043 6.52 361.0
2458904.83390 18.528 0.037 6.29 347.0
2458905.83786 18.578 0.031 5.27 369.0
2458905.89642 18.625 0.040 4.93 634.0
2458906.89969 18.544 0.054 4.79 1225.0
2458907.88501 18.561 0.031 5.15 407.0
2458908.87770 18.641 0.043 6.09 399.0
2458909.83371 18.615 0.037 6.25 356.0
2458911.85729 18.566 0.037 5.86 373.0
2458913.81122 18.697 0.058 7.19 437.0
2458915.82053 18.465 0.041 6.75 496.0
2458916.88054 18.605 0.038 4.97 453.0
2458918.83575 18.651 0.044 5.35 697.0
2458919.88539 18.457 0.034 5.07 540.0
2458921.79797 18.572 0.043 5.80 673.0
2458923.80610 18.543 0.054 5.42 1250.0
2458923.87193 18.422 0.054 5.27 1478.0
2459795.71583 18.574 0.043 6.17 407.0
2459796.65784 18.464 0.029 4.82 380.0
2459797.70610 18.602 0.046 5.57 522.0
2459804.50978 18.435 0.040 5.60 643.0
2459804.68531 18.444 0.049 6.24 856.0
2459805.64656 18.582 0.051 6.25 551.0
2459806.65205 18.252 0.048 7.74 509.0
2459807.62849 18.512 0.036 5.67 394.0
2459808.63800 18.721 0.044 5.36 327.0
2459809.64135 18.469 0.035 5.90 337.0
2459811.48760 18.466 0.044 6.70 376.0
2459812.50553 18.708 0.064 7.64 357.0
2459813.68730 18.748 0.054 6.90 327.0
2459814.68376 18.548 0.045 6.50 406.0
2459815.71196 18.527 0.034 5.42 392.0
2459817.50065 18.394 0.043 6.89 436.0
2459818.55384 18.367 0.051 7.43 476.0
2459820.48899 18.497 0.052 7.08 471.0
2459821.54846 18.494 0.035 5.84 343.0
2459823.57427 18.296 0.046 7.55 475.0
2459824.68600 18.719 0.054 6.60 410.0
2459831.49363 18.433 0.048 6.15 730.0
2459832.54077 18.508 0.051 6.34 714.0
2459834.62318 18.520 0.047 6.21 707.0
2459836.58994 18.509 0.075 8.82 508.0
2459838.62994 18.552 0.043 6.25 500.0
2459841.53761 18.560 0.039 5.79 452.0
2459844.50750 18.611 0.041 5.66 461.0
2459845.55541 18.752 0.057 7.13 413.0
2459848.56916 18.640 0.050 6.20 530.0
2459851.59816 18.656 0.069 7.75 485.0
2459860.49973 18.332 0.066 7.56 837.0
2459863.53744 18.587 0.055 6.53 722.0
2459867.51645 18.582 0.046 6.37 584.0
2459993.86010 18.492 0.045 6.12 484.0
2459998.83808 18.460 0.033 5.21 507.0
2460002.82698 18.441 0.039 6.30 492.0
2460006.81213 18.589 0.042 6.20 468.0
2460010.80686 18.420 0.043 5.58 851.0
2460014.80536 18.442 0.040 6.00 655.0
2460016.81173 18.569 0.043 4.92 774.0
2460022.79828 18.396 0.028 5.41 391.0
2460025.76939 18.484 0.030 4.98 388.0
2460027.88183 18.616 0.035 5.23 401.0
2460030.77932 18.524 0.030 5.02 365.0
2460032.85112 18.635 0.033 5.26 338.0
2460034.89439 18.455 0.027 4.81 375.0
2460037.85331 18.516 0.028 4.45 393.0
2460040.74208 18.620 0.049 5.15 843.0
2460042.74799 18.534 0.036 4.82 698.0
2460043.91005 18.498 0.038 4.82 755.0
2460049.87596 18.446 0.024 4.28 395.0
2460052.83690 18.435 0.030 5.21 414.0
2460056.72881 18.446 0.043 7.18 422.0
2460058.80374 18.510 0.034 5.46 423.0
2460060.80664 18.480 0.027 4.41 432.0
2460062.85270 18.531 0.029 4.72 410.0
2460066.71960 18.545 0.035 4.95 471.0
2460068.67126 18.515 0.049 6.23 759.0
2460069.91436 18.513 0.044 4.73 910.0
2460075.93413 18.393 0.040 4.82 1047.0
2460085.67185 18.588 0.057 6.79 422.0
2460089.65884 18.413 0.040 5.80 538.0
2460091.74372 18.641 0.041 5.17 496.0
2460093.89610 18.420 0.054 7.08 613.0
2460095.91062 18.327 0.041 6.27 535.0
2460097.60499 18.442 0.048 5.28 774.0
2460098.73240 18.558 0.061 5.95 1155.0
2460104.91565 18.289 0.041 5.36 805.0
2460106.74416 18.443 0.041 6.12 384.0
2460108.60782 18.525 0.041 5.50 380.0
2460110.53161 18.488 0.051 6.52 643.0
2460111.75624 18.495 0.036 5.03 394.0
2460112.85902 18.399 0.036 5.28 503.0
2460114.78685 18.422 0.053 6.98 531.0
2460120.50688 18.522 0.044 6.19 467.0
2460121.69732 18.419 0.036 5.54 462.0
2460123.61203 18.455 0.042 6.18 505.0
2460124.85427 18.413 0.039 5.33 657.0
2460131.75093 18.549 0.050 5.36 947.0
2460134.48389 18.352 0.043 6.12 653.0
2460139.70471 18.584 0.035 5.02 366.0
2460141.64099 18.493 0.039 5.77 374.0
2460143.66523 18.480 0.031 4.89 363.0
2460149.56005 18.420 0.032 5.16 432.0
2460153.48604 18.534 0.061 6.60 698.0
2460153.74778 18.438 0.048 5.60 1029.0
2460153.80512 18.466 0.052 6.13 937.0
2460157.77098 18.479 0.046 4.54 1365.0
2460159.72953 18.490 0.045 5.76 665.0
2460160.76728 18.305 0.043 5.76 749.0
2460167.56916 18.634 0.057 7.24 357.0
2460169.66121 18.442 0.037 5.96 348.0
2460171.67931 18.573 0.037 5.25 403.0
2460174.63570 18.482 0.046 6.40 394.0
2460179.59907 18.559 0.041 5.63 417.0
2460185.56770 18.558 0.064 6.54 793.0
2460188.59795 18.548 0.057 6.05 904.0
2460201.62384 18.353 0.038 6.34 450.0
2460203.65396 18.277 0.035 5.94 479.0
2460206.60898 18.417 0.041 6.05 551.0
2460214.53292 18.407 0.056 6.89 726.0
2460221.52383 18.673 0.067 7.16 594.0
2460227.57149 18.515 0.057 7.00 626.0
2460232.53345 18.518 0.055 6.66 670.0
2460244.52865 18.477 0.082 7.75 1036.0
2460355.89108 18.494 0.063 5.73 1786.0
2460367.86350 18.483 0.045 5.87 603.0
2460371.86233 18.527 0.042 4.99 571.0
2460378.87862 18.516 0.035 5.21 426.0
2460381.91091 18.505 0.065 5.12 1774.0
2460385.80204 18.512 0.041 5.73 458.0
2460388.80221 18.693 0.057 6.42 478.0
2460391.80213 18.588 0.041 5.17 547.0
2460393.87913 18.474 0.036 5.31 532.0
2460396.76361 18.458 0.048 5.86 780.0
2460398.84237 18.459 0.035 4.82 662.0
2460404.79792 18.550 0.040 5.71 423.0
2460406.92158 18.444 0.050 5.97 837.0
2460411.74213 18.484 0.040 5.38 447.0
2460418.72220 18.560 0.042 6.00 504.0
2460423.71493 18.374 0.046 6.60 711.0
2460425.74823 18.655 0.054 5.81 718.0
2460432.92503 18.470 0.037 5.02 632.0
2460435.78002 18.402 0.036 6.11 406.0
2460440.73585 18.600 0.059 6.99 536.0
2460448.79540 18.523 0.044 6.10 480.0
2460450.69568 18.407 0.035 5.33 512.0
2460458.83848 18.430 0.031 4.66 481.0
2460461.69054 18.487 0.028 4.15 508.0
2460463.85104 18.617 0.038 4.97 445.0
2460466.76522 18.389 0.033 5.71 477.0
2460467.92506 18.399 0.050 6.29 868.0
2460473.65635 18.434 0.046 6.93 460.0
2460477.64256 18.380 0.039 5.94 568.0
2460479.64334 18.728 0.083 8.06 575.0
2460485.71514 18.489 0.043 5.37 688.0
2460487.76159 18.473 0.047 6.20 548.0
2460490.78168 18.587 0.035 4.89 402.0
2460492.75621 18.558 0.031 4.61 373.0
2460494.71266 18.596 0.036 5.24 366.0
2460498.79580 18.434 0.031 4.98 421.0
2460500.77030 18.628 0.041 5.44 401.0
2460502.70202 18.549 0.040 5.80 378.0
2460504.73710 18.461 0.037 5.92 361.0
2460507.51563 18.503 0.048 6.55 510.0
2460508.60106 18.490 0.044 5.88 585.0
2460515.68341 18.489 0.055 7.35 479.0
2460517.64671 18.506 0.040 5.57 369.0
2460518.76704 18.404 0.042 6.38 450.0
2460521.71773 18.433 0.033 5.43 396.0
2460530.69771 18.438 0.044 6.49 427.0
2460534.55979 18.503 0.032 4.97 394.0
2460542.69121 18.423 0.065 7.45 885.0
2460545.68031 18.517 0.052 6.74 503.0
2460550.64204 18.493 0.058 7.72 442.0
2460556.57986 18.484 0.041 5.84 454.0
2460559.62820 18.478 0.035 4.79 606.0
2460562.49473 18.585 0.051 6.00 633.0
2460569.52924 18.527 0.057 6.61 698.0
2460573.48673 18.568 0.042 5.49 528.0
2460576.56743 18.580 0.057 6.97 466.0
2460581.55933 18.592 0.044 5.81 465.0
2460586.48411 18.490 0.080 7.55 1022.0
2460596.54305 18.454 0.052 6.14 877.0
2460597.55447 18.551 0.050 5.80 830.0
2460598.52610 18.531 0.057 6.40 808.0
2460599.54110 18.531 0.044 5.04 775.0
2460600.52833 18.466 0.045 5.32 980.0
2460601.54100 18.480 0.045 5.34 933.0
2460609.53947 18.446 0.047 6.07 692.0
2460617.52189 18.536 0.050 5.99 650.0
2460721.87886 18.419 0.040 5.75 641.0
2460726.85406 18.394 0.036 5.42 564.0
2460735.85300 18.332 0.036 6.41 447.0
2460738.84796 18.435 0.036 5.73 440.0
2460741.84406 18.332 0.040 6.66 403.0
2460743.88681 18.363 0.031 5.63 400.0
2460746.89640 18.412 0.028 4.67 434.0
2460749.81442 18.432 0.040 5.04 732.0
2460751.84267 18.545 0.037 4.69 575.0
2460753.79997 18.404 0.043 5.58 731.0
2460761.78738 18.372 0.041 6.69 437.0
2460763.78322 18.364 0.041 6.53 457.0
2460765.78019 18.464 0.035 5.23 406.0
2460767.78238 18.389 0.029 4.89 418.0
2460769.77545 18.308 0.031 5.31 489.0
2460771.81664 18.407 0.039 6.04 400.0
2460773.77391 18.315 0.029 4.96 477.0
2460778.75196 18.298 0.043 6.25 792.0
2460780.75317 18.389 0.049 6.09 759.0
2460786.83377 18.386 0.042 6.35 533.0
2460788.73818 18.349 0.034 5.85 403.0
2460789.87853 18.397 0.030 4.62 417.0
2460791.71160 18.263 0.028 5.20 412.0
2460792.88024 18.388 0.027 4.46 443.0
2460794.70274 18.355 0.037 6.39 382.0
2460795.90891 18.337 0.036 6.27 429.0
2460798.81107 18.442 0.035 5.81 409.0
2460799.93595 18.525 0.066 5.22 1781.0
2460801.76464 18.312 0.029 5.40 394.0
2460803.77156 18.329 0.038 6.18 497.0
2460805.85312 18.374 0.036 5.17 583.0
2460807.67181 18.253 0.042 5.78 920.0
2460808.72898 18.356 0.043 5.46 991.0
2460814.82710 18.277 0.030 4.71 619.0
2460816.70223 18.333 0.026 5.22 405.0
2460817.85477 18.426 0.031 4.79 456.0
2460819.66502 18.284 0.033 6.08 419.0
2460820.80873 18.358 0.030 4.87 494.0
2460821.88555 18.283 0.033 5.53 529.0
2460823.84944 18.361 0.044 7.05 434.0
2460824.90823 18.367 0.034 5.30 486.0
2460826.71257 18.341 0.025 4.69 416.0
2460828.61151 18.296 0.030 5.38 465.0
2460831.60293 18.465 0.055 7.79 474.0
2460832.73781 18.236 0.036 6.29 532.0
2460833.86967 18.434 0.048 6.71 568.0
2460835.61795 18.203 0.032 5.30 787.0
2460841.80278 18.264 0.036 5.18 754.0
2460843.76527 18.205 0.025 4.72 514.0
2460844.82918 18.242 0.040 6.78 536.0
2460846.55736 18.141 0.032 6.16 508.0
2460847.56190 18.238 0.033 5.70 475.0
2460848.56801 18.161 0.036 6.52 477.0
2460850.56921 18.257 0.041 6.88 529.0
2460851.58373 18.257 0.040 7.19 441.0
2460853.76541 18.239 0.030 5.69 412.0
2460854.79385 18.231 0.031 6.04 394.0
2460856.53187 18.293 0.044 7.36 444.0
2460857.84442 18.094 0.027 5.78 451.0
2460859.63706 18.210 0.024 4.97 366.0
2460860.65190 18.206 0.023 4.82 397.0
2460861.79164 18.133 0.032 6.36 459.0
2460868.57925 18.052 0.039 6.50 868.0
2460869.66704 18.172 0.038 6.60 581.0
2460870.82867 18.208 0.042 6.89 609.0
2460872.83328 18.006 0.036 7.16 611.0
2460874.59899 18.004 0.019 5.01 362.0
2460875.71206 18.179 0.025 4.96 374.0
2460877.64520 18.053 0.027 6.08 409.0
2460879.66846 18.077 0.022 4.97 332.0
2460881.50925 17.985 0.032 6.91 448.0
2460885.50211 17.887 0.023 6.26 391.0
2460895.59071 17.930 0.029 5.24 813.0
2460896.73572 17.857 0.036 6.45 1104.0
2460899.54905 17.907 0.021 5.27 597.0
2460900.74643 17.869 0.022 5.32 665.0
2460903.59318 17.763 0.031 7.38 523.0
2460911.55530 17.685 0.023 6.83 431.0
2460912.72415 17.603 0.020 5.89 530.0
2460914.67443 17.588 0.017 5.54 353.0
2460923.62049 17.433 0.020 6.26 816.0
2460924.62869 17.421 0.020 6.39 796.0
2460925.51058 17.368 0.020 6.65 667.0
2460926.51121 17.409 0.020 6.43 705.0
2460927.50721 17.268 0.013 4.96 578.0
2460928.50956 17.270 0.014 6.02 426.0
2460929.53503 17.374 0.013 5.15 425.0
2460930.51203 17.306 0.013 5.54 461.0
2460931.52351 17.239 0.015 6.14 424.0
2460932.54611 17.242 0.013 5.33 443.0
2460933.53798 17.217 0.013 5.39 511.0
2460934.53856 16.976 0.010 4.58 517.0
2460936.60414 17.048 0.012 5.90 411.0
2460941.61135 16.936 0.010 6.00 488.0
2460944.49158 16.863 0.013 6.98 477.0
2460950.59829 17.017 0.017 6.72 850.0
2460954.55743 17.254 0.021 7.02 721.0
2460958.55611 17.536 0.024 6.53 553.0
2460962.57949 17.640 0.028 6.93 684.0
2460969.53566 17.695 0.024 6.52 582.0
