2459989.87108 17.463 0.018 5.28 623.0
2459998.85251 17.499 0.019 5.70 492.0
2460002.84633 17.431 0.018 6.40 467.0
2460006.83014 17.450 0.016 5.63 425.0
2460010.81968 17.470 0.022 5.37 859.0
2460011.81805 17.461 0.024 6.31 778.0
2460016.86575 17.461 0.014 3.93 558.0
2460022.88009 17.470 0.016 6.27 322.0
2460025.82336 17.500 0.013 4.14 364.0
2460028.80071 17.445 0.019 6.86 375.0
2460030.85797 17.476 0.014 4.87 346.0
2460033.78150 17.463 0.015 5.36 350.0
2460035.87129 17.514 0.016 5.25 361.0
2460038.84065 17.504 0.016 5.22 407.0
2460040.86833 17.505 0.014 3.93 553.0
2460043.76838 17.494 0.017 4.73 636.0
2460049.78310 17.568 0.015 5.50 308.0
2460053.75944 17.431 0.014 5.36 318.0
2460056.88889 17.473 0.014 4.95 340.0
2460059.70708 17.417 0.019 6.87 381.0
2460061.76216 17.446 0.013 4.63 377.0
2460063.76444 17.450 0.015 5.51 397.0
2460067.73014 17.477 0.018 5.54 498.0
2460069.69936 17.497 0.030 7.32 865.0
2460076.68702 17.405 0.015 5.52 413.0
2460085.74959 17.503 0.018 5.86 331.0
2460089.71608 17.462 0.016 4.97 394.0
2460091.78682 17.492 0.015 4.27 419.0
2460094.65877 17.454 0.019 4.90 839.0
2460096.63019 17.426 0.017 4.33 557.0
2460097.82690 17.499 0.018 4.46 649.0
2460104.69594 17.477 0.017 5.25 407.0
2460105.82900 17.453 0.015 5.23 337.0
2460107.81381 17.488 0.018 6.05 321.0
2460109.75306 17.495 0.025 7.20 419.0
2460110.91596 17.485 0.021 6.06 591.0
2460112.55794 17.430 0.018 5.64 451.0
2460113.69178 17.512 0.016 5.54 318.0
2460118.67225 17.487 0.019 6.62 358.0
2460119.89639 17.506 0.018 5.63 422.0
2460121.64548 17.495 0.019 6.27 383.0
2460122.89139 17.505 0.021 5.93 544.0
2460124.74663 17.445 0.017 5.07 490.0
2460125.85955 17.463 0.022 4.87 881.0
2460130.72438 17.520 0.026 6.38 728.0
2460132.71611 17.502 0.027 5.91 968.0
2460134.78535 17.487 0.015 4.71 422.0
2460140.56892 17.446 0.016 5.94 275.0
2460142.49457 17.526 0.025 7.63 435.0
2460145.63552 17.452 0.012 4.21 364.0
2460149.79229 17.514 0.017 5.74 353.0
2460153.58029 17.496 0.017 4.96 476.0
2460158.58116 17.523 0.023 5.26 841.0
2460160.54185 17.536 0.019 5.98 454.0
2460161.78460 17.510 0.020 5.43 523.0
2460168.69660 17.493 0.014 4.87 245.0
2460170.68826 17.496 0.015 4.89 294.0
2460173.58049 17.473 0.017 6.37 285.0
2460177.72779 17.485 0.019 5.88 427.0
2460180.56690 17.462 0.020 6.08 440.0
2460186.57802 17.527 0.025 5.77 723.0
2460188.70724 17.468 0.023 5.52 846.0
2460202.51098 17.466 0.016 5.22 332.0
2460204.58830 17.475 0.020 6.01 406.0
2460213.59321 17.477 0.027 6.85 665.0
2460219.56641 17.528 0.028 7.43 545.0
2460222.60474 17.439 0.023 6.78 512.0
2460228.59317 17.488 0.025 7.15 528.0
2460242.54088 17.482 0.026 6.43 767.0
2460254.51888 17.490 0.026 6.72 660.0
2460369.89982 17.498 0.024 4.79 1083.0
2460377.89977 17.490 0.015 4.53 442.0
2460381.84130 17.476 0.016 4.24 430.0
2460384.83473 17.523 0.017 4.63 452.0
2460387.85459 17.479 0.016 5.06 436.0
2460391.81025 17.468 0.017 4.65 508.0
2460393.88624 17.429 0.015 4.74 464.0
2460396.80436 17.498 0.019 4.48 702.0
2460398.88867 17.482 0.015 4.31 562.0
2460405.84658 17.457 0.017 5.94 356.0
2460407.91522 17.488 0.014 4.26 385.0
2460416.81289 17.485 0.019 6.67 345.0
2460419.89980 17.488 0.016 4.66 364.0
2460424.78519 17.406 0.025 7.00 662.0
2460434.75819 17.492 0.017 5.54 408.0
2460436.84407 17.439 0.019 6.46 386.0
2460442.72668 17.474 0.018 6.01 379.0
2460448.89945 17.521 0.017 4.88 420.0
2460450.80120 17.507 0.016 4.78 431.0
2460458.93621 17.524 0.024 5.75 813.0
2460461.77393 17.488 0.015 4.67 418.0
2460463.92516 17.485 0.017 5.38 439.0
2460466.82665 17.484 0.015 5.09 326.0
2460468.88263 17.515 0.018 4.89 464.0
2460476.68119 17.481 0.018 5.86 395.0
2460478.73463 17.472 0.018 5.31 468.0
2460480.77386 17.479 0.018 4.75 626.0
2460486.66014 17.531 0.019 5.59 486.0
2460488.80714 17.502 0.017 4.67 412.0
2460491.69267 17.498 0.015 5.23 293.0
2460493.53138 17.493 0.016 5.13 396.0
2460494.84310 17.487 0.021 6.28 455.0
2460496.74807 17.479 0.020 5.91 533.0
2460498.72405 17.512 0.015 5.23 281.0
2460500.57445 17.506 0.018 6.36 275.0
2460502.54896 17.506 0.020 6.51 365.0
2460504.56386 17.510 0.019 6.38 317.0
2460505.83316 17.484 0.017 5.92 309.0
2460507.74432 17.458 0.016 4.70 512.0
2460508.67430 17.481 0.020 6.11 470.0
2460515.73479 17.479 0.024 7.36 472.0
2460517.70473 17.473 0.017 5.37 382.0
2460519.75171 17.484 0.016 5.34 336.0
2460528.60105 17.488 0.019 6.52 310.0
2460532.61472 17.485 0.015 4.89 324.0
2460534.75372 17.452 0.016 5.33 348.0
2460544.61161 17.443 0.019 6.23 411.0
2460549.58651 17.471 0.019 6.37 389.0
2460556.51126 17.509 0.018 5.66 358.0
2460559.56225 17.443 0.014 4.34 471.0
2460561.65044 17.476 0.014 4.95 324.0
2460563.52834 17.447 0.020 5.33 598.0
2460568.66046 17.473 0.025 5.86 966.0
2460571.58942 17.500 0.026 6.27 744.0
2460575.62686 17.470 0.026 7.71 457.0
2460581.54276 17.477 0.018 5.47 386.0
2460585.60938 17.546 0.021 5.96 430.0
2460586.61058 17.466 0.022 6.46 473.0
2460611.55290 17.443 0.018 4.84 653.0
2460623.51875 17.546 0.030 7.06 804.0
2460723.89183 17.245 0.020 5.44 987.0
2460734.86984 17.113 0.013 6.18 370.0
2460737.86981 17.072 0.011 5.10 441.0
2460740.85297 17.058 0.012 6.20 330.0
2460743.83583 17.027 0.012 5.20 431.0
2460745.85705 17.003 0.009 4.34 337.0
2460748.84723 16.954 0.010 4.25 482.0
2460750.87569 16.916 0.011 5.25 519.0
2460752.86808 16.963 0.013 5.61 534.0
2460759.84252 16.860 0.010 5.28 414.0
2460762.86998 16.839 0.008 4.35 361.0
2460764.87225 16.844 0.009 4.45 417.0
2460766.90681 16.832 0.009 4.68 423.0
2460769.78568 16.859 0.009 4.80 446.0
2460771.82081 16.824 0.011 6.31 347.0
2460773.79957 16.826 0.009 5.22 387.0
2460775.89127 16.846 0.011 5.99 343.0
2460778.82375 16.848 0.012 5.43 657.0
2460780.84248 16.869 0.010 4.60 592.0
2460781.79620 16.866 0.010 4.52 592.0
2460787.73144 16.915 0.010 5.30 358.0
2460788.89167 16.935 0.009 4.05 370.0
2460790.75376 16.933 0.009 4.94 322.0
2460791.90933 16.953 0.009 4.23 410.0
2460793.77189 16.990 0.010 4.88 327.0
2460794.89955 16.958 0.010 5.03 314.0
2460797.84116 17.040 0.010 4.75 533.0
2460799.69321 17.029 0.012 6.23 340.0
2460800.80574 17.040 0.010 4.80 330.0
2460801.92238 17.037 0.012 4.87 448.0
2460803.90071 17.124 0.014 5.94 432.0
2460806.68717 17.106 0.013 4.88 648.0
2460807.78968 17.076 0.011 4.09 666.0
2460808.87724 17.097 0.015 5.06 849.0
2460815.70688 17.167 0.010 4.41 348.0
2460816.85775 17.190 0.011 4.16 429.0
2460818.68953 17.210 0.011 4.79 289.0
2460819.79953 17.182 0.011 4.96 342.0
2460821.65647 17.234 0.015 5.93 359.0
2460822.92843 17.208 0.016 6.13 479.0
2460824.69550 17.232 0.013 5.03 363.0
2460825.76287 17.214 0.011 4.35 338.0
2460827.76846 17.258 0.010 4.07 298.0
2460828.82523 17.241 0.010 4.22 295.0
2460831.72402 17.313 0.013 5.28 330.0
2460832.86128 17.298 0.018 7.15 390.0
2460834.74890 17.304 0.013 4.66 464.0
2460835.75929 17.267 0.014 4.25 665.0
2460841.88495 17.293 0.029 7.80 937.0
2460843.87611 17.323 0.020 7.10 523.0
2460845.72613 17.404 0.018 6.39 377.0
2460846.77776 17.379 0.015 5.06 399.0
2460847.78445 17.352 0.015 4.88 414.0
2460848.80466 17.374 0.017 6.00 408.0
2460850.71688 17.323 0.012 4.53 324.0
2460853.54352 17.312 0.018 6.15 545.0
2460854.60189 17.385 0.015 5.31 349.0
2460855.64188 17.317 0.017 6.66 336.0
2460856.75069 17.390 0.012 4.66 282.0
2460858.85036 17.344 0.014 5.14 369.0
2460859.85572 17.360 0.013 4.39 392.0
2460861.62769 17.366 0.015 5.54 440.0
2460863.58195 17.285 0.018 5.93 629.0
2460868.78197 17.354 0.023 5.70 955.0
2460870.57931 17.428 0.018 6.69 376.0
2460872.57680 17.404 0.014 5.22 307.0
2460873.70424 17.377 0.014 5.22 303.0
2460874.80812 17.457 0.016 5.08 443.0
2460876.54610 17.494 0.015 5.42 291.0
2460878.58885 17.380 0.011 4.50 292.0
2460880.50211 17.408 0.017 6.12 377.0
2460881.66809 17.422 0.014 5.20 286.0
2460884.65889 17.438 0.014 5.37 283.0
2460886.67561 17.346 0.012 4.98 380.0
2460896.61818 17.427 0.022 5.67 746.0
2460898.71138 17.456 0.016 4.56 545.0
2460900.58341 17.412 0.013 4.81 325.0
2460901.73650 17.418 0.014 4.74 410.0
2460907.54325 17.405 0.015 5.40 388.0
2460912.68617 17.412 0.015 5.03 404.0
2460914.63450 17.485 0.016 5.13 303.0
2460916.60721 17.463 0.018 6.44 325.0
2460936.54185 17.469 0.017 6.22 318.0
2460940.57276 17.479 0.025 7.98 428.0
2460943.62010 17.410 0.020 7.66 356.0
2460951.55132 17.483 0.022 6.65 584.0
2460956.50881 17.472 0.021 6.01 550.0
2460961.53940 17.421 0.022 6.68 543.0
2460968.55301 17.446 0.021 6.95 497.0
