2457792.87546 18.924 0.079 7.03 794.0
2457793.88298 19.004 0.068 5.46 792.0
2457794.88997 19.165 0.116 6.26 1201.0
2457797.87608 19.089 0.084 5.59 910.0
2457799.87070 18.970 0.071 5.95 688.0
2457801.86071 18.984 0.082 6.34 811.0
2457803.84068 18.888 0.089 6.22 1279.0
2457803.89858 18.831 0.086 4.44 2333.0
2457808.87879 19.057 0.048 4.55 449.0
2457809.87358 19.026 0.064 6.06 488.0
2457810.86853 19.114 0.058 5.03 475.0
2457813.81789 18.919 0.063 5.81 634.0
2457814.89032 19.200 0.048 4.06 445.0
2457816.81616 19.086 0.079 6.88 520.0
2457817.81257 19.100 0.059 5.01 563.0
2457817.90303 19.131 0.059 4.01 843.0
2457818.88914 19.133 0.050 4.43 456.0
2457819.87563 19.140 0.051 4.52 429.0
2457820.87834 19.083 0.049 4.51 479.0
2457821.87599 19.053 0.064 5.18 528.0
2457822.87176 19.014 0.056 5.09 512.0
2457823.85705 19.066 0.055 4.35 644.0
2457824.85312 18.971 0.073 5.84 698.0
2457825.84483 19.088 0.066 5.43 645.0
2457826.80314 19.078 0.076 5.65 762.0
2457826.89305 19.097 0.065 5.14 624.0
2457827.87983 19.152 0.057 4.54 545.0
2457828.84920 19.129 0.057 4.53 577.0
2457829.83130 19.007 0.071 5.69 688.0
2457830.84261 19.002 0.055 4.88 612.0
2457834.78966 19.114 0.096 6.64 725.0
2457834.89922 19.011 0.059 4.95 630.0
2457835.86632 19.012 0.076 7.20 441.0
2457836.81894 19.087 0.062 5.89 411.0
2457837.75544 19.088 0.074 7.27 419.0
2457837.86360 19.006 0.059 6.19 412.0
2457838.80176 19.118 0.058 5.29 448.0
2457839.74659 19.095 0.053 5.51 405.0
2457839.87054 18.949 0.037 4.11 355.0
2457840.79332 19.053 0.054 5.52 381.0
2457840.91368 19.058 0.047 4.33 472.0
2457841.85128 19.140 0.083 7.30 414.0
2457842.76812 19.107 0.076 7.00 428.0
2457842.87652 19.114 0.054 5.09 415.0
2457843.80044 18.943 0.049 5.39 380.0
2457843.91619 19.188 0.054 4.90 402.0
2457844.83658 19.046 0.072 6.95 409.0
2457845.74405 19.095 0.076 6.94 452.0
2457845.86140 19.021 0.048 4.98 389.0
2457846.79149 19.119 0.062 5.83 387.0
2457846.89722 19.193 0.059 5.29 402.0
2457847.80214 19.055 0.053 4.99 405.0
2457847.92308 18.946 0.071 4.78 1040.0
2457848.81564 19.120 0.045 4.53 357.0
2457849.72173 18.851 0.066 6.64 619.0
2457849.82892 18.966 0.037 3.93 391.0
2457850.73369 18.903 0.071 6.63 586.0
2457850.84267 19.120 0.052 4.96 404.0
2457851.75128 19.031 0.068 5.68 605.0
2457851.85994 19.181 0.054 4.96 407.0
2457852.85713 19.005 0.074 7.23 475.0
2457853.91594 18.940 0.073 7.04 494.0
2457854.78624 19.129 0.053 3.98 613.0
2457854.90377 19.072 0.047 3.76 559.0
2457855.81258 19.056 0.054 4.28 649.0
2457856.71084 18.863 0.090 7.67 805.0
2457856.82329 18.931 0.072 6.37 620.0
2457857.85649 18.911 0.086 7.27 707.0
2457857.91300 19.105 0.087 5.28 1022.0
2457858.77623 19.035 0.060 5.05 634.0
2457858.92403 19.147 0.063 4.87 605.0
2457862.78233 19.143 0.067 5.58 482.0
2457862.90672 19.023 0.051 4.57 471.0
2457863.86283 19.052 0.048 4.75 453.0
2457864.83321 19.017 0.038 3.93 394.0
2457865.69144 19.124 0.053 5.18 434.0
2457865.80926 19.092 0.041 3.74 420.0
2457866.68688 19.184 0.060 5.33 455.0
2457866.80483 19.087 0.041 3.68 406.0
2457866.92899 19.054 0.052 3.52 781.0
2457867.80843 19.025 0.035 3.48 373.0
2457867.93074 18.964 0.062 4.74 797.0
2457868.88159 19.075 0.090 8.43 475.0
2457869.74612 19.147 0.050 4.48 411.0
2457869.87705 19.048 0.041 3.77 432.0
2457870.75767 19.036 0.037 3.83 353.0
2457870.88847 19.001 0.041 3.93 404.0
2457871.77156 19.168 0.048 4.04 426.0
2457871.91307 19.106 0.045 3.76 438.0
2457872.77172 19.040 0.037 3.36 411.0
2457872.92062 19.148 0.049 3.89 474.0
2457873.75102 19.049 0.039 3.58 408.0
2457873.88565 19.046 0.043 3.74 436.0
2457874.71102 19.040 0.066 6.26 477.0
2457874.84166 18.993 0.063 6.28 466.0
2457875.76427 19.020 0.046 4.50 449.0
2457875.91422 19.066 0.053 4.69 598.0
2457876.72313 19.037 0.059 5.46 516.0
2457876.86136 19.093 0.047 4.03 444.0
2457877.68518 19.056 0.055 5.23 506.0
2457877.81532 19.113 0.039 3.42 434.0
2457878.71486 19.114 0.046 3.77 514.0
2457878.85735 19.029 0.041 3.84 435.0
2457879.68249 19.012 0.068 6.18 556.0
2457879.79021 18.997 0.091 7.79 530.0
2457880.71141 19.048 0.081 6.98 551.0
2457880.83319 19.017 0.067 5.90 547.0
2457881.78785 18.942 0.071 5.77 725.0
2457881.90668 18.901 0.074 6.81 562.0
2457882.78691 19.068 0.068 5.59 597.0
2457882.91698 18.889 0.049 4.67 591.0
2457889.94000 18.865 0.112 6.69 1606.0
2457890.83978 19.171 0.066 4.76 628.0
2457893.66076 19.045 0.072 6.62 510.0
2457893.77831 19.048 0.059 5.47 482.0
2457893.89922 19.072 0.057 4.87 510.0
2457894.64455 19.036 0.068 6.48 531.0
2457894.77117 19.101 0.061 6.11 426.0
2457894.88112 19.095 0.051 4.36 474.0
2457895.64319 19.080 0.057 5.38 618.0
2457897.68540 19.050 0.055 5.17 445.0
2457900.91862 18.855 0.061 6.27 500.0
2457901.62018 19.224 0.105 7.91 504.0
2457901.78060 19.011 0.052 5.24 508.0
2457902.61165 18.932 0.075 7.40 499.0
2457902.73073 19.003 0.046 4.82 419.0
2457902.90481 18.965 0.071 6.24 588.0
2457903.78045 19.022 0.073 7.06 419.0
2457903.89859 19.005 0.058 5.48 499.0
2457904.64048 19.065 0.061 6.08 427.0
2457904.76853 19.043 0.042 4.21 369.0
2457904.87824 18.935 0.053 5.34 470.0
2457905.60641 19.202 0.068 6.07 475.0
2457905.72440 19.071 0.046 4.53 397.0
2457905.84619 19.004 0.047 4.24 482.0
2457905.94458 19.104 0.088 4.92 1232.0
2457906.66479 19.034 0.044 4.20 437.0
2457906.79598 19.127 0.047 3.74 466.0
2457906.90505 19.098 0.057 4.14 649.0
2457907.66962 19.056 0.065 4.98 738.0
2457907.76880 19.019 0.052 4.52 538.0
2457908.61915 19.120 0.080 6.10 651.0
2457908.73677 19.078 0.045 3.70 526.0
2457908.85781 19.116 0.051 4.22 488.0
2457908.94253 19.113 0.091 5.87 918.0
2457909.66058 19.010 0.050 4.23 553.0
2457909.78095 19.111 0.059 3.96 716.0
2457909.88573 19.086 0.051 3.90 623.0
2457910.56750 19.066 0.093 7.06 764.0
2457910.68496 19.078 0.053 4.32 544.0
2457910.80744 19.070 0.049 4.01 563.0
2457910.93138 19.057 0.060 5.04 705.0
2457911.64252 19.019 0.066 5.28 660.0
2457911.81199 19.175 0.090 5.87 725.0
2457917.62669 19.038 0.073 5.96 629.0
2457917.74054 18.941 0.048 4.34 555.0
2457917.84911 19.125 0.074 5.03 747.0
2457918.59932 18.904 0.069 6.61 811.0
2457918.60232 19.065 0.075 6.35 708.0
2457922.60349 19.013 0.068 6.38 518.0
2457922.73255 18.995 0.060 5.74 454.0
2457923.60316 19.021 0.063 6.01 501.0
2457923.74007 19.098 0.081 6.71 485.0
2457923.84889 19.201 0.085 6.29 517.0
2457924.52562 19.207 0.086 6.75 554.0
2457924.63287 19.041 0.051 4.49 452.0
2457924.76007 19.060 0.051 4.35 420.0
2457924.86775 18.989 0.046 3.83 533.0
2457925.65711 19.050 0.046 4.53 387.0
2457925.79454 19.044 0.061 6.04 406.0
2457926.56251 19.268 0.087 6.79 497.0
2457926.71011 19.072 0.062 5.85 437.0
2457926.83453 19.079 0.073 6.46 471.0
2457928.67512 19.074 0.053 5.05 432.0
2457932.71364 19.108 0.081 6.98 431.0
2457932.83369 19.069 0.060 5.52 471.0
2457933.58376 19.334 0.091 6.83 431.0
2457933.69545 18.975 0.057 6.13 375.0
2457933.81407 19.059 0.082 7.51 423.0
2457934.51918 19.149 0.070 6.10 507.0
2457934.62596 19.097 0.052 5.08 411.0
2457934.74953 19.056 0.046 4.41 417.0
2457934.85153 19.016 0.076 7.24 447.0
2457935.60743 19.010 0.044 4.35 420.0
2457935.72971 19.020 0.044 4.36 371.0
2457935.86086 19.027 0.043 4.15 410.0
2457935.88964 19.055 0.047 4.43 446.0
2457936.59061 19.092 0.054 5.15 421.0
2457936.72645 18.970 0.050 5.27 386.0
2457936.84591 18.935 0.065 6.91 400.0
2457937.53170 19.005 0.072 6.28 607.0
2457937.64283 19.051 0.050 4.83 426.0
2457937.77475 18.910 0.059 6.32 430.0
2457938.55516 19.069 0.083 6.40 577.0
2457944.46740 19.146 0.121 6.72 1239.0
2457944.51003 19.033 0.090 6.48 891.0
2457944.56163 19.188 0.093 5.84 803.0
2457944.60213 18.961 0.060 4.85 744.0
2457944.66200 18.961 0.064 5.19 688.0
2457944.71271 19.215 0.077 4.72 707.0
2457944.77149 18.907 0.054 4.42 743.0
2457944.81321 18.815 0.091 7.32 903.0
2457945.47549 19.066 0.088 6.68 765.0
2457945.56326 19.097 0.062 5.14 588.0
2457945.67557 19.061 0.044 3.84 491.0
2457945.78587 18.933 0.053 4.75 622.0
2457946.49752 19.109 0.061 5.78 436.0
2457946.61845 19.039 0.060 5.40 510.0
2457946.74809 19.157 0.073 5.75 491.0
2457946.84830 19.156 0.091 6.51 664.0
2457947.60220 19.065 0.056 5.40 444.0
2457947.76222 19.184 0.074 5.89 483.0
2457948.49211 19.176 0.077 6.63 452.0
2457948.62307 19.015 0.059 5.91 444.0
2457948.76048 19.137 0.056 4.63 499.0
2457949.55653 19.007 0.093 7.26 734.0
2457949.67262 18.944 0.064 5.98 563.0
2457952.69247 19.009 0.059 5.57 404.0
2457952.81396 19.087 0.063 5.72 409.0
2457953.59399 19.146 0.049 4.74 382.0
2457953.71677 19.046 0.042 4.56 339.0
2457954.47175 19.123 0.071 5.36 692.0
2457954.60325 19.076 0.039 3.92 346.0
2457954.75223 19.107 0.045 4.15 434.0
2457955.78766 18.947 0.046 5.21 400.0
2457956.58604 19.017 0.044 4.64 390.0
2457956.71930 19.120 0.049 4.40 391.0
2457957.64502 18.987 0.054 5.67 411.0
2457957.79086 19.031 0.070 7.03 422.0
2457958.65690 19.028 0.059 5.93 398.0
2457958.76933 19.034 0.062 6.27 405.0
2457959.51688 19.042 0.053 5.40 439.0
2457959.63374 19.044 0.044 4.50 364.0
2457959.75062 19.001 0.051 5.39 381.0
2457960.50320 19.123 0.058 5.43 433.0
2457960.63964 19.072 0.049 5.06 330.0
2457960.75997 19.201 0.059 5.26 383.0
2457961.58775 19.062 0.042 4.36 453.0
2457961.68150 19.145 0.055 4.98 405.0
2457962.51105 19.132 0.053 4.85 423.0
2457962.78586 19.135 0.075 6.35 508.0
2457964.57680 19.060 0.047 4.03 475.0
2457964.69745 19.129 0.055 4.98 417.0
2457965.66796 19.154 0.061 5.19 441.0
2457966.54197 18.811 0.074 7.72 513.0
2457966.63388 19.125 0.064 5.68 407.0
2457967.57523 19.067 0.069 6.16 477.0
2457967.66224 19.132 0.079 6.34 513.0
2457967.74036 18.952 0.081 7.46 550.0
2457971.50324 19.090 0.094 5.38 1156.0
2457971.59373 19.064 0.075 5.14 764.0
2457971.64185 18.987 0.061 4.34 773.0
2457971.68111 19.315 0.128 5.06 1575.0
2457971.73299 19.037 0.069 4.39 955.0
2457972.51537 18.806 0.087 7.30 788.0
2457972.56327 18.824 0.086 7.22 765.0
2457972.60459 19.025 0.075 5.26 723.0
2457972.66587 19.059 0.079 5.37 742.0
2457972.71133 18.987 0.072 4.94 824.0
2457972.75325 19.047 0.102 6.24 1003.0
2457973.65072 19.118 0.072 5.11 706.0
2457974.51584 19.181 0.068 5.18 571.0
2457974.63157 19.082 0.060 4.62 541.0
2457974.74350 18.968 0.074 5.71 725.0
2457979.50223 19.168 0.056 4.88 454.0
2457979.63026 19.071 0.044 4.14 413.0
2457980.56501 19.063 0.074 6.17 511.0
2457980.67539 19.103 0.068 5.28 505.0
2457981.61785 19.110 0.055 4.26 495.0
2457982.51703 19.071 0.058 5.40 439.0
2457982.63804 19.031 0.059 5.37 449.0
2457983.56594 18.901 0.048 5.10 429.0
2457983.67644 19.013 0.042 4.25 392.0
2457984.59222 19.030 0.052 4.69 420.0
2457985.52189 19.260 0.087 6.43 491.0
2457985.63871 19.031 0.086 7.77 438.0
2457986.61589 19.091 0.046 4.46 390.0
2457987.54423 19.109 0.051 4.36 434.0
2457987.66386 19.060 0.045 3.89 432.0
2457990.59655 19.015 0.052 5.04 442.0
2457991.51491 19.162 0.066 5.55 473.0
2457991.64522 18.935 0.059 6.11 425.0
2457992.56140 19.002 0.048 4.74 425.0
2457993.49682 18.997 0.054 5.08 483.0
2457993.60852 19.009 0.052 5.37 396.0
2457994.54243 19.227 0.074 5.53 504.0
2457994.65361 19.020 0.068 6.14 507.0
2457998.52198 19.169 0.066 4.46 674.0
2458000.49406 19.030 0.064 5.18 631.0
2458000.53734 19.160 0.089 6.43 610.0
2458000.59001 18.962 0.075 6.27 665.0
2458000.63439 19.011 0.075 5.65 757.0
2458001.57652 19.028 0.066 5.40 624.0
2458002.54708 19.068 0.107 6.00 1147.0
2458003.59175 19.117 0.095 6.53 637.0
2458004.57930 18.948 0.072 6.55 546.0
2458007.53214 19.042 0.056 5.25 470.0
2458008.56163 19.017 0.058 5.59 424.0
2458010.58314 18.964 0.074 6.88 517.0
2458012.52594 19.053 0.048 4.23 509.0
2458013.53030 19.053 0.051 4.40 497.0
2458014.53955 18.974 0.047 4.56 461.0
2458015.53786 19.072 0.076 6.55 475.0
2458016.54564 18.972 0.063 6.24 465.0
2458017.56999 19.004 0.053 5.11 492.0
2458019.50348 19.194 0.058 4.86 457.0
2458020.54832 19.197 0.072 5.07 486.0
2458026.51425 19.036 0.090 4.59 1722.0
2458028.49754 18.939 0.092 7.43 693.0
2458030.50426 19.057 0.060 4.39 663.0
2458039.55285 18.911 0.094 8.51 561.0
2458046.49955 19.060 0.081 5.90 691.0
2458053.51852 18.991 0.088 5.56 968.0
2458055.51837 19.008 0.066 4.58 763.0
2458161.87076 19.107 0.080 6.32 653.0
2458162.85541 19.120 0.064 6.01 523.0
2458162.88272 19.085 0.059 5.15 633.0
2458163.89151 19.037 0.086 5.23 1436.0
2458164.88889 19.116 0.077 5.80 777.0
2458165.87682 19.052 0.058 5.21 518.0
2458166.86936 18.984 0.064 6.13 508.0
2458167.84419 19.066 0.064 5.94 555.0
2458167.89341 19.096 0.075 5.64 707.0
2458168.86517 19.113 0.063 5.64 488.0
2458169.84921 19.102 0.079 6.89 535.0
2458169.88821 18.915 0.074 6.26 560.0
2458170.87118 19.074 0.056 5.09 493.0
2458171.83660 19.099 0.065 5.44 564.0
2458171.88015 19.109 0.060 5.10 518.0
2458172.84213 19.084 0.058 5.27 522.0
2458172.89047 19.073 0.058 4.37 585.0
2458173.85189 19.073 0.058 5.08 617.0
2458174.82694 19.096 0.072 5.76 685.0
2458174.86281 18.952 0.052 4.93 621.0
2458175.82204 19.109 0.069 6.12 533.0
2458175.86140 19.198 0.062 5.09 492.0
2458176.82142 19.178 0.076 5.55 676.0
2458176.85445 19.220 0.061 4.77 537.0
2458181.80466 18.948 0.074 5.84 855.0
2458181.84750 19.072 0.063 4.63 745.0
2458181.89871 19.086 0.070 4.74 758.0
2458183.80692 18.999 0.087 6.82 764.0
2458184.83186 19.164 0.067 4.59 691.0
2458184.87157 19.044 0.064 4.91 647.0
2458185.83953 19.019 0.085 6.28 781.0
2458185.87969 18.971 0.070 5.71 703.0
2458189.82152 19.181 0.059 4.97 491.0
2458190.91334 19.126 0.087 4.23 1527.0
2458191.90058 19.042 0.053 5.04 447.0
2458192.89045 19.075 0.052 5.06 432.0
2458193.86793 18.963 0.054 6.08 412.0
2458194.82975 19.094 0.061 5.85 415.0
2458195.80303 19.209 0.071 6.14 467.0
2458196.77215 18.981 0.055 6.06 452.0
2458196.88924 19.108 0.047 4.43 396.0
2458197.83301 19.184 0.054 4.60 435.0
2458198.78947 19.014 0.048 4.87 457.0
2458198.90551 19.001 0.053 4.72 533.0
2458199.84196 19.143 0.066 5.86 436.0
2458200.83165 19.175 0.059 5.03 485.0
2458201.75856 18.916 0.084 8.25 546.0
2458201.88181 19.093 0.050 4.73 391.0
2458202.80938 19.033 0.047 4.48 478.0
2458203.75150 19.141 0.065 5.98 456.0
2458203.85870 18.963 0.044 4.35 425.0
2458204.79047 19.116 0.062 5.74 486.0
2458204.90677 19.002 0.048 4.98 407.0
2458205.84943 18.961 0.058 5.96 433.0
2458206.77137 19.017 0.053 4.94 615.0
2458206.88705 19.121 0.040 3.84 384.0
2458207.79763 19.023 0.056 5.09 609.0
2458207.91448 19.091 0.042 3.81 458.0
2458208.82448 19.205 0.060 3.82 682.0
2458209.74673 19.043 0.079 6.21 817.0
2458209.85270 19.082 0.055 4.43 615.0
2458210.75662 19.149 0.083 5.87 750.0
2458210.86560 19.099 0.062 4.95 596.0
2458211.77229 19.087 0.074 5.81 700.0
2458211.87963 19.116 0.049 3.88 592.0
2458212.77353 19.160 0.069 5.08 747.0
2458212.87159 19.051 0.049 3.93 647.0
2458217.82536 19.135 0.054 4.95 440.0
2458220.74589 19.109 0.068 6.49 415.0
2458220.85334 19.035 0.041 4.53 369.0
2458221.76964 19.047 0.053 5.45 395.0
2458221.87694 19.063 0.039 3.61 403.0
2458222.76494 19.089 0.047 4.62 392.0
2458222.90636 19.153 0.052 4.19 448.0
2458223.88352 18.953 0.048 4.41 436.0
2458224.75855 18.969 0.052 4.98 478.0
2458224.89695 19.037 0.043 4.18 420.0
2458226.83898 18.919 0.054 5.92 414.0
2458227.71355 19.033 0.065 6.43 440.0
2458227.85437 19.076 0.039 3.68 383.0
2458228.76734 19.120 0.056 5.18 411.0
2458228.90812 19.076 0.045 4.20 397.0
2458229.79350 19.108 0.043 4.10 365.0
2458229.90936 18.978 0.041 4.02 399.0
2458230.77873 19.019 0.053 5.68 421.0
2458230.91460 19.118 0.046 4.45 382.0
2458233.69722 19.019 0.056 5.07 587.0
2458235.72401 19.013 0.076 6.37 629.0
2458236.73293 19.070 0.053 3.84 774.0
2458238.72883 19.146 0.076 5.18 795.0
2458238.84877 19.229 0.073 4.74 751.0
2458244.70314 19.058 0.056 5.06 544.0
2458244.82375 19.089 0.052 4.34 562.0
2458245.75681 18.959 0.077 6.55 614.0
2458245.86845 19.008 0.078 6.21 639.0
2458246.72477 19.179 0.065 5.39 491.0
2458246.84365 19.030 0.050 4.37 544.0
2458247.64760 19.114 0.075 6.11 617.0
2458247.75663 19.150 0.052 4.61 450.0
2458247.88727 19.136 0.071 5.56 569.0
2458248.76386 18.982 0.059 5.48 507.0
2458249.72466 19.101 0.059 5.69 434.0
2458249.84636 19.161 0.052 4.65 464.0
2458250.66373 19.125 0.052 5.50 403.0
2458250.78827 19.078 0.038 3.87 395.0
2458250.91090 19.069 0.053 4.54 466.0
2458251.70282 19.053 0.065 6.37 435.0
2458252.85866 19.168 0.065 5.28 489.0
2458253.65034 19.015 0.061 6.24 457.0
2458253.76031 19.077 0.046 4.45 438.0
2458254.64611 18.953 0.047 5.21 460.0
2458254.78726 19.001 0.036 3.64 420.0
2458254.92751 19.069 0.045 3.68 522.0
2458255.72062 19.034 0.055 5.31 412.0
2458255.87500 19.140 0.062 4.83 518.0
2458256.65364 19.003 0.057 5.64 456.0
2458256.77409 18.952 0.051 5.01 467.0
2458256.90345 19.136 0.058 4.70 516.0
2458257.71297 19.019 0.060 5.86 428.0
2458257.82727 19.026 0.048 4.49 435.0
2458258.67251 19.110 0.046 4.64 402.0
2458258.81753 19.102 0.045 3.84 414.0
2458259.61981 19.062 0.075 6.34 572.0
2458259.78248 19.094 0.042 3.62 468.0
2458259.90540 18.854 0.046 4.71 550.0
2458260.81657 19.121 0.046 4.06 527.0
2458261.69090 18.991 0.049 4.50 468.0
2458261.85647 19.075 0.049 4.05 445.0
2458262.67729 19.154 0.050 4.52 421.0
2458262.79563 19.076 0.047 4.83 368.0
2458262.91724 19.030 0.048 4.37 481.0
2458263.72009 19.013 0.039 3.87 443.0
2458263.85277 19.001 0.034 3.53 347.0
2458264.73257 19.098 0.046 3.82 544.0
2458264.85232 19.142 0.053 3.95 579.0
2458265.62872 19.166 0.078 5.28 722.0
2458265.74645 19.064 0.051 4.34 561.0
2458265.90369 18.956 0.055 5.13 522.0
2458266.75265 19.150 0.076 5.49 686.0
2458271.87562 18.985 0.068 4.78 938.0
2458272.73742 18.945 0.057 5.43 536.0
2458272.85452 18.999 0.052 4.42 557.0
2458273.59079 19.091 0.061 5.66 493.0
2458273.72183 19.142 0.048 4.33 426.0
2458273.84331 19.063 0.066 5.65 491.0
2458274.57067 19.125 0.079 6.71 517.0
2458274.68513 19.034 0.074 6.85 467.0
2458274.81351 19.079 0.067 5.77 528.0
2458274.92740 18.768 0.078 6.85 857.0
2458275.69015 19.088 0.046 4.45 406.0
2458275.82467 19.022 0.053 4.82 512.0
2458276.57301 19.054 0.072 6.31 579.0
2458276.68641 19.134 0.045 4.31 378.0
2458276.81352 19.025 0.044 4.02 448.0
2458277.61835 19.020 0.046 4.84 420.0
2458277.75180 19.012 0.049 4.95 394.0
2458277.86589 19.035 0.046 4.10 497.0
2458278.56593 19.123 0.063 5.98 492.0
2458278.70132 19.047 0.049 4.74 423.0
2458282.58310 19.064 0.056 5.13 463.0
2458282.70820 19.103 0.038 4.01 346.0
2458282.84838 19.040 0.040 3.83 418.0
2458283.54929 19.194 0.085 6.90 479.0
2458283.66703 19.076 0.047 4.72 399.0
2458283.79362 19.138 0.051 4.57 437.0
2458283.90799 18.858 0.077 7.58 550.0
2458284.62837 19.001 0.048 5.06 402.0
2458284.76302 19.076 0.048 4.61 379.0
2458284.87547 19.090 0.052 4.42 454.0
2458285.77727 19.069 0.057 5.40 414.0
2458286.59515 19.077 0.057 5.79 369.0
2458286.73171 19.090 0.051 4.85 361.0
2458286.87175 19.030 0.046 4.37 420.0
2458287.58285 19.123 0.055 5.28 393.0
2458287.72246 19.078 0.043 4.47 343.0
2458287.86378 19.046 0.037 3.67 363.0
2458288.55895 19.152 0.061 5.67 427.0
2458288.68612 19.007 0.039 4.07 337.0
2458288.83651 18.985 0.054 5.17 447.0
2458289.55554 18.984 0.055 5.91 479.0
2458289.69462 19.012 0.036 3.90 371.0
2458289.82828 18.919 0.046 4.78 433.0
2458290.55285 19.210 0.073 5.58 551.0
2458290.69115 19.076 0.048 4.61 438.0
2458290.82401 19.136 0.057 4.56 471.0
2458291.59583 18.957 0.056 4.48 824.0
2458291.73975 19.103 0.049 3.91 464.0
2458291.87388 18.988 0.058 5.08 522.0
2458292.60324 19.088 0.058 4.91 493.0
2458292.73481 19.092 0.060 5.14 492.0
2458292.88572 19.027 0.059 5.00 537.0
2458293.61269 19.126 0.072 5.81 552.0
2458293.75439 18.952 0.081 7.05 655.0
2458294.63453 19.180 0.084 5.94 639.0
2458294.79157 19.160 0.107 7.05 861.0
2458301.61107 19.126 0.098 7.23 612.0
2458301.72255 18.800 0.077 7.79 557.0
2458302.55320 18.825 0.050 5.79 584.0
2458304.54235 19.066 0.075 6.67 498.0
2458304.62873 19.003 0.075 6.93 485.0
2458304.76609 18.951 0.082 7.63 526.0
2458305.66209 19.058 0.059 5.93 413.0
2458305.78233 19.111 0.094 7.83 470.0
2458306.67818 18.946 0.068 7.02 445.0
2458306.77094 19.081 0.079 7.05 463.0
2458307.48587 19.204 0.087 6.62 581.0
2458307.60737 19.100 0.046 4.62 405.0
2458307.73093 19.030 0.044 4.35 383.0
2458307.84661 19.052 0.077 6.63 513.0
2458308.56419 19.005 0.047 5.09 365.0
2458308.69500 18.971 0.053 5.49 389.0
2458308.80508 18.961 0.067 6.32 511.0
2458309.53937 18.964 0.048 5.22 412.0
2458309.67306 19.042 0.047 4.73 375.0
2458309.78374 19.095 0.047 4.05 444.0
2458310.50383 19.096 0.062 5.87 418.0
2458310.59071 18.977 0.050 5.41 390.0
2458310.68114 18.903 0.040 4.73 443.0
2458310.77944 19.144 0.053 4.71 414.0
2458311.51743 19.130 0.073 6.52 450.0
2458311.63984 19.082 0.052 5.53 366.0
2458311.76124 19.164 0.052 4.12 442.0
2458312.48706 19.100 0.070 6.12 531.0
2458312.60064 18.997 0.050 5.37 386.0
2458312.74999 19.084 0.039 3.70 371.0
2458313.48851 19.080 0.058 5.50 533.0
2458313.60452 19.062 0.037 3.69 345.0
2458313.72118 19.084 0.046 3.89 415.0
2458313.82670 19.100 0.053 4.02 532.0
2458314.56633 19.037 0.054 5.33 446.0
2458314.69728 19.067 0.045 3.98 422.0
2458314.80474 18.989 0.049 5.13 422.0
2458316.56704 19.160 0.066 5.57 464.0
2458316.68351 18.970 0.083 7.65 429.0
2458320.50468 19.132 0.071 6.06 517.0
2458320.63492 19.090 0.047 4.76 425.0
2458320.74616 19.237 0.056 4.75 420.0
2458321.53782 18.954 0.059 5.25 612.0
2458328.50509 18.797 0.073 6.74 727.0
2458328.61635 19.132 0.078 6.01 615.0
2458328.72774 19.096 0.078 5.48 738.0
2458329.52683 19.085 0.076 5.88 612.0
2458329.63889 19.111 0.067 5.42 564.0
2458329.74671 19.110 0.062 4.69 622.0
2458330.56315 19.138 0.063 5.20 686.0
2458331.54392 19.093 0.044 4.44 391.0
2458331.66680 19.081 0.052 4.79 460.0
2458332.54459 19.049 0.057 5.35 476.0
2458332.66845 19.042 0.067 5.92 510.0
2458333.52570 19.041 0.049 4.58 470.0
2458333.65944 19.046 0.043 4.31 378.0
2458334.56923 19.161 0.057 4.95 470.0
2458334.69163 18.990 0.046 4.61 420.0
2458335.70775 18.963 0.077 7.24 500.0
2458336.58898 19.164 0.061 5.94 378.0
2458338.47397 19.035 0.072 6.13 598.0
2458338.59186 19.099 0.066 6.53 418.0
2458339.49040 19.133 0.052 4.52 468.0
2458339.63027 19.068 0.041 4.04 349.0
2458340.56138 19.056 0.046 4.24 516.0
2458340.74724 19.065 0.051 5.08 381.0
2458341.60538 19.072 0.041 3.94 366.0
2458342.51037 19.012 0.049 4.60 407.0
2458343.49188 18.831 0.060 6.11 599.0
2458344.52376 19.048 0.054 4.71 477.0
2458344.70029 19.030 0.054 4.91 437.0
2458345.55678 18.989 0.054 4.71 516.0
2458345.72211 19.070 0.043 4.18 349.0
2458346.60420 19.008 0.044 4.07 365.0
2458347.50779 19.012 0.045 4.50 391.0
2458347.69041 19.013 0.039 3.82 364.0
2458348.57121 18.870 0.055 5.49 479.0
2458349.53529 18.907 0.084 7.71 520.0
2458353.61392 19.118 0.090 6.01 749.0
2458355.54494 19.019 0.066 5.37 597.0
2458356.47924 19.065 0.079 5.60 775.0
2458356.67585 19.195 0.056 3.85 658.0
2458357.65821 19.062 0.054 3.88 598.0
2458358.56188 19.000 0.059 4.79 573.0
2458359.48412 19.001 0.054 5.23 462.0
2458359.65127 18.949 0.058 5.29 564.0
2458360.56382 19.109 0.084 6.43 541.0
2458360.69573 19.043 0.103 7.44 680.0
2458363.55600 19.185 0.062 5.27 447.0
2458364.50172 19.194 0.058 4.94 479.0
2458364.66100 19.088 0.043 4.73 367.0
2458366.58733 18.997 0.051 4.92 427.0
2458367.62950 19.093 0.046 4.32 416.0
2458368.55060 19.039 0.043 3.85 395.0
2458369.50208 19.035 0.057 5.18 467.0
2458369.65904 18.935 0.050 4.94 474.0
2458370.65506 19.034 0.048 4.36 475.0
2458371.60472 19.064 0.056 5.43 427.0
2458372.61985 19.047 0.056 5.11 440.0
2458373.55931 18.939 0.064 6.08 451.0
2458375.58597 18.995 0.063 6.16 430.0
2458376.51729 19.148 0.079 6.63 470.0
2458377.57775 19.094 0.084 6.23 744.0
2458381.51961 19.156 0.129 5.66 1626.0
2458382.53551 18.994 0.054 3.87 745.0
2458382.62708 18.884 0.047 3.67 768.0
2458383.56620 19.080 0.078 5.68 688.0
2458384.51672 19.106 0.068 4.72 643.0
2458384.60901 19.020 0.058 4.15 734.0
2458385.53976 19.021 0.041 3.16 596.0
2458385.63054 19.179 0.053 3.80 710.0
2458387.54131 19.050 0.080 4.34 1175.0
2458392.52166 19.074 0.078 6.30 516.0
2458393.50628 19.002 0.070 6.58 452.0
2458393.59809 19.041 0.079 7.05 482.0
2458394.58680 19.079 0.057 5.28 424.0
2458398.55011 19.185 0.068 5.48 447.0
2458401.53658 19.142 0.072 5.35 521.0
2458404.56855 18.870 0.083 7.56 648.0
2458409.57290 18.993 0.100 7.49 805.0
2458411.56592 18.878 0.080 6.21 853.0
2458413.55929 18.960 0.085 6.26 933.0
2458415.51597 19.109 0.121 7.23 889.0
2458418.53366 18.950 0.095 7.99 625.0
2458423.52572 19.166 0.092 6.91 625.0
2458530.88374 19.036 0.052 4.43 563.0
2458532.88669 19.193 0.086 6.31 633.0
2458534.88326 19.136 0.083 5.82 725.0
2458535.88717 18.961 0.067 5.75 713.0
2458536.86642 19.004 0.058 4.94 656.0
2458537.86558 19.012 0.063 5.83 536.0
2458538.88610 19.027 0.058 5.73 566.0
2458539.87544 19.112 0.063 5.41 549.0
2458540.84779 18.964 0.080 5.48 1113.0
2458540.89777 19.056 0.078 4.55 1188.0
2458546.82517 19.054 0.050 5.05 447.0
2458546.86588 19.009 0.046 4.77 420.0
2458547.82218 19.028 0.056 5.54 457.0
2458547.87539 19.109 0.046 4.18 418.0
2458548.83320 19.140 0.053 4.49 530.0
2458548.87916 19.140 0.049 4.21 499.0
2458549.82680 19.000 0.058 5.92 444.0
2458549.86689 19.173 0.056 5.08 434.0
2458550.84002 18.986 0.041 4.31 417.0
2458550.87955 19.052 0.046 4.73 428.0
2458551.85019 19.218 0.069 5.91 414.0
2458551.88945 18.945 0.067 6.85 437.0
2458552.87122 19.037 0.059 6.10 414.0
2458552.91061 18.926 0.116 7.40 1338.0
2458553.84901 19.030 0.065 6.29 457.0
2458554.82380 19.107 0.060 5.51 467.0
2458554.86524 19.200 0.053 4.80 428.0
2458555.78686 19.087 0.062 5.67 509.0
2458555.82640 19.167 0.052 4.96 431.0
2458555.88388 19.040 0.041 4.16 412.0
2458556.79784 19.229 0.065 5.34 447.0
2458556.84804 19.141 0.064 6.04 426.0
2458556.88815 19.048 0.049 5.31 427.0
2458557.81530 18.965 0.055 5.77 448.0
2458557.85519 19.133 0.051 4.78 410.0
2458557.90708 18.995 0.061 5.33 617.0
2458558.80831 19.037 0.048 4.75 454.0
2458558.85743 19.185 0.052 4.69 430.0
2458558.89699 18.980 0.051 5.71 424.0
2458559.80154 19.121 0.056 5.10 456.0
2458559.84180 19.005 0.042 4.30 405.0
2458559.89185 19.126 0.045 4.29 408.0
2458560.80224 19.104 0.053 4.56 562.0
2458560.85119 19.103 0.043 4.03 423.0
2458560.89053 19.027 0.040 3.93 438.0
2458561.80510 19.114 0.061 4.90 608.0
2458561.84786 19.093 0.065 5.27 551.0
2458561.89715 19.100 0.068 6.00 457.0
2458562.79244 19.027 0.074 6.02 732.0
2458562.84348 19.152 0.073 5.54 678.0
2458562.88974 19.091 0.065 5.21 624.0
2458563.78129 18.974 0.072 5.91 861.0
2458563.82986 19.123 0.059 4.08 721.0
2458563.87943 19.070 0.050 3.86 639.0
2458564.77084 19.132 0.086 6.03 749.0
2458564.82798 19.069 0.055 4.73 587.0
2458564.86859 18.977 0.047 4.29 607.0
2458565.77099 18.902 0.060 5.54 766.0
2458565.82615 19.086 0.062 4.84 653.0
2458565.88046 19.005 0.049 4.36 581.0
2458566.77765 18.930 0.055 5.00 704.0
2458566.83580 19.067 0.051 4.19 624.0
2458566.87733 18.937 0.045 4.31 559.0
2458567.78021 19.093 0.070 4.67 994.0
2458567.84970 19.022 0.055 4.82 619.0
2458567.88818 18.987 0.059 5.27 595.0
2458573.87242 19.094 0.073 6.55 462.0
2458573.91134 19.019 0.056 5.45 467.0
2458574.81020 18.935 0.065 7.23 406.0
2458574.86259 19.045 0.057 6.12 394.0
2458574.91508 19.168 0.054 4.89 431.0
2458575.75700 18.955 0.061 6.53 441.0
2458575.80569 19.292 0.076 6.02 417.0
2458575.84449 18.968 0.060 6.30 423.0
2458575.89335 19.081 0.059 5.59 434.0
2458576.77365 19.187 0.080 7.09 431.0
2458576.81896 18.926 0.049 5.97 408.0
2458576.85767 18.773 0.065 8.07 417.0
2458576.90839 18.855 0.055 6.80 395.0
2458577.73324 19.027 0.075 6.71 512.0
2458577.82949 19.081 0.084 7.28 490.0
2458577.89358 19.178 0.078 6.09 519.0
2458578.72696 19.095 0.067 6.14 468.0
2458578.76454 19.072 0.051 5.01 422.0
2458578.81348 19.014 0.049 4.86 459.0
2458578.87084 19.125 0.060 5.48 480.0
2458578.92337 19.039 0.057 4.73 593.0
2458579.74233 18.997 0.057 5.62 496.0
2458579.78985 18.906 0.080 7.50 536.0
2458579.82726 18.937 0.062 5.85 549.0
2458579.89060 18.921 0.054 5.26 536.0
2458580.71801 19.272 0.090 6.81 518.0
2458580.76298 19.047 0.062 5.87 464.0
2458580.80812 19.153 0.061 5.78 439.0
2458580.85557 19.134 0.066 6.21 476.0
2458580.91353 19.020 0.045 4.06 480.0
2458581.74129 19.131 0.057 5.22 452.0
2458581.85478 19.113 0.051 4.51 422.0
2458582.72070 19.080 0.062 6.30 424.0
2458582.80683 18.999 0.051 5.33 442.0
2458583.70939 19.082 0.070 6.42 500.0
2458583.75722 19.093 0.056 5.57 430.0
2458583.87739 19.150 0.048 4.33 451.0
2458584.73573 18.986 0.051 5.64 441.0
2458584.83535 19.025 0.045 4.91 392.0
2458585.71568 19.105 0.058 5.77 457.0
2458585.79938 19.137 0.052 5.64 426.0
2458585.92599 18.988 0.059 3.73 1113.0
2458586.73605 19.082 0.049 4.82 418.0
2458586.85293 19.028 0.038 3.99 369.0
2458587.70508 18.969 0.069 6.72 561.0
2458587.77662 19.145 0.063 6.03 437.0
2458587.91895 18.979 0.050 4.66 511.0
2458588.73246 19.207 0.067 6.10 499.0
2458588.85685 19.043 0.035 3.64 379.0
2458589.70749 19.056 0.067 5.45 694.0
2458589.79250 19.124 0.058 4.65 531.0
2458589.92469 19.078 0.055 3.83 717.0
2458590.72912 18.979 0.056 5.87 651.0
2458590.84423 19.113 0.041 3.28 531.0
2458591.71422 19.107 0.064 4.98 783.0
2458591.79253 19.084 0.050 4.08 620.0
2458592.72896 19.092 0.095 5.62 1233.0
2458592.83673 18.909 0.067 6.01 730.0
2458593.72112 18.964 0.076 5.68 979.0
2458593.80951 19.059 0.098 5.94 1400.0
2458594.68394 19.058 0.075 5.34 958.0
2458594.74792 19.105 0.067 4.97 702.0
2458594.86343 19.166 0.059 4.48 679.0
2458595.70973 18.942 0.100 7.12 1004.0
2458595.82021 18.993 0.074 5.91 776.0
2458599.68191 18.893 0.075 6.91 689.0
2458599.73152 18.987 0.062 5.90 530.0
2458599.78803 19.179 0.066 5.67 479.0
2458599.87033 19.032 0.049 4.66 467.0
2458599.92170 19.069 0.051 4.75 480.0
2458600.68914 19.053 0.057 5.65 443.0
2458600.81011 19.124 0.051 4.97 444.0
2458601.66923 19.215 0.059 5.31 451.0
2458601.74337 19.040 0.052 5.39 459.0
2458602.66712 19.054 0.046 4.87 438.0
2458602.73479 19.039 0.045 4.74 392.0
2458602.90385 19.028 0.043 3.75 448.0
2458603.68866 19.063 0.065 6.48 434.0
2458603.84352 19.125 0.042 3.90 394.0
2458604.70465 19.119 0.071 6.70 470.0
2458604.82641 18.914 0.038 4.08 404.0
2458605.67052 19.046 0.071 7.27 461.0
2458605.77053 18.942 0.054 5.80 438.0
2458605.93511 19.035 0.075 4.15 1218.0
2458606.72718 19.100 0.045 4.21 405.0
2458606.87828 19.102 0.043 3.75 441.0
2458607.68555 19.030 0.053 5.73 458.0
2458607.80804 19.107 0.044 3.91 450.0
2458607.93360 19.043 0.056 4.31 687.0
2458608.71272 19.075 0.062 6.04 516.0
2458608.76877 19.037 0.043 4.03 472.0
2458608.91372 19.026 0.045 4.20 495.0
2458612.75749 19.116 0.074 6.72 406.0
2458612.88565 18.984 0.061 5.65 482.0
2458613.65973 19.111 0.084 7.01 478.0
2458613.78204 19.055 0.041 3.88 423.0
2458613.92092 19.075 0.054 4.50 565.0
2458614.68072 19.342 0.109 7.32 507.0
2458614.82686 19.097 0.055 4.55 501.0
2458615.65030 19.100 0.082 7.49 475.0
2458615.77149 19.068 0.044 4.31 400.0
2458615.93290 19.025 0.057 5.09 534.0
2458616.69723 19.028 0.045 4.43 509.0
2458616.84578 19.052 0.041 3.73 456.0
2458617.65347 19.072 0.064 5.73 554.0
2458617.74013 19.004 0.045 4.44 496.0
2458617.92695 19.071 0.050 3.89 583.0
2458618.69066 19.065 0.076 6.63 585.0
2458618.84320 19.187 0.059 4.57 563.0
2458619.64352 18.993 0.079 6.95 628.0
2458619.73068 19.017 0.059 5.40 539.0
2458619.91163 18.987 0.056 5.73 431.0
2458620.68071 19.005 0.071 6.45 587.0
2458620.82801 19.072 0.053 4.48 558.0
2458621.68983 19.140 0.143 7.03 1335.0
2458621.83549 19.140 0.070 4.48 794.0
2458626.70773 18.873 0.086 6.10 1160.0
2458626.76052 19.220 0.088 4.94 922.0
2458626.82286 19.018 0.057 4.68 680.0
2458626.87264 18.885 0.059 4.77 784.0
2458626.92291 18.996 0.062 4.68 814.0
2458627.65134 19.162 0.071 5.19 955.0
2458627.71228 19.030 0.047 4.71 448.0
2458635.64334 19.116 0.060 5.76 417.0
2458635.71190 19.167 0.051 4.73 382.0
2458635.85928 19.047 0.062 5.75 490.0
2458636.58234 19.299 0.089 6.75 494.0
2458636.67117 19.010 0.051 5.26 422.0
2458636.81651 18.990 0.037 3.72 378.0
2458636.93674 19.107 0.067 5.42 621.0
2458637.63018 19.142 0.053 5.47 367.0
2458637.77767 19.087 0.043 3.71 442.0
2458637.90159 18.978 0.043 4.13 498.0
2458638.67896 19.063 0.046 5.17 404.0
2458638.87296 19.069 0.063 5.64 527.0
2458639.68602 19.091 0.044 4.37 425.0
2458640.56577 19.081 0.075 7.51 505.0
2458640.63377 19.023 0.053 5.67 419.0
2458640.78766 19.008 0.052 4.96 434.0
2458640.90710 19.417 0.084 5.65 534.0
2458641.66947 18.987 0.043 4.47 469.0
2458642.64846 19.117 0.062 5.54 490.0
2458642.85297 18.843 0.046 4.45 535.0
2458643.56699 18.803 0.049 6.41 535.0
2458643.65060 19.048 0.045 4.54 418.0
2458643.78506 19.093 0.048 4.75 397.0
2458643.89339 18.948 0.048 5.09 473.0
2458644.57475 19.177 0.076 6.21 544.0
2458644.68736 19.053 0.042 4.34 378.0
2458644.81284 19.100 0.060 5.25 483.0
2458645.66732 18.990 0.059 5.74 554.0
2458646.62070 18.806 0.066 7.29 482.0
2458646.73557 18.999 0.058 5.72 464.0
2458646.83624 19.034 0.061 5.73 488.0
2458647.60783 19.016 0.071 6.13 591.0
2458647.69320 18.964 0.053 5.16 521.0
2458647.81929 19.157 0.079 6.28 543.0
2458648.61116 19.066 0.077 6.33 690.0
2458648.69859 19.079 0.065 5.49 586.0
2458648.82034 19.071 0.060 4.83 613.0
2458649.59012 18.968 0.091 6.88 831.0
2458649.64873 18.968 0.100 7.39 761.0
2458654.88889 19.160 0.071 3.85 1260.0
2458655.64935 18.992 0.063 4.55 1237.0
2458655.85876 18.986 0.074 5.58 964.0
2458656.65916 19.066 0.062 5.27 720.0
2458656.79844 19.116 0.048 4.38 477.0
2458657.54402 19.136 0.063 5.83 457.0
2458657.62255 18.920 0.046 5.17 397.0
2458657.74159 19.030 0.045 4.51 397.0
2458657.85280 19.038 0.047 4.20 465.0
2458658.55373 19.088 0.069 6.98 390.0
2458660.52220 18.996 0.068 6.75 465.0
2458660.62906 19.033 0.046 4.88 377.0
2458660.76546 18.985 0.044 4.50 432.0
2458661.52841 19.091 0.079 7.30 502.0
2458661.62492 19.082 0.052 5.32 366.0
2458662.57396 19.026 0.069 6.72 490.0
2458662.68711 18.932 0.069 7.46 439.0
2458664.53620 19.052 0.058 6.03 399.0
2458664.66112 18.972 0.038 4.60 334.0
2458664.80206 19.035 0.044 4.67 490.0
2458666.49550 19.011 0.083 6.75 730.0
2458666.56628 19.113 0.080 6.77 517.0
2458666.69792 19.115 0.049 4.95 366.0
2458667.51175 18.848 0.068 6.50 689.0
2458667.59472 18.910 0.065 6.75 478.0
2458667.72578 19.034 0.041 4.25 361.0
2458668.48659 18.959 0.084 8.14 550.0
2458668.57258 18.904 0.055 6.38 406.0
2458668.72363 19.006 0.044 4.90 340.0
2458668.84949 19.056 0.074 7.07 451.0
2458669.54077 19.216 0.070 5.66 531.0
2458669.69102 19.093 0.056 5.23 437.0
2458669.81931 19.175 0.054 4.59 454.0
2458670.51318 19.166 0.061 5.87 477.0
2458670.62797 19.048 0.038 4.08 365.0
2458670.77050 19.073 0.039 3.92 356.0
2458672.68178 19.094 0.078 7.32 417.0
2458673.61963 19.055 0.045 4.53 420.0
2458673.76233 19.068 0.051 4.96 436.0
2458674.58449 18.987 0.058 6.11 425.0
2458674.69523 19.168 0.053 4.85 410.0
2458674.82593 19.123 0.079 6.52 558.0
2458675.62257 19.019 0.051 3.96 739.0
2458675.82608 19.207 0.064 5.40 460.0
2458676.49017 19.080 0.075 5.78 731.0
2458676.56750 19.106 0.056 4.65 583.0
2458676.74066 19.085 0.056 4.67 541.0
2458676.81694 18.957 0.093 7.51 667.0
2458677.60808 19.151 0.072 5.23 674.0
2458677.79082 19.003 0.103 5.47 1749.0
2458681.49560 19.117 0.116 6.55 1329.0
2458681.57228 18.974 0.085 5.58 1106.0
2458681.65393 18.980 0.074 4.93 994.0
2458682.49047 19.376 0.102 5.80 908.0
2458682.56682 18.948 0.062 5.10 708.0
2458682.78013 19.032 0.070 5.32 751.0
2458683.49116 19.088 0.090 7.46 541.0
2458683.57588 19.017 0.065 5.55 574.0
2458683.75140 18.959 0.059 5.22 568.0
2458684.49768 19.007 0.067 6.49 489.0
2458684.57863 19.224 0.068 5.15 589.0
2458684.73317 19.088 0.058 5.02 479.0
2458685.50259 19.081 0.067 6.28 475.0
2458685.66586 18.994 0.052 4.15 871.0
2458688.55550 19.092 0.080 6.89 463.0
2458688.65197 19.035 0.052 5.45 362.0
2458689.50279 19.071 0.078 6.74 493.0
2458689.58855 19.117 0.063 5.90 415.0
2458689.70002 19.173 0.060 5.81 365.0
2458690.49132 19.199 0.077 5.93 502.0
2458690.58548 18.959 0.053 5.54 441.0
2458690.72659 18.999 0.042 4.60 377.0
2458691.48915 19.077 0.046 4.52 470.0
2458691.56529 19.132 0.042 4.17 363.0
2458691.75293 18.999 0.054 5.32 432.0
2458692.49172 18.898 0.060 5.99 551.0
2458692.58006 18.991 0.047 4.76 530.0
2458692.69251 19.144 0.048 4.22 386.0
2458693.49059 18.922 0.074 7.47 463.0
2458693.62541 18.977 0.050 5.28 382.0
2458693.77320 19.114 0.079 6.77 470.0
2458694.49401 19.041 0.056 5.59 448.0
2458694.57332 19.032 0.038 3.87 405.0
2458694.65252 18.965 0.038 4.08 351.0
2458695.49389 18.946 0.050 5.51 441.0
2458695.72967 18.961 0.034 3.86 362.0
2458695.78279 19.134 0.050 4.87 419.0
2458697.56349 18.930 0.069 6.84 435.0
2458698.49350 18.993 0.055 5.92 404.0
2458698.72348 19.021 0.044 4.21 382.0
2458698.76957 19.131 0.049 4.34 407.0
2458699.49642 19.103 0.060 5.38 464.0
2458699.72294 19.072 0.042 3.76 379.0
2458699.76896 18.901 0.047 5.20 417.0
2458700.49601 18.980 0.041 4.25 431.0
2458700.73330 19.076 0.052 4.65 445.0
2458700.77018 19.174 0.065 5.72 506.0
2458701.49615 18.943 0.058 5.77 460.0
2458701.65277 19.076 0.048 4.29 413.0
2458702.49635 19.032 0.058 5.63 448.0
2458702.60985 19.027 0.049 5.06 389.0
2458702.76324 19.058 0.052 5.27 404.0
2458703.49658 18.929 0.072 6.89 544.0
2458704.55397 19.032 0.075 6.29 624.0
2458704.68551 18.796 0.062 6.09 590.0
2458708.60330 18.993 0.050 3.97 757.0
2458710.49695 18.977 0.061 5.06 721.0
2458711.49512 19.416 0.100 4.78 973.0
2458711.60785 19.058 0.066 5.05 674.0
2458711.73467 19.097 0.109 6.48 1077.0
2458712.51178 18.936 0.065 5.92 564.0
2458712.62958 18.891 0.059 5.77 525.0
2458713.49622 19.096 0.059 5.51 429.0
2458713.62263 18.965 0.061 5.87 490.0
2458713.73778 18.919 0.066 6.23 582.0
2458714.49859 18.986 0.067 6.45 447.0
2458714.65110 18.949 0.050 4.76 790.0
2458715.51433 19.188 0.069 6.05 419.0
2458715.65374 19.047 0.047 4.72 405.0
2458716.51216 19.090 0.039 3.74 371.0
2458716.73139 18.868 0.051 5.69 538.0
2458717.49749 19.003 0.068 6.73 419.0
2458717.63428 19.059 0.065 6.41 401.0
2458718.51298 19.171 0.050 4.31 422.0
2458718.64898 18.948 0.039 3.91 394.0
2458719.49466 19.295 0.082 6.00 451.0
2458719.58568 18.938 0.046 5.14 414.0
2458719.69524 19.208 0.076 7.10 453.0
2458721.50482 19.132 0.053 5.02 383.0
2458721.69175 19.300 0.076 6.20 420.0
2458722.49954 19.065 0.046 4.71 415.0
2458722.70065 18.832 0.052 6.73 374.0
2458723.60491 19.095 0.050 4.68 450.0
2458723.64509 18.950 0.048 4.97 452.0
2458724.50923 19.063 0.043 4.34 400.0
2458724.64659 19.093 0.043 4.41 370.0
2458725.51320 19.006 0.044 4.36 428.0
2458725.59846 19.069 0.053 5.41 385.0
2458726.58688 19.051 0.052 5.43 370.0
2458726.63989 19.008 0.043 4.41 336.0
2458727.53711 19.058 0.059 5.13 435.0
2458727.62181 19.008 0.056 5.09 480.0
2458728.60195 19.156 0.055 4.95 416.0
2458728.64160 19.151 0.057 4.68 413.0
2458729.50273 19.072 0.067 6.39 407.0
2458729.64031 19.240 0.062 4.92 429.0
2458730.58709 19.020 0.062 6.38 401.0
2458730.62726 19.017 0.049 5.01 392.0
2458731.53880 19.057 0.071 6.71 427.0
2458731.60679 19.109 0.075 6.78 451.0
2458736.61429 18.933 0.071 6.07 690.0
2458737.62535 19.056 0.101 7.21 710.0
2458738.59434 18.925 0.065 5.38 710.0
2458739.50967 19.008 0.061 5.13 584.0
2458740.55229 18.896 0.071 6.57 603.0
2458741.60623 19.168 0.073 5.50 576.0
2458742.60513 19.018 0.062 5.11 572.0
2458746.59688 19.089 0.073 6.82 419.0
2458747.54905 18.933 0.057 6.33 392.0
2458748.59197 18.952 0.080 7.16 502.0
2458750.59055 19.198 0.062 5.10 444.0
2458752.59225 18.960 0.056 5.88 442.0
2458753.60762 19.113 0.085 7.21 478.0
2458754.59092 19.178 0.071 5.63 497.0
2458755.59373 19.090 0.053 4.60 449.0
2458757.58136 18.891 0.061 6.62 434.0
2458759.60423 19.044 0.090 7.60 533.0
2458763.56662 18.990 0.077 6.14 721.0
2458768.58474 18.823 0.090 7.90 760.0
2458782.55654 18.986 0.058 4.87 602.0
2458783.52300 19.041 0.063 5.30 539.0
2458783.55821 18.917 0.065 6.23 534.0
2458899.86496 19.060 0.062 6.15 462.0
2458900.87335 19.053 0.054 5.63 420.0
2458901.86703 19.000 0.047 5.01 409.0
2458902.86680 19.111 0.054 5.34 407.0
2458903.86398 19.154 0.071 6.19 473.0
2458904.85420 19.093 0.056 5.77 391.0
2458905.84863 18.954 0.047 5.37 410.0
2458906.86245 18.960 0.048 5.34 432.0
2458907.85934 18.942 0.048 5.21 480.0
2458908.86174 19.098 0.076 6.98 464.0
2458909.83192 19.105 0.063 6.18 412.0
2458909.87547 19.107 0.044 4.73 376.0
2458910.82479 19.089 0.075 7.25 446.0
2458911.81466 19.162 0.070 6.38 473.0
2458911.84456 19.047 0.054 5.44 428.0
2458911.88670 18.891 0.061 6.90 443.0
2458912.81646 19.239 0.079 6.43 464.0
2458912.85916 19.060 0.054 5.75 397.0
2458912.89437 19.022 0.052 5.40 473.0
2458913.83001 18.924 0.056 6.39 439.0
2458913.86472 19.029 0.062 6.50 422.0
2458914.83718 19.157 0.064 5.77 443.0
2458914.87149 19.181 0.055 5.07 428.0
2458915.81717 19.053 0.078 6.57 572.0
2458915.85180 18.885 0.044 5.47 394.0
2458915.89454 19.112 0.053 5.52 418.0
2458916.81158 18.944 0.063 5.82 683.0
2458916.85411 19.051 0.054 4.58 571.0
2458916.89155 18.903 0.045 4.66 544.0
2458917.82314 19.198 0.081 5.42 809.0
2458917.85876 18.981 0.056 4.94 696.0
2458918.80398 19.006 0.070 5.47 877.0
2458918.83397 19.184 0.080 5.68 740.0
2458918.87731 19.229 0.067 5.10 608.0
2458918.91149 18.928 0.069 4.61 1399.0
2458919.82657 19.004 0.065 5.50 692.0
2458919.86093 19.139 0.062 5.16 608.0
2458919.90426 19.138 0.063 5.05 632.0
2458920.81764 19.184 0.073 5.35 690.0
2458920.86464 19.070 0.051 4.37 596.0
2458920.89932 18.901 0.049 5.28 576.0
2458921.80580 19.028 0.061 5.06 682.0
2458921.84274 19.035 0.055 4.91 620.0
2458921.88587 19.039 0.048 4.30 587.0
2458922.82324 19.133 0.070 5.26 691.0
2458923.79882 18.895 0.089 5.41 1620.0
2458923.82173 19.121 0.105 5.16 1747.0
2458923.83329 19.254 0.111 4.82 1765.0
2458923.85533 19.030 0.086 4.34 1910.0
2458923.86522 19.114 0.106 5.04 1938.0
2458923.87773 18.921 0.085 4.62 2048.0
2458923.88796 18.987 0.093 5.03 2089.0
2458923.89656 18.895 0.099 5.64 2167.0
2459795.61989 19.034 0.045 5.10 370.0
2459795.65711 18.974 0.053 6.06 394.0
2459795.70199 19.101 0.066 6.25 420.0
2459795.73675 18.945 0.059 6.32 473.0
2459795.77479 18.956 0.076 7.07 565.0
2459796.64337 19.112 0.057 5.65 400.0
2459796.67932 19.142 0.052 5.13 390.0
2459796.72518 18.994 0.055 5.98 382.0
2459796.76035 18.901 0.050 5.83 414.0
2459797.60021 19.237 0.086 5.88 488.0
2459797.63582 18.879 0.068 6.99 491.0
2459797.69125 19.103 0.058 5.28 466.0
2459797.73461 18.933 0.054 4.93 510.0
2459798.49951 19.008 0.103 7.64 752.0
2459798.53588 19.200 0.109 7.11 712.0
2459798.72230 19.098 0.099 6.34 1062.0
2459804.49748 18.971 0.057 4.86 635.0
2459804.54129 19.072 0.066 5.40 635.0
2459804.57774 19.067 0.066 5.49 594.0
2459804.62097 18.743 0.056 5.96 639.0
2459804.65690 18.743 0.066 6.88 692.0
2459804.70474 18.917 0.063 5.39 726.0
2459805.52144 19.005 0.070 6.13 519.0
2459805.56597 18.985 0.061 5.49 559.0
2459805.60109 19.071 0.059 4.80 589.0
2459805.64372 18.945 0.055 5.30 567.0
2459805.67858 18.957 0.056 5.01 597.0
2459805.72101 19.135 0.068 5.13 642.0
2459806.56558 19.004 0.079 7.03 610.0
2459806.62674 18.979 0.074 6.69 546.0
2459806.66163 19.159 0.090 6.94 531.0
2459806.70748 18.894 0.065 5.91 584.0
2459807.48285 18.940 0.061 5.87 552.0
2459807.54358 19.208 0.064 5.84 408.0
2459807.58378 18.984 0.045 5.03 385.0
2459807.64737 19.073 0.051 5.13 410.0
2459807.70523 18.987 0.055 5.47 475.0
2459807.74658 18.922 0.047 5.04 467.0
2459808.51115 18.944 0.062 6.43 401.0
2459808.58015 18.857 0.049 5.69 378.0
2459808.65943 18.906 0.053 5.81 403.0
2459808.70461 18.912 0.068 6.72 541.0
2459808.74117 18.892 0.053 5.49 456.0
2459809.60308 19.245 0.069 5.54 382.0
2459809.64007 18.941 0.051 5.59 369.0
2459810.47625 19.147 0.072 5.16 714.0
2459810.53206 19.100 0.036 3.70 356.0
2459810.66989 18.973 0.039 4.50 370.0
2459810.71746 19.121 0.045 4.50 370.0
2459811.51790 18.902 0.052 6.04 371.0
2459811.58641 19.243 0.060 5.43 354.0
2459811.70324 18.966 0.044 4.26 401.0
2459812.48217 18.993 0.085 7.15 562.0
2459812.52609 19.090 0.067 6.47 371.0
2459812.63223 19.045 0.054 5.29 362.0
2459813.48110 19.094 0.104 6.83 766.0
2459813.51617 19.248 0.088 6.88 410.0
2459813.69702 19.039 0.057 5.91 369.0
2459814.48330 18.885 0.061 5.90 582.0
2459814.54701 19.118 0.058 5.43 413.0
2459814.58198 18.960 0.047 5.22 386.0
2459814.68084 19.105 0.064 5.99 429.0
2459814.71540 19.056 0.069 6.71 433.0
2459815.53373 19.079 0.057 5.47 408.0
2459815.56841 19.012 0.057 5.68 422.0
2459815.69597 18.971 0.050 5.36 415.0
2459816.49001 18.854 0.056 6.19 424.0
2459816.53480 18.926 0.059 6.34 416.0
2459816.57069 18.960 0.048 5.04 405.0
2459816.69520 18.997 0.047 4.74 390.0
2459817.52330 18.980 0.049 5.23 448.0
2459817.58401 18.991 0.048 4.91 455.0
2459817.64425 18.965 0.049 5.67 439.0
2459817.71545 19.294 0.057 4.50 410.0
2459818.56267 18.903 0.068 6.57 502.0
2459819.48421 19.099 0.058 4.60 693.0
2459819.55538 19.054 0.044 4.29 452.0
2459819.65958 19.155 0.046 4.00 483.0
2459820.50946 18.990 0.047 4.93 428.0
2459820.55750 18.896 0.053 6.16 461.0
2459821.48276 18.869 0.074 6.35 761.0
2459821.53347 18.907 0.050 6.10 403.0
2459821.67054 18.897 0.050 5.67 444.0
2459822.51023 19.024 0.059 5.77 450.0
2459822.55757 19.055 0.065 6.31 454.0
2459823.57128 19.045 0.067 6.61 480.0
2459823.61862 18.881 0.057 6.31 502.0
2459824.52759 18.968 0.087 7.73 559.0
2459824.58314 18.984 0.071 6.42 574.0
2459825.61233 18.755 0.072 7.56 616.0
2459829.55284 19.134 0.113 6.99 963.0
2459829.65233 18.764 0.092 7.47 1059.0
2459830.66905 19.003 0.112 7.59 1050.0
2459831.52779 18.970 0.065 5.72 710.0
2459831.59585 19.139 0.094 6.64 773.0
2459831.65592 19.078 0.091 6.49 881.0
2459832.53773 18.818 0.072 6.89 735.0
2459832.58923 18.824 0.088 7.86 782.0
2459834.53414 19.030 0.061 5.46 606.0
2459834.58157 19.016 0.058 5.02 660.0
2459834.63201 19.049 0.067 5.41 695.0
2459835.54756 19.074 0.102 8.42 527.0
2459835.60984 18.862 0.072 6.93 594.0
2459835.65682 18.799 0.052 6.65 368.0
2459836.65295 18.875 0.068 6.74 619.0
2459838.50730 19.161 0.071 6.04 463.0
2459838.56718 18.990 0.050 4.97 474.0
2459838.61512 19.181 0.067 5.51 493.0
2459840.51050 18.955 0.071 7.44 451.0
2459840.55806 19.034 0.065 6.61 445.0
2459840.60787 18.998 0.069 6.81 479.0
2459841.52250 19.120 0.066 5.98 493.0
2459841.56979 18.998 0.046 4.78 497.0
2459841.61666 19.141 0.060 5.24 531.0
2459843.57329 19.070 0.075 6.79 483.0
2459844.50434 19.135 0.059 5.34 486.0
2459844.55779 19.034 0.058 5.76 490.0
2459844.60521 19.064 0.067 6.08 534.0
2459845.51604 19.047 0.076 7.19 456.0
2459845.56411 19.022 0.054 5.34 438.0
2459846.55649 19.147 0.090 7.10 502.0
2459846.60503 19.018 0.069 6.15 535.0
2459848.54263 19.177 0.076 6.25 517.0
2459848.58943 18.943 0.057 5.67 542.0
2459849.53402 19.264 0.094 7.45 433.0
2459850.56847 19.037 0.061 5.78 476.0
2459850.61557 19.000 0.063 6.11 500.0
2459851.61744 18.908 0.065 6.87 513.0
2459852.53964 18.919 0.070 7.30 511.0
2459852.58836 18.849 0.048 5.02 523.0
2459857.53739 19.092 0.108 7.50 832.0
2459859.49627 19.174 0.079 5.41 832.0
2459859.54356 19.036 0.058 4.89 735.0
2459859.59129 19.185 0.075 5.08 846.0
2459860.53406 19.168 0.106 6.89 806.0
2459860.58108 18.954 0.080 6.03 894.0
2459861.55604 19.084 0.085 5.80 861.0
2459863.51088 18.873 0.060 5.85 648.0
2459864.50074 18.982 0.085 6.25 808.0
2459864.55721 19.010 0.069 5.07 811.0
2459865.55159 18.806 0.073 7.50 624.0
2459866.54581 19.068 0.062 4.80 663.0
2459867.52961 19.057 0.068 5.95 594.0
2459869.50229 18.855 0.076 6.51 777.0
2459870.51218 19.109 0.081 6.32 579.0
2459874.51310 18.947 0.064 5.39 655.0
2459877.50266 19.016 0.095 6.37 931.0
2459994.86847 18.923 0.049 5.23 515.0
2459999.86279 18.968 0.058 5.73 540.0
2460003.85091 19.045 0.052 5.00 535.0
2460007.84296 19.101 0.056 5.05 541.0
2460012.83753 19.099 0.054 4.40 664.0
2460015.83068 19.099 0.061 5.10 670.0
2460021.88505 19.166 0.050 4.46 433.0
2460024.85947 19.176 0.040 3.76 390.0
2460027.80589 19.167 0.063 5.75 435.0
2460029.87132 19.093 0.046 4.87 422.0
2460032.79976 19.040 0.049 4.87 428.0
2460034.84402 18.991 0.041 4.74 407.0
2460037.77976 19.049 0.052 4.85 533.0
2460039.90586 19.029 0.044 4.29 508.0
2460042.76687 19.111 0.056 4.48 685.0
2460048.78076 19.058 0.052 5.26 463.0
2460051.77868 18.929 0.050 5.78 412.0
2460054.74825 19.070 0.048 5.10 399.0
2460057.85729 19.031 0.048 5.21 439.0
2460059.92120 19.093 0.067 6.02 520.0
2460062.72466 19.134 0.053 5.07 459.0
2460065.87433 18.954 0.047 5.12 454.0
2460068.68448 18.969 0.064 5.66 765.0
2460069.91589 19.048 0.062 4.29 875.0
2460076.67573 19.071 0.062 5.90 481.0
2460085.71225 18.969 0.080 7.53 455.0
2460089.67862 19.106 0.062 5.52 526.0
2460091.76561 19.105 0.053 4.93 504.0
2460093.92975 19.063 0.086 6.82 739.0
2460095.92795 18.992 0.057 5.12 582.0
2460097.75948 19.114 0.062 4.50 713.0
2460098.82684 18.925 0.100 6.44 1300.0
2460105.61516 19.034 0.062 5.83 466.0
2460106.84328 19.086 0.068 6.25 489.0
2460108.71315 19.058 0.057 5.72 472.0
2460110.61641 18.985 0.056 5.70 470.0
2460111.84755 18.974 0.059 5.11 636.0
2460113.57038 19.032 0.054 5.19 495.0
2460116.75149 19.078 0.056 5.51 453.0
2460119.66466 18.996 0.071 6.78 467.0
2460120.82968 18.964 0.051 5.54 447.0
2460122.77737 19.053 0.070 6.24 467.0
2460124.58646 18.978 0.075 6.28 683.0
2460125.63151 18.964 0.067 5.88 665.0
2460130.60042 19.055 0.080 5.65 963.0
2460132.57104 19.029 0.067 6.42 525.0
2460134.64546 18.969 0.055 6.23 454.0
2460139.82023 18.859 0.060 6.23 536.0
2460141.76404 18.998 0.050 5.39 447.0
2460143.81872 19.026 0.060 5.99 450.0
2460149.69434 19.091 0.058 5.61 419.0
2460153.52359 18.862 0.063 5.78 648.0
2460153.78705 19.043 0.077 5.21 1105.0
2460158.74478 19.012 0.074 5.00 1170.0
2460160.67676 18.960 0.058 5.21 551.0
2460165.69234 19.165 0.074 6.82 441.0
2460169.57362 19.043 0.051 5.08 387.0
2460171.58375 19.057 0.045 4.57 395.0
2460174.54952 18.952 0.057 5.92 437.0
2460179.50384 19.040 0.083 7.46 513.0
2460185.51230 18.823 0.088 7.18 922.0
2460187.70148 19.064 0.082 5.43 1082.0
2460201.54516 18.988 0.050 5.40 423.0
2460203.66330 18.888 0.059 6.33 497.0
2460213.54514 18.966 0.092 7.26 713.0
2460218.61222 18.946 0.093 7.27 816.0
2460226.57138 19.022 0.066 6.08 554.0
2460229.57903 18.798 0.084 8.43 638.0
2460242.54839 19.102 0.102 6.72 906.0
2460358.88708 19.073 0.073 5.62 698.0
2460370.88042 19.128 0.050 4.12 552.0
2460377.89677 19.041 0.045 4.30 467.0
2460381.83830 19.051 0.053 4.44 519.0
2460384.83198 18.891 0.051 4.91 546.0
2460387.85038 19.112 0.049 4.18 524.0
2460391.80526 18.968 0.052 4.64 585.0
2460393.88196 19.078 0.053 4.66 557.0
2460396.79156 19.152 0.070 4.73 765.0
2460398.86692 19.023 0.050 4.21 637.0
2460404.90990 18.996 0.047 4.53 517.0
2460407.87732 18.977 0.041 4.45 440.0
2460411.80384 18.976 0.046 5.00 445.0
2460418.82309 19.024 0.048 5.04 435.0
2460423.88602 19.170 0.070 4.93 748.0
2460425.92957 18.875 0.066 4.96 1074.0
2460433.84037 18.925 0.062 6.06 557.0
2460435.92018 19.095 0.067 5.94 497.0
2460439.83193 18.972 0.048 5.17 518.0
2460448.69675 18.984 0.075 6.99 525.0
2460449.83752 18.994 0.052 5.34 445.0
2460458.70527 19.108 0.054 4.76 538.0
2460460.81547 18.981 0.054 5.01 519.0
2460463.64010 19.066 0.055 5.60 401.0
2460467.69143 19.066 0.063 5.78 608.0
2460469.92174 19.127 0.067 5.39 572.0
2460476.90384 18.975 0.082 6.88 704.0
2460478.87529 18.959 0.082 7.68 556.0
2460486.61235 18.964 0.081 7.35 636.0
2460488.70929 18.940 0.047 4.79 454.0
2460491.57335 19.061 0.049 5.08 404.0
2460493.52374 19.154 0.060 5.17 494.0
2460494.83241 18.967 0.065 6.14 547.0
2460496.72814 18.909 0.075 6.91 633.0
2460498.54893 19.063 0.048 5.10 439.0
2460500.49975 18.972 0.068 6.42 507.0
2460502.48750 18.885 0.084 8.09 609.0
2460503.72975 19.017 0.051 5.39 421.0
2460506.52384 19.020 0.054 5.17 529.0
2460508.50494 18.983 0.065 5.72 686.0
2460515.64875 19.061 0.065 6.00 514.0
2460517.60936 18.869 0.070 7.81 417.0
2460519.68144 18.955 0.051 5.43 403.0
2460528.56542 19.010 0.062 6.44 423.0
2460532.66530 19.072 0.051 5.26 382.0
2460535.48864 18.983 0.054 5.41 499.0
2460544.64566 19.018 0.073 6.35 551.0
2460549.57216 19.160 0.075 6.42 493.0
2460556.49702 19.058 0.063 6.00 477.0
2460559.54661 19.068 0.048 4.35 550.0
2460561.61314 19.043 0.051 5.31 428.0
2460569.50952 19.016 0.082 6.45 695.0
2460571.64274 18.971 0.094 6.66 980.0
2460576.58157 19.139 0.086 6.86 502.0
2460581.57968 18.957 0.066 6.14 506.0
2460586.50580 19.003 0.086 7.27 532.0
2460595.51097 18.901 0.100 7.81 915.0
2460596.52947 18.927 0.077 5.63 1093.0
2460597.54019 19.104 0.074 5.52 814.0
2460598.51286 19.003 0.083 6.46 802.0
2460598.56023 19.105 0.086 5.92 907.0
2460599.51596 19.003 0.061 4.97 761.0
2460599.57546 18.947 0.060 4.86 891.0
2460600.51382 18.903 0.060 5.08 912.0
2460600.56235 18.997 0.081 5.70 1101.0
2460601.52739 18.907 0.065 5.39 895.0
2460601.56913 19.049 0.071 4.93 1024.0
2460609.55869 19.061 0.074 5.81 696.0
2460721.89091 18.911 0.076 6.16 884.0
2460733.84820 18.876 0.051 5.59 525.0
2460736.84290 18.832 0.047 5.61 481.0
2460739.84166 18.929 0.051 5.19 544.0
2460742.82525 18.808 0.042 4.96 481.0
2460744.83018 18.937 0.050 5.01 518.0
2460747.82219 18.922 0.052 4.92 650.0
2460749.84625 18.864 0.049 4.51 681.0
2460751.87513 18.803 0.042 4.31 575.0
2460753.86349 18.708 0.042 4.56 645.0
2460761.82776 18.700 0.041 5.23 479.0
2460763.81673 18.561 0.036 5.27 472.0
2460765.81840 18.615 0.035 4.88 428.0
2460767.82237 18.516 0.032 4.99 458.0
2460769.81939 18.473 0.032 4.80 524.0
2460771.85342 18.421 0.034 5.78 431.0
2460773.79678 18.362 0.030 5.23 480.0
2460775.84951 18.345 0.035 6.07 522.0
2460778.78341 18.236 0.035 5.50 789.0
2460780.77456 18.277 0.032 4.90 713.0
2460781.70232 18.238 0.033 5.19 839.0
2460781.84554 18.326 0.032 5.02 681.0
2460787.75473 18.334 0.028 5.00 458.0
2460788.91209 18.326 0.027 4.56 471.0
2460790.73700 18.409 0.031 5.60 443.0
2460791.86246 18.427 0.027 4.34 439.0
2460793.73483 18.486 0.029 4.80 428.0
2460794.86201 18.489 0.029 4.79 406.0
2460797.81420 18.481 0.029 4.59 580.0
2460798.91315 18.558 0.035 5.29 440.0
2460800.75808 18.684 0.040 5.36 454.0
2460801.87421 18.666 0.036 4.69 490.0
2460803.83955 18.663 0.041 5.38 481.0
2460805.91993 18.721 0.044 5.25 489.0
2460807.68080 18.793 0.059 5.30 906.0
2460808.83769 18.715 0.051 4.68 929.0
2460813.91623 18.902 0.058 5.28 731.0
2460815.78006 18.893 0.034 4.09 432.0
2460817.65091 18.800 0.037 4.89 433.0
2460818.76980 18.932 0.036 4.36 400.0
2460819.87993 18.839 0.042 4.67 508.0
2460821.68170 18.727 0.047 6.35 424.0
2460823.70864 18.946 0.049 5.91 394.0
2460824.77782 18.897 0.047 4.74 479.0
2460825.81851 18.940 0.043 4.41 470.0
2460827.82769 18.952 0.039 4.10 427.0
2460829.77600 18.991 0.044 4.91 404.0
2460831.82127 18.937 0.052 5.59 463.0
2460833.64916 18.837 0.068 7.31 560.0
2460834.83468 18.845 0.047 4.87 592.0
2460841.64860 18.833 0.052 5.63 600.0
2460843.59743 18.998 0.092 7.92 604.0
2460844.67791 19.006 0.060 6.16 448.0
2460845.84101 18.906 0.068 6.36 590.0
2460846.87972 19.008 0.062 5.43 682.0
2460847.89241 18.954 0.075 6.52 666.0
2460849.80577 18.859 0.060 6.23 550.0
2460850.82377 19.022 0.057 5.45 505.0
2460853.61090 18.942 0.064 6.97 474.0
2460854.63327 18.946 0.048 5.74 411.0
2460855.68217 18.902 0.059 6.57 458.0
2460856.79036 18.908 0.060 6.69 430.0
2460859.52766 18.958 0.047 5.36 430.0
2460860.53346 19.021 0.059 5.40 564.0
2460861.65574 19.125 0.065 5.58 588.0
2460863.55758 18.955 0.093 7.63 757.0
2460868.74920 18.817 0.081 6.86 928.0
2460870.54367 19.241 0.076 6.55 435.0
2460872.53673 19.000 0.065 6.43 448.0
2460873.65414 18.888 0.054 6.14 425.0
2460874.76197 18.876 0.044 4.81 446.0
2460876.49267 18.938 0.048 5.42 438.0
2460878.52323 19.003 0.043 4.72 436.0
2460879.79158 18.951 0.054 5.86 480.0
2460879.79643 18.918 0.060 6.42 495.0
2460881.58363 19.099 0.048 5.19 386.0
2460885.57946 18.981 0.044 5.29 383.0
2460896.52122 18.952 0.073 5.92 825.0
2460898.60873 18.818 0.053 5.88 503.0
2460899.71926 19.033 0.056 5.20 550.0
2460901.57877 19.024 0.061 5.36 467.0
2460904.58851 19.122 0.060 5.73 428.0
2460911.69125 18.715 0.067 7.90 519.0
2460912.72593 18.995 0.058 5.44 544.0
2460914.67624 18.989 0.052 5.44 394.0
2460923.60742 19.209 0.090 6.08 849.0
2460924.61521 18.988 0.072 6.06 781.0
2460925.49723 18.998 0.071 6.23 696.0
2460925.54470 18.881 0.077 7.10 707.0
2460925.59146 18.848 0.067 6.40 737.0
2460925.63850 18.956 0.080 6.74 835.0
2460926.49807 18.801 0.082 7.65 722.0
2460926.54524 18.917 0.075 6.38 770.0
2460926.59245 19.065 0.093 6.79 820.0
2460926.64312 18.941 0.097 7.46 948.0
2460927.49414 19.104 0.062 5.47 617.0
2460927.54127 19.081 0.055 4.97 612.0
2460927.58837 19.098 0.068 5.90 643.0
2460927.63581 18.898 0.064 6.19 697.0
2460928.49635 19.140 0.057 5.33 473.0
2460928.54345 19.084 0.057 5.45 506.0
2460928.59026 18.998 0.058 5.37 567.0
2460928.63766 18.838 0.061 6.42 637.0
2460929.52189 19.095 0.054 5.05 469.0
2460929.56913 19.022 0.049 5.19 470.0
2460929.61577 19.041 0.060 5.54 562.0
2460930.49866 18.979 0.049 5.26 497.0
2460930.54588 18.960 0.049 5.33 515.0
2460930.59269 18.945 0.056 5.95 559.0
2460930.64001 19.029 0.071 6.55 656.0
2460931.51019 19.118 0.064 5.72 471.0
2460931.56260 18.896 0.058 6.30 486.0
2460931.61328 19.079 0.068 6.20 461.0
2460932.53272 19.102 0.065 6.01 502.0
2460932.58025 18.811 0.064 7.52 508.0
2460932.62754 18.922 0.060 6.67 535.0
2460933.52482 19.097 0.061 5.54 519.0
2460933.57238 19.094 0.068 5.94 599.0
2460933.61945 19.072 0.069 5.87 645.0
2460934.52513 19.121 0.054 4.72 538.0
2460934.57404 19.049 0.057 5.62 569.0
2460934.62107 19.009 0.054 5.24 553.0
2460936.65412 19.061 0.072 6.52 529.0
2460942.58344 19.033 0.056 5.94 428.0
2460950.55933 18.998 0.067 5.59 772.0
2460953.58891 19.189 0.120 7.74 791.0
2460957.55964 18.907 0.066 6.88 697.0
2460967.52499 18.981 0.059 6.03 554.0
