2457798.87896 19.527 0.084 5.00 513.0
2457803.85962 19.565 0.114 4.76 1070.0
2457813.81992 19.629 0.090 5.23 484.0
2457816.87825 19.470 0.063 5.13 338.0
2457819.81081 19.513 0.071 5.07 370.0
2457821.87806 19.561 0.087 5.55 409.0
2457824.82413 19.828 0.158 6.72 626.0
2457826.83544 19.401 0.083 5.36 593.0
2457828.85276 19.517 0.076 4.90 486.0
2457830.89962 19.830 0.146 5.09 1050.0
2457836.76605 19.560 0.106 7.25 364.0
2457838.75773 19.671 0.095 6.19 377.0
2457840.76453 19.571 0.080 5.96 317.0
2457842.73964 19.455 0.078 6.55 324.0
2457843.88977 19.477 0.066 6.00 265.0
2457845.83237 19.489 0.061 5.43 288.0
2457847.77355 19.487 0.069 5.29 308.0
2457848.92339 19.489 0.083 5.21 547.0
2457850.82830 19.556 0.070 5.47 318.0
2457852.84359 19.441 0.096 7.49 370.0
2457854.89051 19.728 0.099 4.98 486.0
2457856.80953 19.540 0.112 6.47 540.0
2457858.80084 19.600 0.085 4.95 515.0
2457863.76200 19.687 0.096 6.44 321.0
2457864.71907 19.544 0.060 4.82 301.0
2457867.72328 19.689 0.066 4.43 306.0
2457868.92620 19.736 0.128 7.15 398.0
2457870.80005 19.623 0.058 4.40 284.0
2457872.67414 19.624 0.067 4.31 351.0
2457873.79991 19.583 0.054 4.30 286.0
2457874.89172 19.657 0.070 4.33 391.0
2457876.80125 19.670 0.067 4.38 343.0
2457877.88742 19.583 0.077 4.62 451.0
2457879.74608 19.415 0.100 6.59 462.0
2457880.92145 19.564 0.131 7.50 467.0
2457882.86316 19.507 0.097 5.51 601.0
2457893.63598 19.587 0.113 7.55 387.0
2457894.63108 19.458 0.080 6.12 421.0
2457895.64523 19.509 0.073 5.37 472.0
2457901.78307 19.577 0.071 5.10 405.0
2457902.90659 19.574 0.137 7.63 503.0
2457904.65736 19.566 0.082 6.29 311.0
2457905.62423 19.571 0.068 4.93 338.0
2457906.58787 19.561 0.088 5.62 445.0
2457907.60986 19.500 0.084 5.00 606.0
2457908.68279 19.541 0.070 4.59 412.0
2457909.61492 19.643 0.092 4.77 536.0
2457910.87990 19.490 0.080 5.35 571.0
2457911.76220 19.462 0.125 7.22 612.0
2457916.78251 19.706 0.090 4.26 637.0
2457917.77428 19.597 0.087 4.97 507.0
2457923.65753 19.546 0.085 6.17 349.0
2457924.61913 19.619 0.069 4.53 323.0
2457925.64313 19.505 0.057 4.72 290.0
2457926.71171 19.739 0.093 5.90 333.0
2457932.69922 19.489 0.091 6.81 342.0
2457933.68109 19.648 0.093 7.08 265.0
2457935.71561 19.546 0.069 5.30 287.0
2457936.71237 19.629 0.075 5.53 292.0
2457937.67659 19.532 0.080 5.93 356.0
2457944.50153 19.765 0.127 5.34 691.0
2457944.80514 19.473 0.134 7.15 745.0
2457945.72474 19.474 0.062 4.31 426.0
2457946.68552 19.504 0.069 4.90 375.0
2457947.74817 19.523 0.104 7.27 391.0
2457948.74662 19.522 0.072 5.27 406.0
2457952.67694 19.683 0.079 5.09 311.0
2457953.70050 19.550 0.064 5.54 262.0
2457954.73390 19.717 0.077 5.48 348.0
2457956.70453 19.643 0.078 5.53 305.0
2457958.64111 19.668 0.089 6.44 296.0
2457959.66719 19.570 0.055 4.53 268.0
2457960.70697 19.619 0.069 5.45 301.0
2457961.78173 19.560 0.130 8.19 513.0
2457964.67713 19.418 0.078 5.86 411.0
2457966.61878 19.591 0.098 6.87 329.0
2457972.56972 19.740 0.151 6.72 579.0
2457973.71042 19.305 0.116 7.36 712.0
2457975.62992 19.673 0.144 7.43 522.0
2457980.61336 19.387 0.092 6.75 433.0
2457982.57545 19.576 0.073 4.91 326.0
2457984.52678 19.482 0.088 6.49 331.0
2457986.56631 19.523 0.055 4.51 301.0
2457990.53820 19.471 0.077 5.63 386.0
2457992.51566 19.803 0.090 5.23 357.0
2457994.49530 19.470 0.114 5.76 833.0
2457998.61992 19.507 0.098 5.66 620.0
2458001.60863 19.750 0.106 5.58 543.0
2458004.61167 19.684 0.124 6.72 500.0
2458011.54434 19.524 0.115 7.56 406.0
2458014.57271 19.528 0.080 5.55 403.0
2458018.50961 19.541 0.086 6.38 386.0
2458165.86905 19.728 0.089 5.14 430.0
2458170.84006 19.639 0.074 4.62 393.0
2458173.88199 19.603 0.067 4.26 413.0
2458181.82380 19.490 0.090 5.13 633.0
2458184.86379 19.576 0.093 4.98 560.0
2458190.82789 19.454 0.061 5.08 310.0
2458193.79044 19.521 0.067 5.24 318.0
2458195.85194 19.537 0.069 5.19 328.0
2458197.89020 19.540 0.056 4.05 323.0
2458200.77234 19.551 0.080 5.56 396.0
2458202.76602 19.517 0.072 5.09 405.0
2458204.74323 19.621 0.121 6.57 525.0
2458206.74305 19.518 0.088 5.15 572.0
2458207.87660 19.540 0.059 4.15 386.0
2458209.82424 19.567 0.076 4.58 508.0
2458211.74369 19.632 0.139 6.70 639.0
2458212.84335 19.554 0.091 3.98 963.0
2458220.81101 19.485 0.057 5.17 266.0
2458222.75078 19.513 0.058 4.78 297.0
2458224.74524 19.586 0.081 5.53 361.0
2458227.70034 19.597 0.079 5.35 347.0
2458228.89470 19.505 0.049 3.89 288.0
2458230.76548 19.641 0.067 4.90 307.0
2458235.72598 19.425 0.082 5.59 501.0
2458238.85083 19.617 0.098 4.53 713.0
2458245.77425 19.620 0.110 6.17 469.0
2458246.87685 19.539 0.079 4.81 477.0
2458247.92200 19.769 0.141 6.85 489.0
2458249.88835 19.666 0.099 5.54 443.0
2458251.62778 19.439 0.073 6.71 241.0
2458252.89766 19.657 0.102 6.09 423.0
2458254.69069 19.507 0.058 4.65 311.0
2458255.76638 19.528 0.057 4.64 310.0
2458256.81022 19.493 0.081 5.59 392.0
2458257.86188 19.673 0.082 5.03 366.0
2458259.70758 19.700 0.080 5.29 374.0
2458260.91895 19.424 0.072 5.01 550.0
2458262.72843 19.559 0.061 4.69 306.0
2458263.78321 19.494 0.056 4.00 371.0
2458264.91013 19.532 0.088 5.68 533.0
2458266.68329 19.505 0.109 5.80 633.0
2458271.82669 19.603 0.150 5.43 1187.0
2458273.88816 19.673 0.083 4.82 430.0
2458274.88269 19.523 0.098 6.00 581.0
2458275.89429 19.755 0.111 5.38 536.0
2458276.87998 19.580 0.106 6.38 472.0
2458278.55246 19.676 0.082 4.93 412.0
2458282.69248 19.510 0.049 4.51 250.0
2458283.68416 19.657 0.084 6.41 300.0
2458284.64564 19.545 0.064 5.10 316.0
2458285.78846 19.732 0.082 5.10 317.0
2458286.89774 19.681 0.092 5.48 401.0
2458288.52998 19.675 0.087 5.28 380.0
2458289.54149 19.453 0.067 5.08 390.0
2458290.55439 19.572 0.078 4.96 431.0
2458291.59760 19.778 0.111 4.98 682.0
2458292.60480 19.583 0.081 5.36 382.0
2458293.61423 19.630 0.100 5.88 448.0
2458294.69959 19.611 0.152 7.41 682.0
2458294.82962 19.636 0.156 6.78 817.0
2458301.75686 19.658 0.140 7.05 562.0
2458304.67089 19.593 0.097 6.61 369.0
2458305.77371 19.820 0.151 7.68 361.0
2458307.47966 19.589 0.082 5.16 439.0
2458308.47074 19.602 0.099 5.74 466.0
2458308.81789 19.577 0.114 7.55 410.0
2458309.80074 19.561 0.083 6.35 362.0
2458310.69504 19.639 0.067 4.85 318.0
2458311.67423 19.620 0.063 4.62 279.0
2458312.68236 19.632 0.060 4.52 269.0
2458313.67567 19.692 0.060 4.01 291.0
2458314.67316 19.491 0.055 4.05 323.0
2458316.66704 19.568 0.082 5.98 314.0
2458320.71665 19.562 0.065 4.73 327.0
2458328.58494 19.708 0.090 4.64 494.0
2458329.64016 19.761 0.100 5.09 457.0
2458331.54515 19.518 0.060 4.83 297.0
2458332.66969 19.569 0.080 5.13 416.0
2458334.57085 19.644 0.075 5.05 368.0
2458336.57373 19.506 0.059 4.76 269.0
2458339.47561 19.544 0.073 5.09 407.0
2458340.73102 19.619 0.077 5.82 292.0
2458342.65428 19.576 0.086 5.88 331.0
2458345.54187 19.563 0.085 4.62 400.0
2458347.50893 19.592 0.057 4.83 287.0
2458355.56343 19.691 0.091 4.88 459.0
2458357.67523 19.626 0.103 5.62 564.0
2458359.68558 19.650 0.119 6.33 553.0
2458363.67190 19.501 0.063 5.41 276.0
2458367.52519 19.699 0.084 4.90 340.0
2458369.61274 19.573 0.072 5.36 336.0
2458372.52006 19.413 0.074 5.63 349.0
2458376.50233 19.513 0.094 6.65 380.0
2458381.50492 19.390 0.123 5.24 1099.0
2458383.53530 19.591 0.104 5.81 561.0
2458385.52559 19.466 0.060 3.75 530.0
2458392.49277 19.537 0.111 7.26 379.0
2458394.50797 19.807 0.131 6.26 396.0
2458397.54938 19.541 0.089 6.78 340.0
2458409.51356 19.496 0.143 7.57 637.0
2458412.52759 19.819 0.165 6.09 646.0
2458414.53187 19.701 0.188 7.43 747.0
2458418.50532 19.770 0.178 7.40 598.0
2458425.50882 19.719 0.145 6.58 603.0
2458516.88045 19.557 0.116 4.96 1039.0
2458518.87806 19.388 0.091 5.20 736.0
2458519.87237 19.648 0.096 5.44 530.0
2458521.86897 19.535 0.068 4.54 423.0
2458522.86843 19.606 0.073 5.03 395.0
2458523.86802 19.450 0.069 5.25 372.0
2458524.87409 19.515 0.096 6.54 432.0
2458524.88355 19.395 0.085 5.66 557.0
2458526.85733 19.433 0.091 6.95 371.0
2458526.88764 19.625 0.142 6.77 712.0
2458528.86080 19.561 0.098 6.03 461.0
2458529.85285 19.528 0.088 5.89 415.0
2458530.86287 19.509 0.067 4.87 351.0
2458530.88109 19.573 0.066 4.30 379.0
2458531.85398 19.564 0.088 5.68 400.0
2458531.88620 19.501 0.105 6.55 487.0
2458532.84872 19.632 0.109 5.36 639.0
2458533.85841 19.567 0.080 4.43 640.0
2458534.84463 19.559 0.088 4.68 646.0
2458534.85560 19.305 0.068 4.64 605.0
2458534.89487 19.791 0.160 5.51 1030.0
2458535.85737 19.407 0.101 6.50 552.0
2458536.86226 19.721 0.099 4.94 539.0
2458537.84914 19.466 0.088 5.83 467.0
2458538.87980 19.496 0.070 4.87 445.0
2458539.85963 19.585 0.076 4.59 475.0
2458539.89987 19.624 0.110 5.18 770.0
2458540.88088 19.270 0.099 4.81 1150.0
2458544.82891 19.636 0.060 4.13 318.0
2458544.83340 19.641 0.061 4.40 320.0
2458544.87034 19.516 0.056 4.68 304.0
2458546.83807 19.680 0.075 5.02 333.0
2458546.88581 19.486 0.064 5.20 319.0
2458547.83866 19.453 0.064 5.35 336.0
2458547.88536 19.548 0.063 4.54 320.0
2458548.84190 19.466 0.058 4.16 393.0
2458548.88772 19.534 0.059 4.08 406.0
2458549.82573 19.620 0.083 5.81 331.0
2458549.87423 19.553 0.071 5.57 328.0
2458550.83746 19.555 0.058 4.27 319.0
2458550.87698 19.474 0.057 4.90 322.0
2458551.83507 19.577 0.100 7.44 331.0
2458551.87440 19.532 0.084 6.64 316.0
2458552.85475 19.509 0.085 6.80 316.0
2458552.89412 19.644 0.097 7.09 307.0
2458553.81559 19.506 0.091 6.83 346.0
2458553.87007 19.555 0.089 6.85 337.0
2458554.79395 19.319 0.082 7.20 361.0
2458554.83595 19.502 0.069 5.51 346.0
2458554.87587 19.338 0.060 5.60 314.0
2458555.79532 19.567 0.070 4.61 386.0
2458555.83522 19.640 0.069 5.23 334.0
2458555.88284 19.541 0.055 4.33 312.0
2458556.79376 19.434 0.066 5.29 331.0
2458556.83381 19.548 0.062 4.62 319.0
2458556.88256 19.444 0.061 5.35 323.0
2458557.79242 19.461 0.076 5.85 332.0
2458557.83824 19.632 0.070 5.07 318.0
2458557.87817 19.499 0.060 5.09 315.0
2458558.79007 19.726 0.105 6.56 353.0
2458558.82965 19.459 0.071 5.72 332.0
2458558.86924 19.516 0.065 5.44 315.0
2458559.77242 19.651 0.099 6.18 426.0
2458559.81185 19.525 0.073 5.63 339.0
2458559.85205 19.553 0.057 4.39 307.0
2458559.90068 19.509 0.061 4.87 325.0
2458560.79782 19.562 0.066 4.18 449.0
2458560.83756 19.538 0.061 4.56 329.0
2458560.88496 19.500 0.057 4.24 343.0
2458561.76935 19.746 0.102 5.16 546.0
2458561.81693 19.473 0.062 4.03 451.0
2458561.86752 19.502 0.080 5.46 394.0
2458562.76535 19.686 0.114 5.55 625.0
2458562.80323 19.711 0.111 5.47 582.0
2458562.85885 19.596 0.091 5.19 535.0
2458562.89909 19.569 0.096 5.76 490.0
2458563.78026 19.478 0.089 4.94 711.0
2458563.83699 19.474 0.079 4.72 587.0
2458563.87681 19.638 0.086 4.55 554.0
2458563.91687 19.539 0.112 4.27 1250.0
2458564.80996 19.516 0.069 4.15 514.0
2458565.78127 19.579 0.077 3.99 602.0
2458565.83666 19.679 0.091 4.58 546.0
2458565.88921 19.532 0.070 4.23 488.0
2458566.77362 19.590 0.074 3.85 598.0
2458566.82214 19.543 0.070 4.00 538.0
2458566.87175 19.663 0.076 4.13 488.0
2458567.76425 19.578 0.073 3.65 649.0
2458567.79970 19.605 0.079 4.46 571.0
2458567.83197 19.606 0.075 3.89 547.0
2458567.87258 19.457 0.090 4.65 805.0
2458567.91823 19.552 0.112 4.24 1085.0
2458572.85232 19.709 0.087 5.11 444.0
2458572.85694 19.573 0.061 5.07 307.0
2458573.88242 19.591 0.088 6.05 346.0
2458573.92314 19.900 0.148 5.77 610.0
2458574.82518 19.446 0.099 7.72 312.0
2458574.87125 19.550 0.072 5.72 293.0
2458574.91365 19.499 0.070 6.02 316.0
2458575.75444 19.694 0.099 6.37 341.0
2458575.80165 19.616 0.089 6.30 319.0
2458575.84043 19.399 0.068 5.88 315.0
2458575.87957 19.415 0.065 5.64 319.0
2458576.72281 19.451 0.098 7.61 348.0
2458576.80401 19.574 0.090 6.74 331.0
2458576.84277 19.559 0.079 6.26 322.0
2458576.88988 19.721 0.113 7.98 300.0
2458577.71641 19.413 0.095 7.06 411.0
2458577.79842 19.613 0.101 6.35 386.0
2458577.85088 19.449 0.092 7.01 378.0
2458577.91306 19.486 0.105 7.24 421.0
2458578.73696 19.684 0.086 5.48 365.0
2458578.78395 19.496 0.068 5.53 341.0
2458578.82401 19.457 0.066 5.26 363.0
2458578.88121 19.488 0.069 5.45 356.0
2458579.71101 19.622 0.101 6.02 452.0
2458579.75094 19.495 0.066 4.61 382.0
2458579.78882 19.660 0.111 6.54 410.0
2458579.83426 19.554 0.086 5.47 446.0
2458579.88781 19.555 0.083 5.34 420.0
2458580.71546 19.527 0.078 5.42 400.0
2458580.74959 19.571 0.069 4.84 343.0
2458580.80259 19.421 0.066 5.97 341.0
2458580.84204 19.599 0.085 6.20 356.0
2458580.89151 19.544 0.070 4.90 370.0
2458581.72334 19.524 0.061 4.38 367.0
2458581.76870 19.657 0.067 4.45 330.0
2458581.81557 19.587 0.065 4.35 321.0
2458581.89217 19.674 0.079 4.94 378.0
2458582.71515 19.480 0.065 5.33 322.0
2458582.75476 19.528 0.071 5.56 326.0
2458582.80579 19.459 0.065 5.41 335.0
2458582.87453 19.513 0.065 5.06 357.0
2458582.92662 19.621 0.134 3.80 1740.0
2458583.73804 19.781 0.084 5.20 339.0
2458583.78527 19.626 0.073 5.44 327.0
2458583.83516 19.544 0.065 5.17 346.0
2458583.91207 19.780 0.083 4.34 421.0
2458584.73315 19.437 0.064 5.49 347.0
2458584.78061 19.483 0.059 5.12 309.0
2458584.84639 19.604 0.059 4.71 291.0
2458585.69900 19.373 0.062 5.00 375.0
2458585.73634 19.474 0.064 5.15 338.0
2458585.79523 19.521 0.057 4.64 325.0
2458585.84455 19.536 0.051 3.83 310.0
2458585.90903 19.546 0.053 3.50 348.0
2458586.71630 19.553 0.065 4.96 330.0
2458586.76454 19.599 0.059 4.10 299.0
2458586.81033 19.700 0.066 4.44 291.0
2458586.89144 19.638 0.061 4.28 299.0
2458587.69461 19.422 0.094 6.75 462.0
2458587.72943 19.323 0.065 5.48 396.0
2458587.78797 19.606 0.076 5.58 328.0
2458587.83873 19.667 0.084 5.55 350.0
2458587.91787 19.624 0.071 4.48 397.0
2458588.72835 19.539 0.065 4.68 389.0
2458588.78313 19.495 0.048 3.74 311.0
2458588.83099 19.473 0.043 3.44 285.0
2458588.91389 19.536 0.056 4.10 349.0
2458589.70337 19.673 0.083 3.96 550.0
2458589.74665 19.666 0.081 4.29 480.0
2458589.80393 19.648 0.079 4.41 417.0
2458589.87238 19.715 0.075 4.22 333.0
2458589.92362 19.526 0.069 3.81 511.0
2458590.72505 19.536 0.075 5.05 531.0
2458590.77395 19.666 0.072 4.39 471.0
2458590.82077 19.610 0.064 4.00 446.0
2458590.90213 19.611 0.061 3.69 378.0
2458591.71163 19.701 0.097 5.11 637.0
2458591.75593 19.567 0.080 4.78 573.0
2458591.82298 19.540 0.062 4.15 517.0
2458591.88608 19.567 0.082 3.92 712.0
2458592.79365 19.722 0.123 5.68 657.0
2458592.84826 19.513 0.087 5.15 630.0
2458592.88791 19.624 0.105 3.82 1075.0
2458593.73012 19.894 0.180 5.50 1271.0
2458593.79642 19.345 0.096 5.83 934.0
2458593.87527 19.515 0.105 4.17 1303.0
2458594.67678 19.621 0.121 5.22 890.0
2458594.71396 19.501 0.103 5.29 773.0
2458594.76255 19.648 0.099 5.44 621.0
2458594.82818 19.547 0.081 4.42 652.0
2458594.87729 19.502 0.080 4.31 676.0
2458594.93003 19.486 0.090 4.05 925.0
2458599.68406 19.616 0.121 6.70 547.0
2458599.73350 19.619 0.095 6.16 415.0
2458599.79001 19.450 0.072 5.91 370.0
2458599.87229 19.564 0.060 4.02 369.0
2458599.92366 19.544 0.068 4.67 398.0
2458600.69109 19.556 0.074 5.40 347.0
2458600.84326 19.497 0.059 4.53 386.0
2458601.67120 19.544 0.060 4.49 339.0
2458601.76920 19.480 0.062 4.97 381.0
2458602.66910 19.587 0.062 4.65 332.0
2458602.75245 19.615 0.063 4.77 303.0
2458602.91963 19.578 0.061 3.91 371.0
2458603.70184 19.723 0.088 5.76 320.0
2458603.86091 19.595 0.061 4.16 322.0
2458604.70670 19.621 0.114 7.49 360.0
2458604.71550 19.642 0.105 7.09 352.0
2458604.73307 19.532 0.084 6.33 351.0
2458604.85371 19.581 0.076 5.10 331.0
2458605.67246 19.558 0.102 7.23 361.0
2458605.79559 19.592 0.078 5.59 338.0
2458606.67084 19.659 0.073 4.69 352.0
2458606.74306 19.474 0.053 4.81 299.0
2458606.89415 19.424 0.052 4.17 350.0
2458607.68749 19.571 0.069 5.10 348.0
2458607.82441 19.442 0.057 4.25 358.0
2458608.65394 19.687 0.100 4.89 593.0
2458608.78482 19.526 0.063 4.51 374.0
2458608.92979 19.550 0.069 4.34 464.0
2458612.75942 19.641 0.087 5.94 300.0
2458612.90163 19.799 0.120 6.32 395.0
2458613.66161 19.591 0.092 6.28 360.0
2458613.79858 19.573 0.056 3.89 323.0
2458613.93658 19.712 0.106 4.77 625.0
2458614.69624 19.454 0.096 6.63 398.0
2458614.85384 19.697 0.095 5.06 445.0
2458615.66691 19.399 0.078 6.29 381.0
2458615.78769 19.484 0.057 4.66 305.0
2458616.63775 19.636 0.085 5.07 437.0
2458616.71326 19.505 0.059 4.62 367.0
2458616.86140 19.500 0.054 3.57 376.0
2458617.65533 19.600 0.077 4.81 411.0
2458617.75643 19.474 0.051 3.78 357.0
2458618.62703 19.358 0.079 6.03 501.0
2458618.70730 19.428 0.110 7.42 474.0
2458618.85914 19.618 0.089 5.05 496.0
2458619.64537 19.535 0.097 6.15 496.0
2458619.74632 19.543 0.085 5.64 422.0
2458620.62762 19.601 0.135 6.96 591.0
2458620.69610 19.573 0.103 6.33 472.0
2458620.86875 19.658 0.087 4.71 487.0
2458621.69167 19.681 0.191 6.16 1239.0
2458621.85140 19.600 0.108 4.83 754.0
2458626.61913 19.743 0.221 7.26 1046.0
2458626.66860 19.498 0.126 7.55 540.0
2458626.71889 19.395 0.151 6.55 1190.0
2458626.77637 19.489 0.084 4.93 539.0
2458626.83420 19.493 0.091 5.48 552.0
2458626.88436 19.549 0.089 4.89 600.0
2458626.93409 19.499 0.095 4.75 726.0
2458627.66112 19.948 0.118 4.71 793.0
2458627.72367 19.546 0.064 4.53 389.0
2458635.64506 19.547 0.063 4.90 302.0
2458635.73657 19.638 0.067 4.76 293.0
2458635.87441 19.625 0.103 6.30 418.0
2458636.58406 19.696 0.080 5.05 343.0
2458636.68642 19.501 0.068 5.57 307.0
2458636.83169 19.554 0.054 3.97 304.0
2458637.57786 19.728 0.079 4.70 394.0
2458637.64560 19.483 0.058 5.30 263.0
2458637.79356 19.542 0.055 3.82 345.0
2458637.91525 19.835 0.099 5.01 451.0
2458638.69601 19.565 0.056 4.79 279.0
2458638.88911 19.593 0.083 5.28 449.0
2458639.69779 19.671 0.057 3.85 342.0
2458640.56745 19.582 0.085 5.74 383.0
2458640.64898 19.516 0.064 4.91 321.0
2458640.80357 19.803 0.088 4.78 340.0
2458641.58713 19.639 0.095 5.99 429.0
2458641.70001 19.578 0.060 4.84 325.0
2458642.83069 19.700 0.098 5.21 418.0
2458643.66956 19.645 0.060 4.13 323.0
2458644.55008 19.537 0.100 6.38 466.0
2458644.77524 19.791 0.084 4.66 354.0
2458646.61124 19.719 0.119 7.14 365.0
2458646.84699 19.946 0.140 6.61 400.0
2458647.74001 19.397 0.079 5.65 431.0
2458648.66022 19.549 0.092 5.74 502.0
2458655.53274 19.608 0.076 5.58 448.0
2458656.62223 19.497 0.087 5.45 637.0
2458656.86645 19.660 0.097 5.49 503.0
2458657.73535 19.622 0.061 4.12 295.0
2458660.52851 19.706 0.111 6.90 336.0
2458660.78108 19.552 0.059 4.04 339.0
2458661.61885 19.558 0.066 5.38 277.0
2458662.66210 19.504 0.071 6.38 264.0
2458664.62274 19.607 0.054 4.73 221.0
2458665.57415 19.706 0.111 7.15 387.0
2458666.60646 19.410 0.073 6.27 320.0
2458667.52642 19.526 0.094 6.04 469.0
2458667.73532 19.559 0.056 4.39 264.0
2458668.56640 19.465 0.085 7.14 300.0
2458668.82942 19.493 0.067 5.59 294.0
2458669.61493 19.651 0.073 4.95 345.0
2458670.48983 19.613 0.074 4.87 389.0
2458670.69968 19.604 0.047 3.83 228.0
2458673.58095 19.604 0.079 5.25 381.0
2458674.57257 19.309 0.063 5.81 317.0
2458674.79887 19.574 0.101 6.50 408.0
2458675.65490 19.549 0.069 4.38 402.0
2458676.51912 19.405 0.073 5.35 465.0
2458676.76822 19.714 0.096 4.77 510.0
2458681.52763 19.304 0.103 5.53 894.0
2458681.75667 19.666 0.150 5.89 898.0
2458682.49354 19.530 0.101 5.57 633.0
2458682.78148 19.630 0.119 5.58 668.0
2458683.52977 19.513 0.093 5.99 455.0
2458683.78972 19.500 0.103 6.19 502.0
2458684.53368 19.472 0.067 5.06 346.0
2458685.50845 19.428 0.079 5.89 350.0
2458688.55975 19.621 0.096 6.46 330.0
2458689.50559 19.697 0.114 6.80 372.0
2458689.70130 19.467 0.063 5.66 264.0
2458690.49257 19.539 0.083 5.59 375.0
2458690.58703 19.667 0.081 5.54 318.0
2458691.51946 19.603 0.057 4.74 273.0
2458691.78181 19.570 0.073 5.20 363.0
2458692.52445 19.348 0.070 6.04 371.0
2458692.77291 19.677 0.116 6.67 418.0
2458693.52369 19.618 0.099 7.12 296.0
2458694.49672 19.741 0.081 4.93 331.0
2458694.65374 19.618 0.053 3.79 257.0
2458695.49512 19.650 0.076 5.39 330.0
2458695.73087 19.577 0.055 4.23 292.0
2458697.76179 19.528 0.083 6.67 287.0
2458698.52868 19.470 0.070 5.97 289.0
2458699.67647 19.600 0.056 4.04 274.0
2458700.58644 19.513 0.057 4.37 298.0
2458701.65998 19.525 0.067 4.98 323.0
2458702.61556 19.571 0.064 4.86 296.0
2458702.74903 19.768 0.082 5.09 326.0
2458710.49810 19.489 0.085 5.04 596.0
2458711.68899 19.197 0.140 8.03 892.0
2458712.66057 19.371 0.104 7.48 452.0
2458713.69068 19.522 0.089 5.69 447.0
2458715.65935 19.566 0.068 5.15 318.0
2458716.68590 19.545 0.069 4.87 347.0
2458717.70364 19.750 0.123 7.05 341.0
2458718.71393 19.355 0.070 5.42 430.0
2458719.64559 19.681 0.082 5.61 320.0
2458722.50109 19.565 0.063 4.86 321.0
2458723.67744 19.569 0.081 5.64 365.0
2458724.67915 19.460 0.071 5.77 343.0
2458725.68051 19.655 0.079 5.70 287.0
2458726.67054 19.814 0.080 4.91 276.0
2458727.65738 19.674 0.129 7.43 375.0
2458728.67049 19.524 0.071 4.94 338.0
2458729.67543 19.388 0.077 6.63 333.0
2458730.65764 19.515 0.077 6.03 304.0
2458736.61682 19.697 0.120 5.67 587.0
2458738.63199 19.745 0.157 6.49 687.0
2458739.63240 19.589 0.119 6.21 599.0
2458741.63838 19.507 0.112 6.46 556.0
2458742.63249 19.205 0.081 6.21 550.0
2458747.55301 19.664 0.108 7.30 306.0
2458750.59455 19.804 0.106 5.70 361.0
2458755.59475 19.697 0.086 4.84 369.0
2458886.86719 19.619 0.114 7.11 398.0
2458886.88112 19.275 0.076 6.18 513.0
2458887.87946 19.623 0.117 5.69 737.0
2458888.86439 19.677 0.158 6.57 839.0
2458889.86112 19.477 0.094 5.23 718.0
2458889.87508 19.543 0.111 5.86 714.0
2458890.85949 19.395 0.080 5.33 610.0
2458890.87823 19.623 0.107 5.59 644.0
2458891.87267 19.504 0.113 5.83 941.0
2458892.85174 19.201 0.076 5.60 715.0
2458893.85075 19.702 0.115 5.89 576.0
2458893.88039 19.339 0.068 5.21 547.0
2458899.85149 19.570 0.078 5.68 356.0
2458899.89518 19.499 0.122 5.58 998.0
2458900.86924 19.553 0.067 5.61 306.0
2458901.83895 19.571 0.081 6.07 327.0
2458901.86442 19.429 0.062 5.58 301.0
2458902.83451 19.401 0.069 5.92 327.0
2458902.87254 19.532 0.065 5.22 300.0
2458903.83585 19.550 0.098 6.73 394.0
2458903.86931 19.778 0.093 5.59 347.0
2458904.83719 19.597 0.073 6.00 281.0
2458904.86257 19.524 0.066 5.85 276.0
2458905.83139 19.570 0.064 5.24 311.0
2458905.86680 19.587 0.068 5.36 291.0
2458906.84883 19.600 0.076 5.69 327.0
2458906.89082 19.854 0.102 5.44 357.0
2458907.85527 19.651 0.077 5.45 365.0
2458907.89011 19.597 0.066 5.04 354.0
2458908.85767 19.383 0.077 6.49 342.0
2458908.89244 19.535 0.073 5.50 360.0
2458911.89198 19.580 0.098 6.99 355.0
2458914.84233 19.394 0.065 5.64 337.0
2458916.88238 19.535 0.079 5.74 372.0
2458918.90428 19.621 0.087 4.94 540.0
2458920.90297 19.712 0.104 6.19 484.0
2459795.59901 19.586 0.077 5.78 285.0
2459796.53817 19.517 0.080 6.39 321.0
2459797.58218 19.451 0.094 6.73 409.0
2459805.51269 19.402 0.081 6.29 355.0
2459806.56874 19.725 0.133 6.93 457.0
2459807.62987 19.466 0.069 5.74 332.0
2459808.69682 19.735 0.126 7.17 351.0
2459810.57070 19.471 0.057 5.39 273.0
2459812.51865 19.607 0.084 6.52 260.0
2459814.53055 19.381 0.068 6.20 311.0
2459815.70261 19.856 0.099 5.40 341.0
2459817.60384 19.706 0.088 6.16 322.0
2459819.59593 19.451 0.062 5.77 340.0
2459821.66292 19.502 0.077 6.28 340.0
2459824.51865 19.549 0.128 7.89 448.0
2459830.64867 19.516 0.165 8.18 806.0
2459832.57761 19.286 0.122 8.47 646.0
2459835.60244 19.670 0.133 7.12 489.0
2459838.61956 19.477 0.082 6.45 402.0
2459841.58586 19.352 0.082 7.03 427.0
2459844.62156 19.642 0.119 7.42 434.0
2459848.57055 19.625 0.116 7.01 454.0
2459852.53257 19.533 0.120 8.24 410.0
2459857.55774 19.364 0.136 8.07 724.0
2459861.54904 19.514 0.117 5.97 776.0
2459866.53876 19.797 0.129 6.05 604.0
2459875.51878 19.657 0.140 8.13 536.0
2459988.86531 19.514 0.092 6.03 531.0
2459997.84493 19.571 0.093 5.81 443.0
2460001.84102 19.607 0.086 6.11 426.0
2460005.82204 19.562 0.110 7.44 443.0
2460009.79815 19.551 0.144 7.13 689.0
2460013.81074 19.439 0.069 4.70 509.0
2460020.89093 19.575 0.060 4.40 331.0
2460023.81545 19.534 0.068 5.78 269.0
2460026.82133 19.556 0.092 7.02 339.0
2460028.89441 19.458 0.067 5.96 321.0
2460031.77649 19.299 0.056 5.69 292.0
2460033.84338 19.539 0.073 6.01 328.0
2460036.78037 19.580 0.087 5.87 396.0
2460038.88885 19.802 0.065 4.37 308.0
2460040.91359 19.526 0.077 4.97 574.0
2460043.79140 19.633 0.101 5.70 648.0
2460049.74584 19.571 0.069 5.85 292.0
2460052.76098 19.549 0.077 6.04 337.0
2460054.89649 19.568 0.061 4.95 323.0
2460058.70646 19.472 0.073 5.91 366.0
2460060.68984 19.501 0.065 5.07 375.0
2460062.69848 19.445 0.062 5.37 350.0
2460065.84233 19.637 0.077 5.57 319.0
2460067.91139 19.676 0.074 4.99 374.0
2460069.84338 19.644 0.113 5.09 835.0
2460075.89380 19.665 0.096 5.09 582.0
2460085.63958 19.603 0.107 6.85 383.0
2460089.61723 19.468 0.076 5.12 459.0
2460091.62562 19.557 0.087 5.41 480.0
2460092.94010 19.413 0.116 6.73 680.0
2460095.88735 19.756 0.118 6.03 450.0
2460097.59759 19.474 0.090 4.65 723.0
2460104.66132 19.571 0.073 4.64 391.0
2460105.79415 19.406 0.067 5.60 373.0
2460107.77535 19.497 0.100 7.88 319.0
2460111.55717 19.448 0.076 4.99 449.0
2460112.65374 19.470 0.063 4.77 356.0
2460113.79593 19.617 0.089 5.82 398.0
2460118.72962 19.651 0.119 7.49 363.0
2460120.60634 19.403 0.072 6.00 333.0
2460122.53755 19.714 0.101 5.67 405.0
2460123.76624 19.565 0.077 4.70 504.0
2460125.55569 19.371 0.098 5.81 707.0
2460130.55341 19.665 0.151 6.25 940.0
2460131.81775 19.307 0.138 7.53 943.0
2460134.56619 19.442 0.086 6.70 373.0
2460139.75840 19.437 0.079 6.24 373.0
2460141.68973 19.648 0.075 5.62 302.0
2460143.70294 19.539 0.063 5.00 314.0
2460149.60573 19.591 0.078 5.58 336.0
2460157.69465 19.522 0.092 4.39 917.0
2460159.63218 19.629 0.085 4.98 475.0
2460161.59776 19.514 0.082 5.96 361.0
2460167.68821 19.453 0.087 7.52 296.0
2460169.74061 19.615 0.093 6.44 331.0
2460172.51159 19.461 0.074 5.98 333.0
2460175.57330 19.479 0.101 6.88 420.0
2460179.70133 19.568 0.096 6.46 433.0
2460186.49512 19.517 0.142 7.05 724.0
2460191.56327 19.504 0.115 7.59 451.0
2460202.49295 19.381 0.070 5.76 389.0
2460204.56433 19.541 0.093 6.49 397.0
2460212.60095 19.630 0.132 6.51 651.0
2460218.59789 19.780 0.183 7.59 729.0
2460225.57695 19.580 0.130 7.50 530.0
2460231.54294 19.537 0.108 6.39 548.0
2460247.51349 19.539 0.181 8.39 779.0
2460355.88193 19.388 0.075 5.71 502.0
2460365.86386 19.566 0.109 6.08 633.0
2460370.86797 19.666 0.084 4.91 484.0
2460377.88819 19.600 0.067 4.81 337.0
2460381.81872 19.647 0.082 4.96 407.0
2460384.80590 19.432 0.080 5.60 472.0
2460386.88835 19.535 0.070 5.40 319.0
2460389.90449 19.457 0.092 6.51 439.0
2460392.78953 19.716 0.098 5.38 498.0
2460394.89080 19.587 0.094 5.06 583.0
2460397.76563 19.462 0.108 6.05 641.0
2460403.84141 19.568 0.067 4.56 339.0
2460406.75453 19.442 0.086 6.22 392.0
2460409.79368 19.586 0.069 4.81 350.0
2460416.90874 19.510 0.074 5.75 363.0
2460420.72436 19.571 0.073 4.96 419.0
2460424.86596 19.577 0.103 5.17 691.0
2460432.79112 19.316 0.073 5.93 438.0
2460434.79436 19.562 0.078 5.41 413.0
2460436.84156 19.373 0.075 6.08 377.0
2460442.68493 19.442 0.090 7.19 365.0
2460448.82126 19.495 0.077 5.55 396.0
2460450.72376 19.487 0.076 5.86 396.0
2460458.86934 19.686 0.124 4.95 891.0
2460460.92022 19.493 0.108 5.67 870.0
2460463.70412 19.511 0.078 6.30 304.0
2460468.59414 19.539 0.078 5.78 359.0
2460473.74672 19.501 0.064 5.38 305.0
2460477.68891 19.504 0.083 5.47 506.0
2460479.71669 19.658 0.092 5.11 509.0
2460485.69881 19.382 0.071 4.73 588.0
2460487.71313 19.621 0.088 5.88 381.0
2460490.75795 19.591 0.081 5.69 364.0
2460492.59615 19.616 0.062 4.82 316.0
2460494.55740 19.611 0.076 5.28 361.0
2460497.48611 19.536 0.115 6.80 497.0
2460502.57871 19.468 0.081 6.55 328.0
2460504.59241 19.333 0.087 7.86 297.0
2460506.56636 19.523 0.063 4.98 354.0
2460513.67774 19.412 0.137 7.58 721.0
2460516.71772 19.552 0.089 6.13 384.0
2460518.73715 19.690 0.109 6.60 387.0
2460520.78071 19.471 0.079 5.85 416.0
2460530.54873 19.599 0.078 5.99 316.0
2460533.66790 19.484 0.069 6.33 269.0
2460542.58632 19.692 0.130 6.02 683.0
2460548.49769 19.378 0.076 5.91 364.0
2460555.50121 19.674 0.074 5.10 341.0
2460558.57916 19.600 0.077 5.65 374.0
2460561.51135 19.579 0.077 5.08 398.0
2460570.62503 19.786 0.184 6.79 864.0
2460574.60565 19.499 0.117 6.73 585.0
2460581.48438 19.666 0.138 6.85 627.0
2460585.54658 19.384 0.085 6.77 395.0
2460603.51345 19.503 0.101 6.63 494.0
2460612.51096 19.571 0.102 5.40 688.0
2460725.86757 19.074 0.066 6.24 507.0
2460734.87852 19.108 0.051 5.88 332.0
2460737.85520 19.094 0.053 5.56 407.0
2460740.84303 18.924 0.047 6.49 309.0
2460742.90965 19.064 0.062 5.50 594.0
2460745.82847 18.922 0.043 5.36 392.0
2460748.81783 18.850 0.040 4.88 403.0
2460750.81169 18.744 0.044 5.43 548.0
2460752.80595 18.715 0.046 5.74 562.0
2460759.79603 18.655 0.043 6.41 407.0
2460762.78737 18.647 0.039 6.27 349.0
2460764.77802 18.797 0.041 4.55 449.0
2460766.76760 18.685 0.039 5.06 437.0
2460768.77256 18.718 0.036 5.44 346.0
2460770.77119 18.797 0.033 4.53 336.0
2460772.76037 18.836 0.042 5.85 366.0
2460774.76858 18.756 0.042 5.90 399.0
2460777.75173 18.877 0.060 6.40 552.0
2460779.73272 18.851 0.062 6.18 686.0
2460780.90746 18.948 0.053 4.60 657.0
2460786.90466 19.048 0.063 6.14 454.0
2460788.77549 19.209 0.052 5.16 333.0
2460789.91768 19.190 0.050 4.78 359.0
2460791.78032 19.141 0.046 5.07 312.0
2460793.69180 19.193 0.049 5.22 317.0
2460794.81144 19.088 0.042 5.21 291.0
2460797.69712 19.272 0.071 6.43 374.0
2460798.82296 19.230 0.052 5.45 338.0
2460799.93010 19.263 0.088 5.82 631.0
2460801.70893 19.340 0.070 6.05 367.0
2460805.71597 19.348 0.082 6.20 503.0
2460806.82059 19.483 0.106 5.84 658.0
2460807.92167 19.453 0.091 4.64 822.0
2460814.78806 19.369 0.057 4.73 392.0
2460815.90517 19.422 0.069 4.73 447.0
2460817.72523 19.387 0.054 4.72 351.0
2460818.84343 19.511 0.063 4.89 359.0
2460820.71596 19.363 0.061 5.57 338.0
2460821.77778 19.459 0.064 5.44 311.0
2460823.70578 19.311 0.063 6.33 284.0
2460824.77495 19.341 0.059 4.77 357.0
2460825.80828 19.596 0.069 4.92 370.0
2460827.81706 19.530 0.061 4.87 338.0
2460829.74857 19.359 0.051 4.97 291.0
2460831.81066 19.603 0.085 6.06 340.0
2460833.60581 19.554 0.135 7.66 508.0
2460834.81658 19.810 0.101 4.89 523.0
2460835.79686 19.696 0.131 4.94 1073.0
2460842.72599 19.188 0.081 7.18 453.0
2460844.58619 19.339 0.085 6.50 473.0
2460845.75496 19.391 0.074 5.66 399.0
2460846.77314 19.570 0.092 6.16 392.0
2460847.77983 19.462 0.084 5.80 426.0
2460848.79996 19.434 0.094 6.83 402.0
2460853.52793 19.453 0.090 6.26 471.0
2460854.55980 19.509 0.070 5.47 320.0
2460855.56749 19.624 0.115 7.25 404.0
2460858.67991 19.500 0.059 5.26 262.0
2460859.74612 19.507 0.058 4.16 291.0
2460860.76728 19.436 0.063 5.66 289.0
2460862.57017 19.441 0.100 7.19 464.0
2460868.66204 19.466 0.104 5.87 672.0
2460869.76985 19.458 0.122 6.81 699.0
2460871.52614 19.476 0.081 7.13 280.0
2460873.53652 19.487 0.074 5.77 339.0
2460874.64540 19.532 0.058 4.78 301.0
2460875.74837 19.503 0.066 4.87 341.0
2460877.61137 19.498 0.063 5.17 313.0
2460879.66375 19.623 0.064 5.23 262.0
2460881.50455 19.553 0.093 6.58 354.0
2460885.49738 19.420 0.065 5.77 316.0
2460895.54789 19.745 0.148 6.13 716.0
2460896.69185 19.485 0.115 6.03 770.0
2460899.50659 19.534 0.064 5.18 297.0
2460900.65731 19.434 0.062 5.32 348.0
2460903.54292 19.421 0.097 6.91 440.0
2460908.51558 19.394 0.078 6.23 396.0
2460913.54735 19.684 0.097 6.21 349.0
2460915.53256 19.609 0.077 5.41 322.0
2460925.59433 19.221 0.101 7.36 627.0
2460926.59536 19.713 0.151 7.09 710.0
2460927.59122 19.541 0.096 6.12 546.0
2460928.59315 19.387 0.079 6.02 472.0
2460929.61870 19.487 0.077 5.22 469.0
2460930.59556 19.569 0.089 5.92 473.0
2460931.61618 19.429 0.086 6.84 352.0
2460932.63039 19.444 0.095 7.26 434.0
2460933.62237 19.408 0.094 6.40 578.0
2460934.62399 19.742 0.099 5.71 449.0
2460937.50326 19.476 0.091 6.48 407.0
2460942.57980 19.380 0.071 6.34 344.0
2460950.51373 19.484 0.128 7.44 623.0
2460954.52532 19.407 0.128 7.69 603.0
2460958.53704 19.798 0.139 6.57 490.0
2460967.51382 19.647 0.099 5.53 485.0
