2457790.88129 15.327 0.004 5.71 933.0
2457791.87637 15.323 0.004 5.88 594.0
2457792.87335 15.333 0.005 7.21 716.0
2457793.87004 15.325 0.004 5.76 619.0
2457794.87722 15.328 0.005 7.56 885.0
2457795.88296 15.333 0.004 6.24 901.0
2457796.87068 15.331 0.004 5.63 716.0
2457798.87710 15.330 0.004 5.02 590.0
2457800.86838 15.329 0.004 4.82 555.0
2457802.84829 15.333 0.005 6.93 625.0
2457803.88892 15.330 0.004 4.75 1215.0
2457807.87509 15.329 0.004 5.29 428.0
2457809.84026 15.328 0.004 6.05 526.0
2457810.83681 15.327 0.004 5.73 489.0
2457811.85596 15.331 0.004 4.94 467.0
2457812.88703 15.328 0.003 3.98 459.0
2457814.85646 15.338 0.004 5.63 435.0
2457815.88489 15.331 0.004 5.11 431.0
2457816.87481 15.327 0.004 4.96 416.0
2457817.87136 15.328 0.003 4.07 468.0
2457818.85759 15.320 0.003 4.55 462.0
2457819.83742 15.335 0.004 5.59 431.0
2457820.84615 15.331 0.004 5.16 496.0
2457821.84488 15.333 0.004 5.86 508.0
2457822.84065 15.328 0.004 5.37 614.0
2457823.82615 15.327 0.004 4.52 703.0
2457824.82066 15.326 0.005 8.18 736.0
2457825.81369 15.328 0.004 5.75 711.0
2457825.90286 15.328 0.004 4.52 655.0
2457826.86174 15.339 0.004 6.02 640.0
2457827.83716 15.340 0.004 4.73 560.0
2457828.80631 15.329 0.004 5.27 620.0
2457828.89564 15.332 0.004 4.93 519.0
2457830.80347 15.330 0.004 4.89 682.0
2457830.88258 15.327 0.004 4.63 739.0
2457834.86789 15.333 0.004 5.61 465.0
2457835.83515 15.340 0.005 7.15 420.0
2457836.78593 15.332 0.004 6.52 416.0
2457836.89927 15.328 0.004 6.56 395.0
2457837.83248 15.333 0.004 5.19 362.0
2457838.77096 15.346 0.004 7.11 448.0
2457838.88891 15.334 0.004 4.79 409.0
2457839.83674 15.333 0.003 3.90 338.0
2457840.76257 15.328 0.004 7.05 405.0
2457840.88050 15.331 0.004 5.25 372.0
2457841.82102 15.330 0.004 6.81 383.0
2457842.73769 15.333 0.004 7.59 414.0
2457842.84577 15.338 0.004 5.66 395.0
2457843.76966 15.326 0.004 5.74 371.0
2457843.88761 15.332 0.004 5.46 345.0
2457844.80620 15.337 0.004 5.61 365.0
2457844.91647 15.336 0.004 6.74 461.0
2457845.83044 15.334 0.004 4.85 361.0
2457846.76119 15.335 0.004 5.39 369.0
2457846.86869 15.332 0.003 4.63 365.0
2457847.77162 15.334 0.004 5.35 390.0
2457847.88784 15.334 0.004 5.61 378.0
2457848.78534 15.332 0.004 5.01 364.0
2457848.90533 15.334 0.004 4.88 350.0
2457849.79854 15.339 0.004 4.65 378.0
2457849.91904 15.324 0.003 3.76 552.0
2457850.81072 15.328 0.004 4.87 434.0
2457851.72487 15.335 0.004 6.59 636.0
2457851.82843 15.324 0.004 4.67 448.0
2457852.82454 15.332 0.004 6.27 472.0
2457853.89520 15.331 0.004 5.40 460.0
2457854.75142 15.334 0.004 5.52 652.0
2457854.87132 15.339 0.004 5.05 543.0
2457855.78159 15.337 0.004 4.60 637.0
2457855.90403 15.331 0.004 4.23 562.0
2457856.79202 15.340 0.004 5.96 604.0
2457856.91462 15.342 0.005 6.68 600.0
2457858.86076 15.331 0.004 5.54 591.0
2457862.75080 15.334 0.004 6.04 470.0
2457862.86200 15.326 0.004 5.79 471.0
2457863.81550 15.338 0.004 5.39 409.0
2457864.78933 15.334 0.003 3.74 360.0
2457864.92403 15.330 0.003 4.35 478.0
2457865.76780 15.338 0.003 4.39 391.0
2457865.90787 15.331 0.004 3.97 478.0
2457866.76456 15.334 0.003 4.42 390.0
2457866.89759 15.332 0.003 3.39 409.0
2457867.76821 15.330 0.003 3.88 359.0
2457867.89977 15.331 0.003 3.94 373.0
2457868.83819 15.333 0.004 6.50 446.0
2457869.71564 15.334 0.004 5.63 401.0
2457869.83369 15.325 0.003 3.97 374.0
2457870.72637 15.333 0.003 4.43 362.0
2457870.85632 15.331 0.003 4.06 372.0
2457871.74091 15.327 0.003 3.92 419.0
2457871.88132 15.334 0.003 3.83 400.0
2457872.74087 15.327 0.003 4.17 413.0
2457872.88749 15.324 0.003 3.70 411.0
2457873.72049 15.332 0.003 3.92 413.0
2457873.84140 15.331 0.003 4.09 402.0
2457874.68058 15.333 0.004 6.39 461.0
2457874.80801 15.339 0.004 5.89 419.0
2457874.92082 15.331 0.004 5.54 476.0
2457875.88809 15.328 0.003 4.54 491.0
2457876.69243 15.333 0.004 6.14 525.0
2457876.81517 15.327 0.003 3.67 413.0
2457877.65446 15.328 0.004 5.65 542.0
2457877.78236 15.330 0.003 3.62 413.0
2457877.92543 15.328 0.003 3.64 493.0
2457878.81321 15.328 0.003 3.56 417.0
2457878.93536 15.324 0.004 3.76 1082.0
2457879.75937 15.335 0.004 5.54 606.0
2457880.68082 15.335 0.005 7.08 546.0
2457880.79050 15.333 0.004 5.89 510.0
2457881.74715 15.334 0.005 7.20 611.0
2457881.87085 15.323 0.004 5.82 620.0
2457882.74537 15.334 0.004 5.56 548.0
2457882.87662 15.331 0.004 5.38 638.0
2457889.91963 15.338 0.005 6.27 1026.0
2457890.78007 15.329 0.004 5.48 606.0
2457893.63421 15.333 0.005 8.03 488.0
2457893.73786 15.329 0.004 5.51 440.0
2457893.86805 15.331 0.004 5.55 470.0
2457894.61918 15.330 0.004 7.68 533.0
2457894.73058 15.332 0.004 4.84 403.0
2457894.85021 15.335 0.003 3.89 422.0
2457895.60660 15.339 0.004 6.90 575.0
2457897.65516 15.334 0.004 5.99 413.0
2457897.82433 15.324 0.004 6.19 545.0
2457900.94053 15.337 0.005 7.02 587.0
2457901.70648 15.316 0.004 5.71 473.0
2457902.58482 15.322 0.005 7.93 503.0
2457902.69017 15.326 0.004 5.40 397.0
2457902.82139 15.333 0.004 6.66 472.0
2457903.75579 15.344 0.005 7.41 401.0
2457903.86767 15.337 0.004 4.90 459.0
2457904.61021 15.327 0.004 6.80 453.0
2457904.72463 15.328 0.003 4.08 347.0
2457904.84744 15.324 0.004 4.86 411.0
2457905.57521 15.337 0.004 7.43 513.0
2457905.69345 15.327 0.003 4.45 364.0
2457905.81409 15.333 0.003 3.56 419.0
2457905.93346 15.328 0.004 4.90 563.0
2457906.63209 15.328 0.003 4.45 435.0
2457906.76358 15.335 0.003 3.97 433.0
2457906.87406 15.335 0.004 4.03 515.0
2457907.64747 15.328 0.003 4.85 743.0
2457907.74281 15.327 0.003 3.73 546.0
2457908.58861 15.335 0.005 6.87 692.0
2457908.70546 15.331 0.004 4.46 494.0
2457908.82664 15.333 0.004 4.38 408.0
2457908.92815 15.334 0.004 5.59 663.0
2457909.62880 15.330 0.004 4.67 574.0
2457909.74937 15.332 0.003 3.88 506.0
2457909.85155 15.324 0.003 3.97 544.0
2457909.94255 15.330 0.004 4.99 817.0
2457910.64400 15.327 0.004 4.72 557.0
2457910.77674 15.325 0.004 4.08 542.0
2457910.89414 15.332 0.004 4.49 514.0
2457911.61105 15.329 0.005 7.50 725.0
2457911.71870 15.333 0.005 6.49 608.0
2457916.76682 15.324 0.004 3.45 1412.0
2457917.59214 15.329 0.004 6.60 635.0
2457917.70667 15.344 0.004 4.59 545.0
2457917.81867 15.339 0.004 5.44 659.0
2457917.92318 15.343 0.006 7.28 990.0
2457922.69015 15.326 0.004 4.56 409.0
2457923.57242 15.323 0.004 6.41 530.0
2457923.70878 15.341 0.004 6.17 441.0
2457923.81886 15.338 0.004 5.59 490.0
2457923.90134 15.337 0.004 6.40 586.0
2457924.60224 15.330 0.004 4.40 413.0
2457924.72823 15.335 0.003 4.45 441.0
2457924.83658 15.339 0.004 4.20 495.0
2457925.62603 15.334 0.003 5.61 413.0
2457925.76230 15.331 0.004 5.69 403.0
2457925.88308 15.337 0.004 5.36 531.0
2457926.65178 15.332 0.004 5.39 372.0
2457926.79709 15.336 0.004 5.21 443.0
2457928.64147 15.326 0.004 5.66 462.0
2457932.68149 15.334 0.004 6.00 425.0
2457932.80329 15.344 0.004 5.70 416.0
2457933.66171 15.336 0.004 7.19 372.0
2457933.79363 15.336 0.004 6.85 398.0
2457933.83920 15.335 0.004 6.87 434.0
2457933.85315 15.345 0.005 7.92 472.0
2457934.59540 15.328 0.004 5.72 427.0
2457934.71748 15.334 0.004 4.73 399.0
2457934.82610 15.333 0.004 6.42 397.0
2457935.56623 15.331 0.004 5.63 441.0
2457935.69792 15.333 0.004 4.69 400.0
2457935.80730 15.327 0.003 4.11 361.0
2457935.88627 15.328 0.003 4.31 418.0
2457936.55837 15.330 0.004 5.22 433.0
2457936.68540 15.327 0.004 5.19 363.0
2457936.81505 15.337 0.004 4.82 351.0
2457937.50010 15.330 0.004 6.28 611.0
2457937.61134 15.326 0.004 4.72 423.0
2457937.73320 15.333 0.004 5.16 398.0
2457938.52362 15.341 0.004 6.21 620.0
2457938.63970 15.334 0.005 7.51 531.0
2457944.49701 15.326 0.004 5.68 812.0
2457944.54761 15.327 0.004 4.64 778.0
2457944.58919 15.327 0.004 4.35 710.0
2457944.70020 15.334 0.004 4.68 643.0
2457944.75791 15.327 0.004 5.93 690.0
2457944.80066 15.334 0.004 5.29 782.0
2457944.84053 15.339 0.005 7.32 1147.0
2457945.53238 15.327 0.004 5.61 620.0
2457945.64241 15.331 0.003 3.72 491.0
2457945.75453 15.329 0.003 3.93 532.0
2457946.47469 15.333 0.004 7.03 488.0
2457946.58669 15.329 0.004 4.65 484.0
2457946.71558 15.329 0.004 5.07 466.0
2457946.82768 15.338 0.004 5.87 554.0
2457947.57007 15.328 0.004 5.63 424.0
2457947.73147 15.335 0.004 6.60 469.0
2457948.47216 15.344 0.005 7.66 509.0
2457948.59081 15.330 0.003 4.54 371.0
2457948.70545 15.327 0.003 4.27 516.0
2457948.83616 15.334 0.004 6.11 586.0
2457949.63673 15.332 0.004 5.61 483.0
2457949.75779 15.342 0.004 5.56 740.0
2457952.78313 15.341 0.004 6.61 390.0
2457953.54152 15.330 0.003 4.25 386.0
2457953.68346 15.334 0.004 5.11 333.0
2457953.80032 15.337 0.004 5.61 410.0
2457954.55873 15.333 0.004 4.44 406.0
2457954.70405 15.336 0.003 4.01 435.0
2457955.76423 15.340 0.004 4.41 397.0
2457956.54784 15.330 0.004 4.69 436.0
2457956.68748 15.336 0.004 4.19 382.0
2457956.80393 15.328 0.004 5.26 431.0
2457957.72713 15.327 0.004 5.82 404.0
2457958.62935 15.340 0.004 6.03 399.0
2457958.73564 15.334 0.004 5.75 397.0
2457959.49144 15.329 0.004 5.53 418.0
2457959.59937 15.334 0.004 4.78 372.0
2457959.71581 15.329 0.004 4.94 357.0
2457959.80968 15.333 0.004 5.77 426.0
2457960.59989 15.327 0.003 4.82 394.0
2457960.72151 15.331 0.003 5.26 374.0
2457961.54772 15.330 0.003 4.85 485.0
2457961.64895 15.333 0.004 4.86 412.0
2457962.48791 15.327 0.003 4.37 404.0
2457962.66234 15.328 0.003 4.41 497.0
2457964.55057 15.330 0.004 5.09 481.0
2457964.66002 15.326 0.004 4.41 418.0
2457965.64236 15.334 0.004 4.40 458.0
2457966.49827 15.337 0.005 7.20 521.0
2457966.60134 15.334 0.004 5.58 406.0
2457966.71301 15.331 0.004 6.24 410.0
2457967.63340 15.331 0.004 5.85 478.0
2457967.72325 15.338 0.004 6.10 512.0
2457971.48798 15.326 0.004 6.23 825.0
2457971.54077 15.345 0.004 5.55 799.0
2457971.58372 15.339 0.004 5.09 698.0
2457971.62890 15.340 0.004 4.58 753.0
2457971.66758 15.337 0.004 5.43 762.0
2457971.71991 15.324 0.004 4.55 829.0
2457972.50260 15.338 0.005 7.88 773.0
2457972.59184 15.326 0.004 6.00 680.0
2457972.64583 15.323 0.004 5.32 705.0
2457972.69858 15.326 0.004 5.05 755.0
2457972.74461 15.325 0.005 6.03 928.0
2457973.61950 15.335 0.004 5.10 646.0
2457974.47666 15.329 0.004 6.62 575.0
2457974.59780 15.333 0.005 5.53 518.0
2457974.71344 15.328 0.004 4.83 624.0
2457975.65970 15.329 0.005 6.95 474.0
2457979.59573 15.330 0.004 4.18 436.0
2457980.51900 15.344 0.004 5.86 497.0
2457980.64460 15.331 0.004 5.79 511.0
2457981.58543 15.337 0.004 5.19 482.0
2457982.47703 15.332 0.004 5.98 599.0
2457982.60729 15.333 0.004 5.06 446.0
2457983.53251 15.335 0.004 6.39 430.0
2457983.64238 15.332 0.004 4.47 396.0
2457984.55987 15.336 0.004 5.63 420.0
2457984.67023 15.329 0.004 4.93 402.0
2457985.60611 15.329 0.004 6.01 427.0
2457986.58330 15.324 0.003 3.78 365.0
2457987.49422 15.337 0.003 3.95 427.0
2457987.63251 15.332 0.003 4.10 425.0
2457990.56236 15.331 0.004 5.02 440.0
2457991.48022 15.329 0.004 5.19 533.0
2457991.61412 15.333 0.004 5.90 416.0
2457992.53020 15.328 0.004 4.49 430.0
2457992.64704 15.330 0.004 4.86 434.0
2457994.51072 15.335 0.004 5.23 482.0
2457994.62284 15.332 0.004 5.35 471.0
2457998.50938 15.332 0.005 4.69 1869.0
2457998.54937 15.334 0.004 4.52 610.0
2457998.60044 15.335 0.005 4.73 1668.0
2458000.47977 15.338 0.004 5.52 702.0
2458000.52170 15.342 0.005 6.58 590.0
2458000.57533 15.332 0.005 7.62 656.0
2458000.62175 15.331 0.004 6.01 712.0
2458001.54553 15.329 0.004 4.32 563.0
2458002.51588 15.327 0.005 6.49 1401.0
2458003.53625 15.338 0.005 7.10 593.0
2458004.54777 15.337 0.004 5.90 517.0
2458005.59532 15.333 0.005 7.02 563.0
2458008.52044 15.330 0.004 5.73 450.0
2458010.55072 15.336 0.004 4.69 484.0
2458012.48530 15.331 0.004 4.39 571.0
2458013.48917 15.329 0.004 4.76 486.0
2458014.49874 15.335 0.004 5.50 455.0
2458015.49638 15.334 0.004 6.20 456.0
2458016.51416 15.337 0.004 6.31 503.0
2458017.53942 15.330 0.004 4.55 450.0
2458018.56488 15.329 0.004 4.96 438.0
2458020.51406 15.341 0.004 5.11 456.0
2458021.55823 15.340 0.004 5.17 488.0
2458026.50157 15.338 0.004 4.30 1202.0
2458026.55430 15.332 0.004 4.33 971.0
2458029.56302 15.339 0.004 4.51 726.0
2458032.53452 15.338 0.004 6.10 687.0
2458035.54921 15.333 0.004 5.54 544.0
2458039.51778 15.334 0.004 6.30 542.0
2458040.56409 15.345 0.005 6.59 633.0
2458048.50238 15.329 0.004 4.65 508.0
2458153.88335 15.335 0.004 5.10 1264.0
2458155.88099 15.332 0.004 6.15 958.0
2458161.89112 15.327 0.005 5.13 2069.0
2458163.85722 15.330 0.004 6.49 696.0
2458164.87662 15.330 0.004 5.91 500.0
2458165.86407 15.324 0.004 5.39 501.0
2458166.85686 15.328 0.004 6.52 514.0
2458166.89587 15.336 0.004 5.27 735.0
2458167.88113 15.327 0.004 5.66 462.0
2458168.85228 15.325 0.004 5.36 460.0
2458169.83682 15.338 0.004 6.21 505.0
2458169.87572 15.336 0.004 5.69 490.0
2458170.85884 15.334 0.003 5.02 457.0
2458170.89777 15.328 0.004 4.29 1177.0
2458171.86787 15.333 0.004 5.13 470.0
2458172.82979 15.338 0.004 5.86 509.0
2458172.87827 15.330 0.004 4.45 507.0
2458173.83959 15.332 0.004 5.60 572.0
2458173.88970 15.333 0.003 4.18 505.0
2458174.85051 15.326 0.004 5.36 590.0
2458174.89874 15.328 0.003 3.78 754.0
2458175.84894 15.333 0.004 5.01 465.0
2458175.89766 15.332 0.004 4.19 697.0
2458176.84220 15.332 0.004 5.37 501.0
2458176.89113 15.334 0.004 4.64 484.0
2458181.83475 15.339 0.004 5.07 708.0
2458181.88627 15.333 0.004 4.71 609.0
2458182.88115 15.333 0.004 4.50 578.0
2458183.88624 15.328 0.004 5.13 530.0
2458184.85878 15.325 0.004 5.13 637.0
2458185.82691 15.331 0.004 5.64 743.0
2458185.86703 15.333 0.005 7.42 690.0
2458189.78624 15.331 0.004 5.49 478.0
2458189.89960 15.320 0.003 4.33 454.0
2458190.88264 15.330 0.003 4.04 378.0
2458191.86941 15.332 0.004 5.13 421.0
2458192.85892 15.329 0.004 5.04 424.0
2458193.83580 15.331 0.004 7.13 402.0
2458194.79785 15.331 0.004 5.91 405.0
2458195.77262 15.335 0.004 7.52 469.0
2458195.89137 15.329 0.003 4.02 379.0
2458196.84923 15.323 0.004 5.13 393.0
2458197.80245 15.331 0.004 5.62 420.0
2458198.76010 15.326 0.004 6.01 433.0
2458198.87460 15.336 0.004 4.78 471.0
2458199.81121 15.330 0.003 4.81 383.0
2458200.80064 15.333 0.004 5.46 444.0
2458200.91797 15.322 0.004 4.34 1578.0
2458201.84240 15.331 0.004 5.42 404.0
2458202.77913 15.333 0.004 5.17 472.0
2458202.89537 15.336 0.003 4.40 429.0
2458203.82781 15.329 0.003 4.37 398.0
2458204.75990 15.330 0.004 7.51 589.0
2458204.87570 15.338 0.004 6.03 396.0
2458205.80539 15.326 0.004 6.61 484.0
2458206.74112 15.330 0.004 6.49 684.0
2458206.84738 15.330 0.003 4.05 464.0
2458207.76745 15.333 0.004 5.41 636.0
2458207.87459 15.334 0.003 4.29 469.0
2458208.79409 15.334 0.004 4.19 701.0
2458208.91273 15.329 0.004 4.08 595.0
2458209.82230 15.326 0.003 4.36 585.0
2458210.72174 15.332 0.005 6.96 867.0
2458210.83522 15.331 0.004 5.36 593.0
2458211.74174 15.338 0.005 7.84 715.0
2458211.84872 15.334 0.003 4.24 572.0
2458212.74895 15.333 0.004 5.08 786.0
2458212.84141 15.334 0.003 4.07 633.0
2458217.78964 15.337 0.004 6.07 451.0
2458217.91116 15.338 0.004 5.15 435.0
2458220.80907 15.330 0.004 6.18 362.0
2458221.72845 15.333 0.004 6.15 378.0
2458221.83884 15.330 0.003 4.35 359.0
2458222.73364 15.335 0.004 5.50 405.0
2458222.87256 15.331 0.004 6.04 419.0
2458223.84704 15.331 0.004 5.28 394.0
2458224.72757 15.333 0.004 5.19 467.0
2458224.86341 15.334 0.003 4.78 435.0
2458225.89327 15.329 0.004 5.70 445.0
2458226.92063 15.332 0.004 4.93 420.0
2458227.81349 15.334 0.003 4.38 355.0
2458228.73399 15.336 0.004 6.07 433.0
2458228.86633 15.330 0.004 5.40 394.0
2458229.75349 15.333 0.003 4.55 365.0
2458229.87827 15.332 0.003 4.51 379.0
2458230.74829 15.337 0.004 5.97 397.0
2458230.88369 15.326 0.003 4.96 389.0
2458232.87235 15.327 0.003 4.35 406.0
2458233.82243 15.329 0.003 4.62 392.0
2458236.69882 15.331 0.004 4.78 656.0
2458238.69048 15.331 0.004 5.50 962.0
2458238.81471 15.335 0.004 4.50 694.0
2458244.67078 15.335 0.004 6.30 557.0
2458244.79062 15.333 0.004 5.12 520.0
2458245.83690 15.346 0.005 8.02 593.0
2458246.69394 15.346 0.005 7.43 503.0
2458246.80792 15.324 0.004 5.77 528.0
2458246.92883 15.334 0.004 6.40 690.0
2458247.72578 15.335 0.004 5.44 395.0
2458247.85668 15.331 0.004 4.73 526.0
2458248.72738 15.336 0.004 6.49 438.0
2458249.69337 15.333 0.004 7.41 442.0
2458249.80466 15.327 0.003 4.61 412.0
2458249.93321 15.333 0.004 4.72 693.0
2458250.74763 15.328 0.003 4.20 374.0
2458250.88021 15.323 0.003 3.83 424.0
2458251.67171 15.331 0.004 6.57 433.0
2458251.79930 15.330 0.004 6.29 427.0
2458251.91629 15.332 0.003 3.92 471.0
2458252.94175 15.325 0.004 4.91 955.0
2458253.72948 15.329 0.003 4.45 386.0
2458253.86968 15.329 0.003 4.87 430.0
2458254.74615 15.327 0.003 3.67 412.0
2458254.89706 15.323 0.003 3.26 452.0
2458255.68971 15.332 0.004 4.63 404.0
2458255.84400 15.327 0.003 4.19 454.0
2458256.62087 15.337 0.005 7.39 510.0
2458256.73040 15.330 0.004 6.56 412.0
2458256.86380 15.329 0.004 4.37 478.0
2458257.68170 15.332 0.004 5.68 423.0
2458257.79491 15.335 0.004 5.54 392.0
2458257.93182 15.336 0.003 4.20 511.0
2458258.77429 15.343 0.004 5.24 381.0
2458258.91535 15.330 0.003 3.52 454.0
2458259.74206 15.328 0.003 4.59 525.0
2458259.87074 15.332 0.003 3.54 504.0
2458260.66977 15.332 0.003 4.51 509.0
2458261.65705 15.326 0.004 4.67 466.0
2458261.78235 15.332 0.004 4.38 386.0
2458261.93552 15.326 0.004 4.38 593.0
2458262.64308 15.332 0.004 5.07 426.0
2458262.75838 15.325 0.003 4.46 398.0
2458262.89517 15.334 0.003 3.68 413.0
2458263.68342 15.330 0.003 4.03 481.0
2458263.81794 15.325 0.003 3.42 400.0
2458264.69980 15.327 0.003 3.87 555.0
2458264.82022 15.327 0.003 3.46 549.0
2458265.59233 15.326 0.004 6.16 856.0
2458265.71431 15.334 0.004 5.41 573.0
2458265.85931 15.324 0.003 4.16 584.0
2458266.71786 15.330 0.004 6.03 666.0
2458271.59729 15.333 0.004 6.60 746.0
2458271.70803 15.340 0.005 5.80 1054.0
2458271.84473 15.324 0.004 5.67 832.0
2458272.70600 15.330 0.004 5.02 498.0
2458272.82220 15.332 0.004 4.92 545.0
2458272.93576 15.327 0.004 5.33 644.0
2458273.67508 15.329 0.003 4.23 433.0
2458273.81164 15.337 0.004 4.82 453.0
2458273.90169 15.333 0.004 4.96 524.0
2458274.65241 15.337 0.004 7.42 415.0
2458274.78078 15.332 0.004 5.70 473.0
2458274.89632 15.328 0.004 5.92 689.0
2458275.65613 15.334 0.004 5.38 397.0
2458275.79110 15.332 0.003 3.96 444.0
2458275.90793 15.326 0.004 4.78 631.0
2458276.65191 15.328 0.004 5.15 399.0
2458276.77943 15.334 0.003 4.48 425.0
2458277.58179 15.334 0.004 4.98 482.0
2458277.71526 15.335 0.003 4.44 346.0
2458277.83234 15.333 0.003 4.24 439.0
2458277.93565 15.333 0.004 5.04 575.0
2458278.64596 15.335 0.003 5.27 431.0
2458282.55200 15.335 0.004 6.77 486.0
2458282.67488 15.333 0.003 4.42 335.0
2458282.81529 15.332 0.004 4.90 403.0
2458282.92489 15.330 0.004 4.99 503.0
2458283.62661 15.336 0.004 5.96 383.0
2458283.76276 15.335 0.004 5.19 398.0
2458283.87341 15.330 0.004 6.52 490.0
2458284.59787 15.332 0.004 5.35 393.0
2458284.72901 15.335 0.003 5.30 367.0
2458284.84322 15.333 0.003 3.92 368.0
2458285.74498 15.330 0.004 5.27 380.0
2458286.56464 15.332 0.004 6.51 384.0
2458286.68763 15.329 0.003 5.01 330.0
2458286.83927 15.331 0.003 4.60 378.0
2458287.55125 15.329 0.004 5.53 428.0
2458287.67821 15.330 0.003 4.73 319.0
2458287.81738 15.331 0.003 4.48 335.0
2458288.52838 15.337 0.004 6.66 476.0
2458288.64499 15.334 0.003 4.53 341.0
2458288.79073 15.331 0.003 3.98 353.0
2458289.52464 15.335 0.004 6.75 569.0
2458289.65066 15.324 0.003 4.52 374.0
2458289.79593 15.334 0.004 5.77 413.0
2458289.90385 15.332 0.004 5.25 546.0
2458290.63447 15.331 0.004 4.87 412.0
2458290.79263 15.335 0.004 4.93 451.0
2458291.55538 15.334 0.003 4.67 933.0
2458291.69734 15.337 0.003 4.89 481.0
2458291.82902 15.334 0.003 4.34 443.0
2458292.57131 15.331 0.004 5.60 507.0
2458292.69174 15.334 0.004 5.49 751.0
2458292.85235 15.328 0.004 5.22 479.0
2458293.57418 15.334 0.004 6.06 567.0
2458293.72148 15.335 0.004 5.42 539.0
2458294.60366 15.332 0.005 6.58 780.0
2458294.73360 15.345 0.005 7.90 725.0
2458299.51259 15.332 0.005 6.40 938.0
2458299.68680 15.333 0.004 4.82 1629.0
2458301.68866 15.320 0.004 6.76 796.0
2458301.82396 15.335 0.004 6.57 727.0
2458303.62026 15.331 0.004 7.61 433.0
2458304.59720 15.342 0.005 7.82 468.0
2458304.71747 15.340 0.005 7.46 551.0
2458305.59716 15.333 0.005 8.01 399.0
2458305.74271 15.331 0.004 5.75 414.0
2458306.63861 15.340 0.004 6.91 425.0
2458306.74967 15.345 0.005 7.52 449.0
2458306.84171 15.343 0.004 6.65 538.0
2458307.57460 15.336 0.004 5.14 458.0
2458307.69998 15.332 0.003 4.26 365.0
2458307.81874 15.334 0.004 5.65 452.0
2458308.53367 15.332 0.004 5.73 374.0
2458308.65331 15.333 0.003 4.19 328.0
2458308.77442 15.338 0.004 4.28 457.0
2458309.50507 15.344 0.004 6.52 420.0
2458309.62966 15.327 0.003 4.76 357.0
2458309.75256 15.326 0.003 3.82 416.0
2458310.47189 15.328 0.004 6.13 544.0
2458310.56912 15.330 0.003 5.56 432.0
2458310.65818 15.327 0.003 4.81 432.0
2458310.74613 15.337 0.004 5.66 417.0
2458311.48638 15.335 0.004 7.08 465.0
2458311.59876 15.334 0.003 5.13 342.0
2458311.73052 15.331 0.003 4.36 379.0
2458311.83530 15.336 0.004 4.93 540.0
2458312.56606 15.340 0.004 5.18 393.0
2458312.70950 15.330 0.003 4.07 367.0
2458312.83108 15.338 0.003 4.74 415.0
2458313.56815 15.331 0.003 4.39 344.0
2458313.68953 15.332 0.003 3.81 385.0
2458313.79887 15.330 0.003 4.01 476.0
2458314.53419 15.338 0.004 5.13 414.0
2458314.65573 15.336 0.003 4.61 406.0
2458314.77426 15.332 0.003 4.34 376.0
2458316.53306 15.329 0.004 5.32 453.0
2458316.64926 15.334 0.004 6.37 410.0
2458320.47051 15.325 0.005 7.39 682.0
2458320.59223 15.335 0.004 6.91 449.0
2458320.71520 15.324 0.004 4.92 403.0
2458321.50716 15.330 0.004 5.51 644.0
2458328.47155 15.333 0.005 6.47 735.0
2458328.58316 15.324 0.004 5.21 615.0
2458328.69739 15.336 0.005 7.08 692.0
2458329.48652 15.333 0.004 5.11 492.0
2458329.60589 15.328 0.004 5.70 560.0
2458329.71599 15.333 0.003 3.76 588.0
2458330.52659 15.331 0.003 5.04 469.0
2458331.50275 15.333 0.004 4.88 408.0
2458331.63489 15.337 0.004 5.97 437.0
2458332.50392 15.336 0.004 6.08 460.0
2458332.63697 15.330 0.004 5.54 487.0
2458333.49370 15.331 0.004 5.16 501.0
2458333.62733 15.328 0.003 4.58 375.0
2458334.52752 15.330 0.003 4.62 457.0
2458334.66003 15.330 0.003 4.64 431.0
2458335.66730 15.330 0.004 5.09 410.0
2458336.55366 15.335 0.003 4.21 350.0
2458336.68128 15.331 0.003 3.75 333.0
2458338.55699 15.332 0.004 6.14 419.0
2458338.74321 15.332 0.004 5.96 447.0
2458339.58810 15.326 0.003 4.19 336.0
2458340.49083 15.340 0.004 5.26 440.0
2458340.67209 15.332 0.003 4.59 378.0
2458341.57098 15.329 0.003 4.37 369.0
2458342.47538 15.326 0.004 5.54 539.0
2458342.62235 15.336 0.004 5.15 420.0
2458344.49128 15.333 0.004 5.15 457.0
2458344.62207 15.330 0.004 4.74 415.0
2458345.52353 15.349 0.004 5.68 479.0
2458345.69084 15.332 0.003 3.77 353.0
2458346.56230 15.330 0.003 4.52 361.0
2458347.47696 15.338 0.004 5.76 479.0
2458347.60403 15.328 0.003 4.28 346.0
2458348.53312 15.351 0.004 5.96 474.0
2458349.50191 15.340 0.005 7.15 499.0
2458349.63534 15.351 0.004 6.28 448.0
2458353.58106 15.325 0.005 6.55 941.0
2458355.51057 15.358 0.004 5.64 578.0
2458355.67633 15.328 0.004 5.34 660.0
2458356.64406 15.336 0.003 3.68 590.0
2458357.54142 15.336 0.004 5.14 556.0
2458358.51917 15.330 0.004 5.49 580.0
2458358.68321 15.329 0.004 6.01 601.0
2458359.57805 15.330 0.004 5.01 499.0
2458360.53200 15.330 0.004 6.63 458.0
2458360.64655 15.333 0.004 5.62 585.0
2458363.51405 15.326 0.004 5.82 444.0
2458363.68675 15.332 0.004 6.58 399.0
2458364.60208 15.323 0.003 4.60 411.0
2458366.53374 15.329 0.004 5.95 414.0
2458367.54004 15.334 0.003 4.34 401.0
2458368.50927 15.334 0.003 4.20 401.0
2458368.67427 15.330 0.003 3.83 436.0
2458369.62792 15.334 0.003 4.03 411.0
2458370.62231 15.331 0.003 4.15 421.0
2458371.57323 15.335 0.003 4.10 386.0
2458372.53472 15.334 0.004 4.82 427.0
2458373.52337 15.340 0.004 5.30 417.0
2458375.55357 15.335 0.004 6.14 461.0
2458376.48507 15.335 0.005 8.37 506.0
2458376.61540 15.344 0.005 7.29 492.0
2458377.54511 15.330 0.004 6.25 748.0
2458381.48892 15.334 0.005 6.45 1634.0
2458381.49333 15.334 0.005 6.08 1885.0
2458382.50209 15.325 0.003 3.62 571.0
2458382.61287 15.332 0.003 3.61 719.0
2458383.53264 15.327 0.004 4.40 622.0
2458383.62510 15.337 0.004 5.83 792.0
2458384.58021 15.345 0.004 4.40 674.0
2458385.48608 15.329 0.003 3.74 617.0
2458385.60338 15.329 0.003 3.55 616.0
2458387.48514 15.328 0.004 5.10 681.0
2458392.49010 15.330 0.005 7.71 490.0
2458392.61272 15.335 0.004 6.12 447.0
2458393.56670 15.342 0.004 6.83 457.0
2458394.52165 15.344 0.004 5.90 467.0
2458397.57020 15.348 0.004 6.10 406.0
2458399.52293 15.338 0.004 6.16 454.0
2458401.58541 15.328 0.004 4.96 510.0
2458409.54340 15.329 0.004 7.25 733.0
2458411.53750 15.332 0.005 6.72 739.0
2458413.53346 15.338 0.004 5.38 792.0
2458414.55746 15.335 0.005 5.98 835.0
2458418.50255 15.347 0.004 6.16 640.0
2458419.52984 15.330 0.004 5.52 589.0
2458424.52831 15.342 0.004 5.37 646.0
2458521.88342 15.337 0.004 5.62 824.0
2458522.87796 15.330 0.003 5.68 575.0
2458523.88143 15.324 0.003 5.27 520.0
2458526.87275 15.319 0.004 7.98 468.0
2458529.85998 15.335 0.004 5.38 490.0
2458531.88957 15.328 0.004 5.55 845.0
2458534.84889 15.326 0.004 4.88 749.0
2458535.87613 15.330 0.004 5.78 617.0
2458536.85318 15.323 0.003 4.73 638.0
2458537.85036 15.336 0.004 5.88 539.0
2458538.86411 15.340 0.003 5.37 511.0
2458539.86235 15.333 0.004 5.29 557.0
2458539.90263 15.322 0.004 5.19 1525.0
2458540.88511 15.333 0.004 4.58 981.0
2458544.84922 15.333 0.003 4.91 392.0
2458544.88552 15.341 0.003 5.06 383.0
2458546.85337 15.327 0.003 4.71 403.0
2458546.90278 15.332 0.004 5.21 604.0
2458547.85790 15.328 0.004 5.94 407.0
2458548.81830 15.328 0.003 4.29 510.0
2458548.86671 15.331 0.003 4.42 441.0
2458549.81378 15.332 0.004 6.52 447.0
2458549.85418 15.332 0.004 5.63 415.0
2458550.82749 15.332 0.003 4.48 387.0
2458550.86669 15.326 0.003 4.98 407.0
2458551.83776 15.329 0.004 7.06 411.0
2458551.87712 15.327 0.004 6.08 398.0
2458552.85891 15.341 0.004 7.11 413.0
2458552.89832 15.338 0.004 6.99 409.0
2458553.82944 15.333 0.004 7.03 433.0
2458553.87580 15.334 0.004 7.25 434.0
2458554.81069 15.334 0.004 5.78 435.0
2458554.85279 15.329 0.003 5.02 429.0
2458554.90243 15.332 0.004 5.71 445.0
2458555.81377 15.339 0.003 5.16 428.0
2458555.87099 15.330 0.003 4.10 400.0
2458556.78663 15.345 0.003 5.16 409.0
2458556.83497 15.329 0.003 5.17 401.0
2458556.87506 15.339 0.003 5.15 399.0
2458557.79661 15.336 0.004 6.48 427.0
2458557.84245 15.332 0.004 5.17 405.0
2458557.89457 15.333 0.003 5.11 401.0
2458558.79578 15.334 0.004 5.47 447.0
2458558.84489 15.322 0.003 4.67 416.0
2458558.88457 15.330 0.003 5.50 383.0
2458559.78920 15.333 0.004 5.98 446.0
2458559.82907 15.332 0.003 4.61 394.0
2458559.87924 15.330 0.003 3.79 378.0
2458560.78214 15.332 0.003 4.75 583.0
2458560.83871 15.337 0.003 4.18 406.0
2458560.87808 15.335 0.003 4.65 414.0
2458561.79276 15.334 0.004 5.63 606.0
2458561.83243 15.324 0.003 4.93 543.0
2458561.88412 15.342 0.004 5.73 433.0
2458562.77931 15.340 0.004 6.28 690.0
2458562.83080 15.335 0.004 6.76 685.0
2458562.87706 15.342 0.004 6.04 607.0
2458563.77141 15.331 0.004 5.50 825.0
2458563.80879 15.334 0.004 6.07 711.0
2458563.86677 15.331 0.003 4.12 625.0
2458563.90631 15.335 0.003 3.98 636.0
2458564.81417 15.332 0.003 4.60 588.0
2458564.85600 15.325 0.003 3.92 562.0
2458564.90613 15.335 0.003 4.61 595.0
2458565.80643 15.332 0.004 4.97 640.0
2458565.86316 15.332 0.004 5.21 586.0
2458565.90753 15.334 0.003 4.20 612.0
2458566.82326 15.338 0.003 5.02 599.0
2458566.86455 15.337 0.003 4.49 548.0
2458567.76679 15.331 0.004 5.01 821.0
2458567.79611 15.329 0.004 4.56 1000.0
2458567.83689 15.326 0.003 4.44 601.0
2458567.87675 15.334 0.004 5.04 585.0
2458573.85948 15.340 0.004 7.58 445.0
2458573.89912 15.345 0.004 5.77 428.0
2458574.74095 15.348 0.004 7.60 419.0
2458574.85012 15.339 0.004 6.50 388.0
2458574.90002 15.336 0.004 5.69 373.0
2458575.74386 15.346 0.004 6.55 417.0
2458575.79336 15.342 0.004 6.19 392.0
2458575.83212 15.334 0.004 6.06 387.0
2458575.88072 15.339 0.004 5.78 400.0
2458575.92178 15.341 0.004 4.59 756.0
2458576.80663 15.335 0.004 7.30 412.0
2458576.84545 15.339 0.004 6.20 391.0
2458576.89424 15.338 0.004 7.27 376.0
2458577.72059 15.353 0.005 8.20 500.0
2458577.81220 15.343 0.004 7.56 474.0
2458577.88069 15.341 0.004 6.84 488.0
2458578.71774 15.342 0.004 6.53 458.0
2458578.75205 15.342 0.004 5.61 443.0
2458578.80106 15.330 0.003 5.38 441.0
2458578.85141 15.328 0.003 5.52 452.0
2458578.91056 15.329 0.004 5.61 432.0
2458579.72932 15.338 0.004 6.83 510.0
2458579.77901 15.336 0.004 5.66 505.0
2458579.81478 15.332 0.004 5.92 500.0
2458579.87688 15.335 0.004 5.81 510.0
2458579.91884 15.339 0.004 4.63 618.0
2458580.75071 15.336 0.004 6.07 434.0
2458580.79594 15.335 0.003 5.54 428.0
2458580.84469 15.338 0.004 5.70 431.0
2458580.89480 15.339 0.003 4.94 439.0
2458581.72901 15.341 0.003 5.79 440.0
2458581.82304 15.337 0.003 4.69 393.0
2458582.70846 15.339 0.004 6.55 413.0
2458582.77288 15.342 0.004 6.30 410.0
2458582.89619 15.334 0.003 4.36 438.0
2458583.73124 15.332 0.004 6.36 435.0
2458583.83633 15.331 0.003 4.88 423.0
2458584.72332 15.330 0.003 5.18 438.0
2458584.79726 15.338 0.003 4.52 377.0
2458585.70325 15.338 0.004 6.54 456.0
2458585.76844 15.335 0.003 5.95 414.0
2458585.89372 15.327 0.003 4.08 415.0
2458586.72053 15.333 0.004 6.37 411.0
2458586.81150 15.338 0.003 4.90 367.0
2458587.69582 15.343 0.004 6.91 546.0
2458587.74559 15.331 0.004 6.21 426.0
2458587.88115 15.334 0.003 4.25 432.0
2458588.71849 15.340 0.004 6.44 501.0
2458588.81634 15.339 0.003 4.25 364.0
2458589.69358 15.339 0.004 5.76 710.0
2458589.76134 15.340 0.003 4.43 553.0
2458589.89211 15.333 0.003 4.74 416.0
2458590.71684 15.325 0.003 5.38 644.0
2458590.80802 15.336 0.003 4.04 531.0
2458591.69461 15.337 0.004 5.93 767.0
2458591.75711 15.330 0.004 5.23 642.0
2458591.88877 15.332 0.003 3.70 696.0
2458592.80841 15.332 0.004 5.33 694.0
2458593.68130 15.340 0.005 7.19 1072.0
2458593.77915 15.331 0.004 5.82 1439.0
2458593.92978 15.332 0.004 4.70 1426.0
2458594.71668 15.325 0.004 5.46 777.0
2458594.83248 15.342 0.003 3.96 647.0
2458595.69715 15.344 0.006 6.67 1600.0
2458595.74356 15.345 0.005 7.32 809.0
2458595.91537 15.328 0.004 5.14 775.0
2458599.71906 15.336 0.004 6.25 527.0
2458599.77504 15.335 0.004 6.25 472.0
2458599.83050 15.323 0.003 4.93 448.0
2458599.90929 15.330 0.003 4.39 457.0
2458600.67644 15.335 0.004 5.94 435.0
2458600.77460 15.332 0.003 5.27 419.0
2458600.92151 15.327 0.003 4.01 501.0
2458601.71308 15.338 0.003 5.30 433.0
2458601.90747 15.321 0.003 3.44 503.0
2458602.70477 15.333 0.003 4.54 362.0
2458602.87258 15.334 0.003 3.76 421.0
2458603.67597 15.334 0.004 6.19 426.0
2458603.79886 15.335 0.003 4.40 465.0
2458604.69134 15.335 0.004 6.10 432.0
2458604.79529 15.335 0.004 5.31 388.0
2458605.65668 15.325 0.004 6.54 439.0
2458605.73439 15.328 0.003 5.12 404.0
2458605.90352 15.334 0.003 4.37 438.0
2458606.69768 15.323 0.003 4.40 395.0
2458606.84601 15.331 0.003 3.26 396.0
2458607.67307 15.337 0.003 5.21 439.0
2458607.90225 15.334 0.003 4.66 473.0
2458608.68002 15.335 0.004 5.53 551.0
2458608.88226 15.329 0.003 3.74 454.0
2458612.74505 15.335 0.004 6.22 381.0
2458612.85444 15.344 0.004 6.22 441.0
2458613.64681 15.326 0.004 6.82 480.0
2458613.73796 15.329 0.003 4.97 420.0
2458613.89027 15.338 0.003 3.98 501.0
2458614.66837 15.343 0.004 6.14 516.0
2458614.78988 15.336 0.003 4.60 475.0
2458614.93063 15.340 0.004 5.83 558.0
2458615.74106 15.328 0.004 6.54 415.0
2458615.90155 15.338 0.003 4.95 436.0
2458616.66500 15.332 0.003 5.13 481.0
2458616.80089 15.325 0.003 3.29 390.0
2458617.64111 15.330 0.003 5.22 533.0
2458617.70941 15.332 0.003 4.66 466.0
2458617.89066 15.328 0.003 4.05 511.0
2458618.66055 15.330 0.004 5.98 545.0
2458618.79690 15.340 0.004 5.21 548.0
2458619.63064 15.340 0.004 6.84 629.0
2458619.69981 15.331 0.004 6.24 517.0
2458619.88083 15.333 0.004 5.35 413.0
2458620.65360 15.325 0.004 6.29 585.0
2458620.79398 15.333 0.003 4.61 515.0
2458621.67024 15.324 0.005 6.70 782.0
2458621.80220 15.332 0.004 5.18 751.0
2458621.92879 15.333 0.004 5.24 939.0
2458626.64518 15.336 0.005 7.20 691.0
2458626.69464 15.325 0.005 7.12 640.0
2458626.74568 15.337 0.004 5.07 609.0
2458626.81050 15.332 0.004 4.42 625.0
2458626.86023 15.338 0.004 4.59 670.0
2458626.91070 15.334 0.004 4.70 686.0
2458627.69908 15.324 0.003 4.71 410.0
2458627.77337 15.333 0.003 4.26 567.0
2458635.68059 15.326 0.004 5.78 383.0
2458635.82866 15.330 0.004 5.12 446.0
2458636.56941 15.329 0.004 5.76 483.0
2458636.64033 15.321 0.004 5.65 414.0
2458636.78470 15.330 0.003 3.71 361.0
2458636.90925 15.334 0.004 5.18 489.0
2458637.60418 15.327 0.003 6.04 386.0
2458637.74165 15.336 0.003 4.48 387.0
2458637.87029 15.328 0.003 3.68 467.0
2458638.66296 15.331 0.003 5.40 388.0
2458638.84142 15.329 0.003 5.06 421.0
2458639.67142 15.324 0.003 4.18 445.0
2458639.86449 15.331 0.003 3.86 533.0
2458640.60337 15.332 0.004 6.11 434.0
2458640.75605 15.331 0.004 5.17 434.0
2458640.88113 15.341 0.004 5.71 500.0
2458641.63898 15.330 0.003 4.95 504.0
2458642.58060 15.332 0.004 6.02 514.0
2458642.82074 15.332 0.004 5.12 486.0
2458643.54889 15.346 0.004 7.84 541.0
2458643.61989 15.328 0.003 4.43 415.0
2458643.75167 15.329 0.003 4.11 389.0
2458643.86260 15.328 0.004 5.29 441.0
2458644.56245 15.335 0.004 6.06 528.0
2458644.65610 15.331 0.003 5.13 402.0
2458644.78124 15.328 0.004 5.34 448.0
2458644.88999 15.333 0.004 5.89 500.0
2458645.65436 15.327 0.004 6.07 460.0
2458646.60807 15.328 0.004 7.08 463.0
2458646.70086 15.335 0.004 6.09 445.0
2458646.80700 15.331 0.004 5.75 419.0
2458647.59525 15.336 0.004 6.17 574.0
2458647.66198 15.328 0.004 5.93 518.0
2458647.78317 15.339 0.004 5.53 530.0
2458648.59765 15.329 0.005 7.29 690.0
2458648.66624 15.325 0.004 5.66 574.0
2458648.78810 15.340 0.004 5.89 599.0
2458648.89703 15.344 0.004 6.34 522.0
2458649.61590 15.325 0.004 6.39 742.0
2458654.52760 15.335 0.004 5.65 1453.0
2458655.63356 15.330 0.003 4.28 791.0
2458655.80870 15.328 0.004 5.24 1049.0
2458656.64439 15.334 0.004 5.76 493.0
2458656.75464 15.323 0.003 4.51 487.0
2458656.87294 15.343 0.004 5.83 597.0
2458657.59399 15.328 0.003 5.21 386.0
2458657.70116 15.336 0.003 4.33 392.0
2458657.82253 15.327 0.003 4.42 408.0
2458658.54264 15.329 0.004 7.17 384.0
2458660.51139 15.332 0.004 5.92 428.0
2458660.59367 15.335 0.004 6.02 372.0
2458660.74961 15.328 0.003 4.71 387.0
2458660.88537 15.334 0.004 7.11 597.0
2458661.60982 15.329 0.004 5.94 388.0
2458662.57230 15.330 0.004 7.26 475.0
2458662.66884 15.331 0.004 6.66 397.0
2458664.53464 15.340 0.004 6.23 388.0
2458664.64458 15.322 0.003 4.48 310.0
2458664.78103 15.337 0.003 4.59 467.0
2458665.59301 15.327 0.003 5.43 482.0
2458666.55072 15.337 0.004 6.12 534.0
2458666.68091 15.333 0.003 5.18 363.0
2458667.51020 15.327 0.004 6.34 652.0
2458667.57917 15.342 0.005 7.45 470.0
2458667.70910 15.334 0.003 4.56 360.0
2458667.83441 15.330 0.003 5.55 431.0
2458668.55720 15.343 0.004 7.22 399.0
2458668.70723 15.334 0.003 4.41 335.0
2458668.83556 15.334 0.004 5.94 392.0
2458669.52532 15.330 0.004 6.53 517.0
2458669.67412 15.333 0.004 5.44 399.0
2458669.80390 15.330 0.003 4.50 427.0
2458670.50227 15.337 0.004 6.51 476.0
2458670.60299 15.328 0.003 4.24 348.0
2458670.75400 15.327 0.003 3.66 324.0
2458671.67462 15.334 0.004 7.22 372.0
2458673.60108 15.330 0.003 4.48 439.0
2458673.75128 15.333 0.003 4.79 394.0
2458674.58292 15.337 0.004 6.21 404.0
2458674.68273 15.327 0.003 4.24 363.0
2458674.80672 15.331 0.004 6.48 473.0
2458675.62099 15.326 0.003 3.92 676.0
2458675.82453 15.332 0.004 5.54 445.0
2458676.48862 15.334 0.004 5.88 705.0
2458676.56595 15.328 0.003 4.54 565.0
2458676.73911 15.333 0.004 4.88 536.0
2458676.81538 15.329 0.004 6.53 635.0
2458677.60200 15.330 0.004 5.63 658.0
2458677.78926 15.330 0.004 5.69 1264.0
2458681.49404 15.343 0.005 6.73 1154.0
2458681.57068 15.335 0.004 5.24 966.0
2458681.65213 15.311 0.004 4.96 915.0
2458682.48878 15.334 0.004 6.23 853.0
2458682.56526 15.325 0.004 5.30 672.0
2458682.77857 15.332 0.004 5.60 719.0
2458683.48960 15.327 0.004 7.08 496.0
2458683.57431 15.340 0.004 5.97 549.0
2458683.74984 15.334 0.004 6.08 556.0
2458684.49611 15.345 0.004 6.19 478.0
2458684.57694 15.332 0.003 5.03 587.0
2458684.73161 15.339 0.003 4.80 461.0
2458685.50066 15.330 0.004 6.17 460.0
2458685.65487 15.325 0.003 4.42 648.0
2458688.55393 15.337 0.005 7.56 451.0
2458689.50121 15.332 0.004 6.84 470.0
2458689.58697 15.339 0.004 6.14 395.0
2458689.69846 15.334 0.003 5.29 346.0
2458690.48973 15.336 0.004 5.87 483.0
2458690.58388 15.335 0.004 5.79 418.0
2458690.72501 15.327 0.003 4.38 363.0
2458691.48758 15.328 0.003 4.52 457.0
2458691.56373 15.333 0.003 4.17 342.0
2458691.75135 15.330 0.004 6.04 427.0
2458692.49015 15.328 0.004 6.20 524.0
2458692.57824 15.339 0.003 4.43 518.0
2458692.69039 15.332 0.003 4.22 421.0
2458693.48901 15.332 0.004 7.12 436.0
2458693.62369 15.335 0.004 5.57 366.0
2458693.77161 15.341 0.004 6.52 452.0
2458694.49242 15.333 0.004 5.36 430.0
2458694.57173 15.345 0.003 3.91 385.0
2458694.65094 15.328 0.003 4.41 344.0
2458695.49231 15.337 0.003 5.55 423.0
2458695.72807 15.329 0.003 3.78 350.0
2458695.78120 15.320 0.003 4.82 408.0
2458697.56190 15.335 0.004 6.27 418.0
2458698.49189 15.333 0.003 5.72 382.0
2458698.72190 15.333 0.003 4.13 368.0
2458698.76799 15.338 0.003 4.11 395.0
2458699.49482 15.325 0.004 5.72 439.0
2458699.72135 15.336 0.003 3.82 375.0
2458699.76736 15.332 0.003 5.08 404.0
2458700.49440 15.331 0.003 4.81 416.0
2458700.73171 15.335 0.003 4.84 424.0
2458700.76858 15.331 0.004 5.69 491.0
2458701.49454 15.325 0.004 5.52 439.0
2458701.65117 15.332 0.003 4.40 406.0
2458702.49476 15.323 0.004 5.65 432.0
2458702.60818 15.330 0.004 5.58 378.0
2458702.76165 15.344 0.004 5.44 403.0
2458703.49497 15.332 0.004 6.11 514.0
2458704.55226 15.335 0.004 6.41 614.0
2458704.68392 15.341 0.004 6.01 572.0
2458708.60163 15.328 0.003 3.71 655.0
2458709.71527 15.339 0.004 4.53 1718.0
2458710.49534 15.320 0.004 4.97 686.0
2458711.49351 15.332 0.004 4.73 1129.0
2458711.60625 15.333 0.004 5.27 732.0
2458711.73306 15.330 0.005 6.92 1019.0
2458712.51016 15.327 0.004 6.80 581.0
2458712.62799 15.326 0.004 6.17 507.0
2458713.49461 15.335 0.004 5.56 417.0
2458713.62101 15.322 0.004 5.64 475.0
2458713.73618 15.327 0.004 6.00 556.0
2458714.49696 15.335 0.004 6.50 425.0
2458714.64892 15.330 0.003 4.81 978.0
2458715.51270 15.334 0.004 5.92 399.0
2458715.65213 15.326 0.003 5.17 397.0
2458716.51055 15.331 0.003 3.69 358.0
2458716.72979 15.338 0.004 6.56 534.0
2458717.49588 15.331 0.004 6.30 395.0
2458717.63266 15.345 0.004 6.38 395.0
2458718.51137 15.328 0.003 4.42 399.0
2458718.64737 15.341 0.003 3.83 386.0
2458719.49305 15.332 0.004 6.53 435.0
2458719.58404 15.336 0.003 5.16 408.0
2458719.69364 15.329 0.004 7.63 452.0
2458721.50319 15.337 0.003 5.28 377.0
2458721.69014 15.340 0.004 6.01 412.0
2458722.49792 15.331 0.003 4.61 403.0
2458722.69902 15.335 0.004 6.50 361.0
2458723.60330 15.329 0.003 4.62 439.0
2458723.64347 15.327 0.003 5.11 442.0
2458724.50716 15.336 0.003 4.19 387.0
2458724.64466 15.339 0.003 4.39 361.0
2458725.51159 15.329 0.003 4.71 437.0
2458725.59686 15.330 0.004 5.69 374.0
2458726.58525 15.328 0.004 5.12 361.0
2458726.63827 15.333 0.003 4.95 332.0
2458727.53540 15.328 0.004 5.39 418.0
2458727.62018 15.340 0.004 4.97 466.0
2458728.60033 15.329 0.003 4.72 408.0
2458728.63996 15.334 0.003 4.52 400.0
2458729.50110 15.329 0.004 6.41 394.0
2458729.63869 15.323 0.003 5.23 417.0
2458730.58545 15.335 0.004 6.21 393.0
2458730.62565 15.332 0.003 5.12 381.0
2458731.53718 15.330 0.004 7.11 414.0
2458731.60516 15.341 0.004 6.94 442.0
2458736.61267 15.335 0.004 6.04 665.0
2458737.62371 15.340 0.005 6.85 685.0
2458738.59272 15.332 0.004 5.81 678.0
2458739.50797 15.336 0.004 5.73 571.0
2458740.55069 15.337 0.004 7.03 592.0
2458741.60460 15.334 0.004 5.66 560.0
2458742.60351 15.329 0.004 5.39 559.0
2458746.59525 15.316 0.004 6.63 410.0
2458747.54742 15.336 0.004 6.35 380.0
2458748.59035 15.341 0.004 6.82 479.0
2458750.58893 15.338 0.004 5.46 428.0
2458752.59063 15.344 0.004 6.46 435.0
2458753.60603 15.335 0.004 6.16 454.0
2458754.58930 15.331 0.004 5.96 484.0
2458755.59212 15.343 0.003 4.80 441.0
2458757.57973 15.336 0.004 6.04 416.0
2458759.60262 15.344 0.005 7.74 516.0
2458763.56499 15.325 0.004 5.81 675.0
2458766.58770 15.337 0.005 7.29 907.0
2458768.58253 15.319 0.005 7.15 730.0
2458782.55344 15.330 0.004 5.05 588.0
2458783.52141 15.341 0.004 5.07 521.0
2458783.55508 15.333 0.004 6.24 511.0
2458888.88032 15.335 0.005 6.70 1011.0
2458890.87487 15.342 0.004 6.03 695.0
2458892.88857 15.343 0.004 4.74 1092.0
2458893.87658 15.356 0.003 5.45 608.0
2458900.84517 15.329 0.003 5.81 433.0
2458901.84804 15.341 0.003 5.13 394.0
2458902.84206 15.335 0.003 5.63 421.0
2458903.84037 15.325 0.004 7.35 485.0
2458904.83987 15.330 0.003 6.23 369.0
2458904.89953 15.328 0.004 5.45 878.0
2458905.89169 15.327 0.003 5.19 451.0
2458907.83589 15.336 0.003 5.40 460.0
2458907.90227 15.334 0.004 4.61 1465.0
2458908.89665 15.331 0.004 5.69 570.0
2458909.86466 15.337 0.003 4.79 364.0
2458909.89934 15.340 0.004 4.60 1053.0
2458910.81338 15.350 0.004 7.41 439.0
2458910.88522 15.337 0.004 7.11 467.0
2458911.83382 15.328 0.003 6.24 417.0
2458911.87589 15.332 0.004 6.28 400.0
2458912.80786 15.339 0.004 6.41 450.0
2458912.84826 15.334 0.003 5.74 396.0
2458912.88329 15.332 0.003 5.71 389.0
2458913.81894 15.322 0.004 8.18 439.0
2458913.85387 15.346 0.003 5.85 394.0
2458913.89766 15.335 0.004 6.83 515.0
2458914.86066 15.335 0.003 5.32 405.0
2458914.90287 15.341 0.004 5.52 620.0
2458915.84084 15.343 0.003 5.98 396.0
2458915.88376 15.325 0.003 5.29 377.0
2458916.80069 15.330 0.004 5.26 664.0
2458916.84317 15.334 0.003 4.90 550.0
2458916.87886 15.329 0.003 4.93 470.0
2458917.81226 15.321 0.004 6.53 809.0
2458917.84749 15.329 0.003 4.41 668.0
2458917.89253 15.340 0.003 4.81 709.0
2458918.82315 15.336 0.004 5.52 732.0
2458918.86551 15.330 0.003 4.81 595.0
2458918.90077 15.336 0.003 4.79 595.0
2458919.81555 15.325 0.004 6.84 694.0
2458919.85002 15.335 0.003 5.22 601.0
2458919.89344 15.334 0.003 4.86 529.0
2458920.80667 15.333 0.004 5.55 680.0
2458920.85392 15.332 0.003 4.59 588.0
2458920.88854 15.330 0.003 4.62 543.0
2458921.79480 15.339 0.004 6.10 677.0
2458921.83178 15.334 0.003 5.09 601.0
2458921.87500 15.325 0.003 4.77 565.0
2458922.81243 15.330 0.004 5.99 676.0
2458923.79059 15.333 0.004 5.04 1779.0
2458923.81580 15.333 0.005 5.39 1913.0
2458923.82889 15.327 0.004 5.27 1943.0
2458923.84111 15.334 0.004 5.30 2019.0
2458923.86231 15.337 0.004 4.41 2153.0
2458923.87333 15.316 0.004 4.71 2167.0
2458923.88507 15.325 0.004 5.00 2296.0
2458923.89367 15.341 0.005 4.97 2370.0
2459795.60580 15.342 0.003 5.11 343.0
2459795.64554 15.337 0.003 5.14 341.0
2459795.68859 15.342 0.004 6.70 381.0
2459795.72558 15.334 0.004 6.49 419.0
2459795.76409 15.345 0.004 6.60 494.0
2459796.54481 15.339 0.004 6.69 399.0
2459796.63200 15.321 0.004 5.84 376.0
2459796.66745 15.345 0.005 5.29 369.0
2459796.71398 15.342 0.003 5.29 357.0
2459796.74866 15.344 0.003 5.25 359.0
2459797.58916 15.343 0.004 6.32 448.0
2459797.62356 15.346 0.004 6.08 443.0
2459797.68003 15.338 0.003 5.60 415.0
2459797.71794 15.345 0.003 5.73 477.0
2459797.76318 15.330 0.004 6.14 438.0
2459798.52007 15.329 0.005 7.55 815.0
2459798.71241 15.343 0.004 6.73 717.0
2459804.48642 15.335 0.003 4.89 630.0
2459804.52894 15.336 0.004 5.56 637.0
2459804.56635 15.341 0.003 4.68 578.0
2459804.60999 15.322 0.004 5.70 597.0
2459804.64594 15.326 0.004 6.03 634.0
2459804.69366 15.342 0.004 6.30 686.0
2459805.50992 15.343 0.004 6.68 464.0
2459805.55411 15.329 0.004 5.80 540.0
2459805.58989 15.335 0.003 4.54 556.0
2459805.63277 15.328 0.003 4.54 512.0
2459805.66760 15.335 0.003 4.81 547.0
2459805.70987 15.343 0.003 4.44 597.0
2459805.74431 15.323 0.004 6.35 644.0
2459806.61059 15.342 0.004 6.82 507.0
2459806.65068 15.327 0.004 6.05 509.0
2459806.69623 15.340 0.004 5.95 536.0
2459806.74846 15.326 0.004 6.11 648.0
2459807.52384 15.339 0.003 5.29 389.0
2459807.57269 15.327 0.003 5.21 397.0
2459807.63641 15.339 0.003 5.29 412.0
2459807.69396 15.335 0.003 5.20 453.0
2459807.73704 15.329 0.004 5.80 456.0
2459808.50005 15.326 0.004 6.95 397.0
2459808.56908 15.327 0.003 5.63 377.0
2459808.64817 15.345 0.003 5.39 383.0
2459808.69249 15.341 0.004 6.29 436.0
2459808.73139 15.327 0.003 5.39 456.0
2459809.59200 15.323 0.004 6.00 377.0
2459809.62746 15.337 0.003 5.69 373.0
2459809.71304 15.323 0.003 4.91 436.0
2459810.50926 15.321 0.003 4.16 349.0
2459810.56610 15.328 0.003 4.37 365.0
2459810.70575 15.329 0.003 5.04 352.0
2459811.50664 15.336 0.003 5.62 365.0
2459811.57528 15.338 0.003 5.35 363.0
2459811.69215 15.337 0.003 4.26 369.0
2459811.73024 15.334 0.004 4.75 411.0
2459812.51406 15.337 0.003 6.10 363.0
2459812.55722 15.325 0.004 6.68 365.0
2459812.71639 15.332 0.003 5.01 372.0
2459813.50462 15.339 0.004 6.76 402.0
2459813.68896 15.336 0.003 5.68 352.0
2459813.72262 15.334 0.003 6.00 358.0
2459814.52562 15.326 0.003 5.04 396.0
2459814.57055 15.335 0.003 5.63 378.0
2459814.66966 15.342 0.004 6.53 416.0
2459814.70546 15.336 0.003 5.83 411.0
2459815.51165 15.335 0.003 4.59 376.0
2459815.55732 15.324 0.004 5.29 397.0
2459815.68486 15.334 0.003 5.02 410.0
2459816.47894 15.335 0.004 5.75 541.0
2459816.52255 15.332 0.003 5.74 404.0
2459816.55938 15.329 0.003 4.94 393.0
2459816.67204 15.331 0.003 4.42 363.0
2459817.51049 15.322 0.004 6.24 458.0
2459817.56909 15.327 0.003 4.92 465.0
2459817.62603 15.336 0.003 4.25 416.0
2459818.55068 15.346 0.004 7.08 497.0
2459818.68959 15.338 0.003 5.22 439.0
2459819.53191 15.336 0.003 4.30 479.0
2459819.59131 15.334 0.003 4.32 429.0
2459820.49778 15.353 0.003 4.98 429.0
2459820.54551 15.325 0.003 5.41 453.0
2459820.68678 15.331 0.003 5.06 421.0
2459821.52149 15.336 0.003 5.67 411.0
2459821.65832 15.334 0.003 5.20 419.0
2459822.49664 15.326 0.003 5.16 445.0
2459822.54560 15.330 0.004 5.72 430.0
2459823.55940 15.334 0.006 7.08 491.0
2459823.60665 15.337 0.004 6.02 489.0
2459824.51569 15.340 0.004 7.53 555.0
2459824.57135 15.325 0.004 6.90 576.0
2459824.68448 15.332 0.004 6.01 428.0
2459829.51844 15.329 0.005 7.66 860.0
2459830.65721 15.340 0.005 6.81 942.0
2459831.51572 15.332 0.004 6.21 693.0
2459831.57638 15.337 0.004 6.23 703.0
2459831.64384 15.320 0.004 6.36 844.0
2459832.52570 15.332 0.004 6.95 713.0
2459832.57307 15.339 0.005 7.56 752.0
2459834.52022 15.326 0.003 4.87 559.0
2459834.56955 15.336 0.003 4.74 634.0
2459834.62004 15.336 0.004 5.63 684.0
2459835.53476 15.331 0.004 7.63 493.0
2459835.59788 15.337 0.004 6.64 584.0
2459835.64508 15.336 0.003 6.41 452.0
2459836.63961 15.336 0.004 7.23 581.0
2459837.65214 15.335 0.003 5.01 571.0
2459838.60297 15.329 0.003 4.74 482.0
2459840.49868 15.328 0.004 5.96 447.0
2459840.54582 15.332 0.004 6.94 441.0
2459840.59607 15.340 0.004 6.25 466.0
2459841.50970 15.331 0.004 5.67 487.0
2459841.55783 15.321 0.003 5.50 487.0
2459841.60485 15.332 0.004 5.75 522.0
2459843.56140 15.336 0.004 6.53 478.0
2459843.61051 15.339 0.004 6.64 491.0
2459844.54595 15.338 0.004 6.30 488.0
2459844.59331 15.329 0.003 5.26 512.0
2459845.50410 15.343 0.004 6.61 452.0
2459845.55223 15.336 0.004 5.68 438.0
2459845.60156 15.338 0.003 4.81 451.0
2459846.59317 15.344 0.004 6.16 514.0
2459848.53083 15.336 0.004 6.46 500.0
2459848.57769 15.337 0.003 5.10 531.0
2459848.62496 15.339 0.003 5.58 515.0
2459850.55589 15.337 0.004 5.09 481.0
2459850.60367 15.335 0.004 6.13 468.0
2459851.60701 15.343 0.004 6.91 504.0
2459852.52415 15.331 0.004 7.00 493.0
2459852.57455 15.336 0.004 6.09 516.0
2459852.62070 15.335 0.003 5.20 516.0
2459857.52171 15.335 0.004 6.80 776.0
2459857.58750 15.326 0.006 7.09 920.0
2459859.53174 15.325 0.003 4.81 694.0
2459859.58253 15.331 0.003 4.87 792.0
2459860.52052 15.335 0.004 6.46 749.0
2459860.57088 15.330 0.004 6.15 859.0
2459861.54086 15.346 0.004 5.67 801.0
2459863.49918 15.346 0.004 6.33 826.0
2459863.54779 15.329 0.004 5.38 735.0
2459864.54511 15.343 0.004 5.14 737.0
2459865.54304 15.338 0.004 6.93 580.0
2459866.53412 15.345 0.003 4.16 646.0
2459867.51325 15.340 0.003 5.14 593.0
2459868.53696 15.333 0.004 5.00 569.0
2459869.53770 15.335 0.003 4.75 518.0
2459874.50129 15.327 0.004 5.36 920.0
2459876.50779 15.345 0.004 6.59 645.0
2459993.86875 15.333 0.003 4.79 511.0
2459998.84119 15.335 0.003 5.89 526.0
2460002.83180 15.329 0.004 6.18 531.0
2460006.82017 15.336 0.003 6.55 488.0
2460010.80998 15.336 0.004 5.37 852.0
2460011.80812 15.336 0.004 6.47 790.0
2460014.81014 15.333 0.003 5.35 650.0
2460016.82815 15.340 0.003 4.83 699.0
2460022.80979 15.339 0.003 5.35 413.0
2460025.77089 15.332 0.003 5.50 408.0
2460027.88336 15.323 0.003 5.09 423.0
2460030.78413 15.337 0.003 4.96 390.0
2460032.86840 15.336 0.003 4.58 361.0
2460034.90092 15.325 0.003 5.14 406.0
2460037.85816 15.331 0.003 4.63 406.0
2460040.74688 15.323 0.003 5.37 804.0
2460042.75280 15.335 0.003 5.54 679.0
2460043.91393 15.328 0.003 4.23 771.0
2460049.88484 15.328 0.003 4.34 419.0
2460052.87200 15.335 0.003 5.27 434.0
2460056.77871 15.325 0.003 5.19 418.0
2460058.90876 15.333 0.003 5.55 383.0
2460060.91705 15.329 0.003 3.54 433.0
2460063.70595 15.335 0.003 5.47 521.0
2460066.92792 15.327 0.003 3.82 517.0
2460068.92484 15.338 0.003 4.69 522.0
2460070.86399 15.334 0.004 4.62 1108.0
2460076.77204 15.331 0.003 4.33 446.0
2460086.63194 15.329 0.004 6.85 520.0
2460087.67098 15.325 0.004 4.92 430.0
2460088.61523 15.331 0.005 7.33 546.0
2460089.77688 15.330 0.004 5.38 448.0
2460091.84641 15.329 0.004 5.39 512.0
2460093.91806 15.336 0.004 5.98 684.0
2460095.92495 15.341 0.004 5.37 567.0
2460097.75641 15.329 0.004 4.68 708.0
2460104.68491 15.333 0.004 5.49 509.0
2460105.82602 15.334 0.004 5.48 424.0
2460107.81082 15.330 0.004 6.33 421.0
2460109.74999 15.334 0.005 7.77 529.0
2460110.91298 15.325 0.004 5.86 666.0
2460112.54717 15.332 0.004 5.63 507.0
2460113.68559 15.327 0.004 5.35 400.0
2460118.66604 15.326 0.004 6.26 436.0
2460119.89272 15.338 0.004 6.07 519.0
2460121.63932 15.329 0.004 6.70 474.0
2460123.57000 15.331 0.004 6.40 522.0
2460124.80783 15.339 0.004 4.77 604.0
2460125.85017 15.334 0.004 4.76 974.0
2460130.70714 15.329 0.004 5.42 729.0
2460132.69671 15.337 0.004 6.29 652.0
2460134.76664 15.330 0.004 5.19 541.0
2460140.55814 15.329 0.004 5.75 363.0
2460141.83090 15.337 0.004 6.64 547.0
2460144.59033 15.332 0.003 4.79 388.0
2460149.74963 15.332 0.005 7.83 434.0
2460153.54115 15.332 0.004 5.48 592.0
2460158.53876 15.331 0.004 6.01 836.0
2460159.77572 15.325 0.004 6.38 777.0
2460161.72430 15.328 0.004 7.03 512.0
2460168.64690 15.335 0.004 4.91 413.0
2460169.74869 15.334 0.004 6.64 420.0
2460171.73589 15.341 0.004 6.18 471.0
2460175.51103 15.333 0.005 7.54 503.0
2460179.65946 15.328 0.004 6.58 476.0
2460185.61182 15.336 0.004 5.92 790.0
2460188.66561 15.337 0.004 6.33 730.0
2460201.65052 15.333 0.004 6.43 501.0
2460204.53935 15.335 0.005 7.10 471.0
2460212.63034 15.331 0.004 6.07 1074.0
2460218.56661 15.337 0.005 6.95 607.0
2460225.59265 15.334 0.004 6.35 585.0
2460229.56979 15.342 0.005 8.17 612.0
2460242.54633 15.328 0.004 6.25 859.0
2460255.51156 15.336 0.005 7.51 837.0
2460357.89027 15.336 0.004 5.37 1232.0
2460368.87018 15.329 0.004 4.62 584.0
2460376.87532 15.322 0.004 6.19 609.0
2460379.86001 15.322 0.003 4.43 474.0
2460382.89200 15.336 0.004 5.34 478.0
2460385.87342 15.331 0.004 5.23 437.0
2460390.78614 15.323 0.003 4.51 550.0
2460392.84760 15.329 0.004 4.62 533.0
2460395.77059 15.315 0.005 4.41 730.0
2460397.76978 15.324 0.004 6.20 717.0
2460404.76915 15.328 0.004 5.73 461.0
2460406.89766 15.329 0.004 5.63 479.0
2460410.90446 15.322 0.003 4.79 436.0
2460417.87122 15.329 0.004 4.78 485.0
2460420.92977 15.335 0.006 6.57 1671.0
2460425.75418 15.329 0.004 5.71 685.0
2460432.93102 15.326 0.004 4.91 697.0
2460435.78302 15.331 0.004 5.85 427.0
2460440.74187 15.324 0.004 6.73 541.0
2460448.79992 15.323 0.004 5.84 486.0
2460450.73485 15.336 0.004 5.07 479.0
2460458.89577 15.331 0.004 5.12 617.0
2460461.69695 15.327 0.003 4.20 519.0
2460463.88687 15.327 0.004 5.01 487.0
2460466.81591 15.338 0.004 5.93 401.0
2460468.74167 15.334 0.004 4.90 396.0
2460473.88610 15.318 0.005 7.62 500.0
2460477.84599 15.323 0.004 5.07 674.0
2460479.76186 15.335 0.004 5.65 634.0
2460486.57211 15.335 0.004 6.69 635.0
2460488.66741 15.328 0.003 4.76 436.0
2460491.55798 15.322 0.003 4.87 389.0
2460492.84683 15.324 0.004 5.53 508.0
2460494.76861 15.329 0.004 4.92 392.0
2460496.67309 15.325 0.004 5.89 580.0
2460498.49592 15.320 0.004 5.57 495.0
2460499.83901 15.335 0.004 5.46 400.0
2460501.81977 15.322 0.004 6.45 512.0
2460504.52462 15.322 0.005 7.93 463.0
2460505.80364 15.335 0.004 6.35 411.0
2460507.68524 15.331 0.003 4.80 461.0
2460508.63661 15.328 0.004 5.40 549.0
2460515.71727 15.330 0.004 6.47 527.0
2460517.65468 15.335 0.004 5.84 400.0
2460519.70824 15.343 0.004 6.68 397.0
2460521.77648 15.330 0.004 5.67 498.0
2460531.62572 15.324 0.005 7.25 493.0
2460534.69433 15.336 0.004 5.29 412.0
2460544.57826 15.326 0.004 6.13 511.0
2460549.53373 15.328 0.004 6.33 470.0
2460555.62078 15.338 0.004 4.64 397.0
2460558.66090 15.339 0.004 4.92 436.0
2460561.58504 15.329 0.004 5.29 410.0
2460569.49683 15.329 0.005 7.24 653.0
2460571.62873 15.339 0.004 5.97 801.0
2460576.53938 15.335 0.005 7.48 507.0
2460581.53594 15.347 0.004 6.10 472.0
2460585.59237 15.333 0.004 6.22 519.0
2460595.49818 15.333 0.005 7.09 809.0
2460596.51564 15.332 0.005 6.54 865.0
2460597.52761 15.331 0.004 5.88 777.0
2460597.57740 15.328 0.004 5.80 903.0
2460598.50012 15.327 0.004 6.19 768.0
2460598.54833 15.324 0.004 6.37 899.0
2460599.50261 15.328 0.004 4.67 739.0
2460599.56309 15.327 0.004 5.17 808.0
2460600.50215 15.332 0.004 5.27 854.0
2460600.55045 15.321 0.004 5.05 1019.0
2460601.51560 15.330 0.004 6.14 844.0
2460601.56140 15.326 0.004 5.83 953.0
2460609.54410 15.329 0.004 5.67 662.0
2460617.52828 15.332 0.004 6.37 658.0
2460721.88328 15.311 0.004 5.91 691.0
2460733.84079 15.291 0.004 6.70 501.0
2460736.83545 15.285 0.004 5.87 454.0
2460739.83421 15.260 0.003 5.55 530.0
2460741.90673 15.264 0.004 6.30 808.0
2460744.81882 15.251 0.003 5.45 469.0
2460747.80936 15.231 0.003 5.13 640.0
2460749.83369 15.220 0.003 5.08 678.0
2460751.86319 15.183 0.003 4.19 536.0
2460753.82856 15.172 0.003 4.24 651.0
2460761.81325 15.088 0.003 6.45 472.0
2460763.80475 15.037 0.003 5.90 464.0
2460765.80615 15.017 0.003 4.86 411.0
2460767.81013 14.995 0.003 4.72 433.0
2460769.80743 14.989 0.003 4.48 505.0
2460771.83983 15.003 0.003 5.90 414.0
2460773.78478 15.015 0.003 4.73 473.0
2460775.83718 15.043 0.003 6.27 506.0
2460778.77060 15.081 0.003 5.44 762.0
2460780.76256 15.115 0.003 5.80 717.0
2460786.84141 15.192 0.003 5.36 517.0
2460788.74416 15.217 0.003 5.01 420.0
2460789.88628 15.223 0.003 4.64 427.0
2460791.71763 15.234 0.003 5.18 421.0
2460792.88638 15.241 0.003 4.37 436.0
2460794.71030 15.246 0.003 5.84 399.0
2460797.71374 15.262 0.003 5.83 453.0
2460798.84129 15.262 0.003 4.77 434.0
2460800.69562 15.275 0.004 6.35 454.0
2460801.80439 15.274 0.004 6.16 450.0
2460802.92540 15.289 0.004 5.92 631.0
2460805.80243 15.286 0.003 4.99 537.0
2460806.91763 15.300 0.004 5.20 608.0
2460808.73697 15.298 0.004 4.59 867.0
2460813.92111 15.303 0.004 5.17 714.0
2460815.77208 15.299 0.003 4.32 407.0
2460817.64337 15.309 0.003 4.97 396.0
2460818.76206 15.311 0.003 4.40 376.0
2460819.87239 15.316 0.003 4.81 484.0
2460821.65051 15.310 0.004 6.65 450.0
2460822.91903 15.303 0.004 6.54 566.0
2460824.68564 15.309 0.003 5.34 427.0
2460825.71312 15.313 0.003 3.99 367.0
2460827.67951 15.317 0.003 4.38 369.0
2460828.76470 15.317 0.003 4.22 376.0
2460831.64955 15.307 0.004 6.39 553.0
2460832.77896 15.318 0.004 6.87 632.0
2460833.91232 15.322 0.004 6.14 636.0
2460835.67113 15.323 0.004 5.10 643.0
2460841.81202 15.325 0.004 5.56 729.0
2460843.79223 15.328 0.004 5.03 552.0
2460844.86199 15.330 0.005 7.50 617.0
2460846.65760 15.318 0.003 5.05 429.0
2460847.66052 15.320 0.004 5.70 451.0
2460848.68145 15.323 0.003 5.41 434.0
2460850.62394 15.333 0.004 5.75 422.0
2460851.62299 15.325 0.004 6.10 405.0
2460853.79777 15.326 0.004 6.45 490.0
2460854.81549 15.331 0.004 5.43 423.0
2460856.55409 15.327 0.004 6.48 443.0
2460857.86366 15.329 0.004 7.26 530.0
2460859.64952 15.328 0.003 4.45 386.0
2460860.69202 15.321 0.003 4.01 387.0
2460861.84512 15.327 0.004 8.05 436.0
2460863.51004 15.327 0.005 8.03 839.0
2460868.73521 15.331 0.004 5.87 843.0
2460870.52905 15.326 0.004 6.98 416.0
2460872.52255 15.331 0.004 6.21 418.0
2460873.62774 15.325 0.003 5.27 404.0
2460874.74716 15.330 0.003 5.55 409.0
2460875.81648 15.325 0.003 5.19 480.0
2460878.49997 15.332 0.003 4.89 436.0
2460879.76868 15.329 0.004 5.63 443.0
2460881.56712 15.328 0.003 5.21 373.0
2460885.54539 15.316 0.003 5.18 373.0
2460895.71528 15.340 0.005 7.05 1043.0
2460897.58626 15.324 0.004 5.71 863.0
2460899.61376 15.329 0.003 4.60 429.0
2460901.49968 15.337 0.004 6.30 470.0
2460904.50827 15.328 0.004 6.51 464.0
2460911.60674 15.336 0.004 5.71 470.0
2460913.65478 15.330 0.003 5.59 378.0
2460915.62873 15.329 0.003 5.24 377.0
2460923.55154 15.330 0.004 5.27 1502.0
2460924.60328 15.325 0.004 5.29 715.0
2460925.48514 15.331 0.004 6.21 709.0
2460925.53286 15.327 0.004 6.70 692.0
2460925.57967 15.324 0.004 6.85 709.0
2460925.62663 15.326 0.004 6.46 777.0
2460926.48604 15.331 0.005 7.87 678.0
2460926.53349 15.330 0.004 6.63 719.0
2460926.58015 15.327 0.005 6.92 765.0
2460926.63134 15.333 0.005 6.85 866.0
2460927.48216 15.327 0.004 5.45 672.0
2460927.52950 15.330 0.003 4.46 571.0
2460927.57660 15.330 0.004 6.34 632.0
2460927.62394 15.326 0.004 5.90 654.0
2460928.48444 15.329 0.003 5.05 512.0
2460928.53167 15.326 0.004 5.88 464.0
2460928.57839 15.339 0.004 5.56 545.0
2460928.62578 15.362 0.004 6.21 601.0
2460929.50994 15.331 0.003 5.08 448.0
2460929.55739 15.332 0.003 4.98 441.0
2460929.60397 15.339 0.004 5.40 523.0
2460930.48674 15.331 0.003 5.32 519.0
2460930.53415 15.324 0.003 4.95 485.0
2460930.58090 15.330 0.004 5.49 523.0
2460930.62819 15.323 0.004 6.03 596.0
2460931.49823 15.327 0.004 6.28 471.0
2460931.54686 15.328 0.004 6.28 472.0
2460931.60149 15.342 0.004 6.46 472.0
2460932.52091 15.329 0.004 5.92 488.0
2460932.56849 15.365 0.004 6.37 472.0
2460932.61529 15.325 0.004 6.75 471.0
2460933.51292 15.326 0.004 6.70 503.0
2460933.56035 15.329 0.004 5.95 543.0
2460933.60746 15.327 0.004 6.05 624.0
2460934.51316 15.332 0.003 4.72 512.0
2460934.56114 15.351 0.003 4.89 542.0
2460934.60910 15.331 0.004 5.80 550.0
2460937.51444 15.341 0.004 7.36 501.0
2460942.61760 15.331 0.004 7.15 445.0
2460944.61285 15.335 0.004 7.60 588.0
2460950.60448 15.320 0.004 6.46 853.0
2460954.56059 15.322 0.004 6.74 707.0
2460958.56296 15.334 0.004 6.34 549.0
2460967.55041 15.325 0.004 5.62 528.0
