2457792.87770 19.003 0.079 6.55 771.0
2457793.88447 18.968 0.066 5.13 859.0
2457794.89148 19.008 0.099 6.24 1292.0
2457797.86414 19.126 0.096 6.43 904.0
2457799.85942 18.935 0.084 7.20 692.0
2457801.84668 18.877 0.077 6.71 819.0
2457802.89497 19.069 0.097 6.52 1069.0
2457808.87730 18.968 0.043 4.62 397.0
2457809.87208 18.981 0.058 6.15 436.0
2457810.86701 19.046 0.046 4.46 418.0
2457811.88609 19.134 0.060 5.49 387.0
2457813.81638 19.063 0.065 5.64 587.0
2457814.88878 19.009 0.041 4.21 392.0
2457816.81463 19.131 0.075 6.72 459.0
2457817.81105 19.017 0.051 4.81 515.0
2457817.90153 18.989 0.047 3.97 668.0
2457818.88762 18.995 0.042 4.09 392.0
2457819.87411 19.005 0.043 4.53 367.0
2457820.87682 18.950 0.042 4.36 425.0
2457821.87450 19.076 0.058 5.02 460.0
2457822.87024 18.923 0.046 4.90 453.0
2457823.85551 19.015 0.052 4.37 596.0
2457824.85160 19.104 0.077 5.86 628.0
2457825.84330 18.920 0.051 5.00 587.0
2457826.80161 19.022 0.067 5.40 712.0
2457826.89153 18.928 0.050 4.74 559.0
2457827.86655 18.995 0.045 4.14 485.0
2457828.83597 19.041 0.056 4.91 549.0
2457829.81729 19.170 0.104 6.98 720.0
2457830.82803 18.967 0.067 4.97 928.0
2457830.90971 19.011 0.061 4.29 989.0
2457834.88326 19.043 0.067 5.38 649.0
2457835.85044 19.031 0.059 6.23 361.0
2457836.80319 19.236 0.086 7.71 366.0
2457836.91594 19.138 0.088 5.91 816.0
2457837.84817 19.009 0.044 5.12 330.0
2457838.78594 19.064 0.058 5.88 401.0
2457838.90513 19.048 0.042 4.52 368.0
2457839.85272 19.019 0.035 3.87 300.0
2457840.77764 19.037 0.053 5.90 347.0
2457840.89754 19.047 0.038 4.25 318.0
2457841.83593 18.990 0.049 5.64 331.0
2457842.75288 19.096 0.077 7.74 371.0
2457842.86111 18.958 0.049 5.63 365.0
2457843.78466 19.115 0.053 5.67 315.0
2457843.90341 19.043 0.045 5.22 304.0
2457844.82158 18.986 0.060 6.84 331.0
2457845.73030 18.987 0.061 6.85 390.0
2457845.84552 19.061 0.041 4.46 315.0
2457846.77634 19.134 0.050 5.24 322.0
2457846.88402 19.017 0.041 4.69 329.0
2457847.78683 19.137 0.049 4.84 337.0
2457847.90734 19.029 0.040 4.24 318.0
2457848.80044 19.026 0.042 4.86 306.0
2457848.92128 19.075 0.050 4.61 468.0
2457849.81359 19.020 0.038 4.12 327.0
2457850.71830 19.022 0.067 5.88 552.0
2457850.82625 18.997 0.043 4.85 350.0
2457851.73579 19.056 0.072 6.06 589.0
2457851.84383 19.127 0.052 4.89 402.0
2457852.84156 18.991 0.053 5.87 403.0
2457853.90593 19.084 0.064 6.24 414.0
2457854.76682 19.087 0.059 4.79 595.0
2457854.88808 19.046 0.051 4.63 503.0
2457855.79691 18.985 0.058 4.83 611.0
2457855.91937 18.964 0.051 4.31 625.0
2457856.80752 19.081 0.072 6.08 555.0
2457857.84438 19.207 0.114 7.08 832.0
2457857.90892 19.001 0.061 4.81 680.0
2457858.90950 18.901 0.049 4.93 542.0
2457862.76605 18.893 0.064 7.10 445.0
2457862.87785 19.090 0.064 6.01 419.0
2457863.83783 19.002 0.044 4.91 382.0
2457864.81473 19.039 0.036 3.78 334.0
2457865.67608 19.043 0.050 5.44 394.0
2457865.78344 19.012 0.038 3.86 352.0
2457865.92325 19.001 0.048 4.23 538.0
2457866.77991 18.997 0.037 3.99 351.0
2457866.91336 18.982 0.036 3.46 387.0
2457867.78364 18.992 0.038 4.33 327.0
2457867.91514 18.988 0.040 4.47 338.0
2457868.86277 19.029 0.071 7.07 408.0
2457869.73075 19.017 0.044 5.04 357.0
2457869.86058 19.056 0.039 3.93 350.0
2457870.74194 19.033 0.034 3.64 313.0
2457870.87204 19.037 0.039 3.93 328.0
2457871.75617 19.050 0.039 3.91 371.0
2457871.89723 19.021 0.041 3.87 375.0
2457872.75612 19.026 0.037 3.76 372.0
2457872.90464 19.013 0.038 3.78 385.0
2457873.73570 19.017 0.039 3.96 359.0
2457873.86705 18.989 0.043 4.29 387.0
2457874.69589 19.003 0.054 5.73 434.0
2457874.82456 19.010 0.052 5.63 356.0
2457874.93617 19.260 0.114 5.38 1355.0
2457875.90264 19.094 0.048 4.26 686.0
2457876.70799 19.007 0.053 5.51 471.0
2457876.84601 18.932 0.039 4.24 405.0
2457877.66983 19.011 0.049 4.91 477.0
2457877.79893 19.020 0.035 3.54 359.0
2457878.66203 18.894 0.046 4.86 589.0
2457878.83084 18.952 0.035 3.71 379.0
2457879.66407 18.999 0.067 6.72 534.0
2457879.77490 18.956 0.067 6.56 494.0
2457880.69615 18.999 0.069 6.79 487.0
2457880.81754 19.157 0.056 4.73 464.0
2457881.77173 18.993 0.073 6.49 588.0
2457881.88626 19.201 0.082 6.06 529.0
2457882.76054 19.050 0.060 5.59 501.0
2457882.89265 18.995 0.054 4.71 596.0
2457889.93041 18.936 0.089 6.20 1018.0
2457890.81386 18.985 0.079 6.65 597.0
2457893.64557 19.019 0.074 7.42 458.0
2457893.76250 18.974 0.051 5.44 421.0
2457893.88368 18.985 0.046 4.91 420.0
2457894.62929 18.862 0.051 6.33 473.0
2457894.75539 19.000 0.037 4.08 344.0
2457894.86551 19.030 0.047 4.55 409.0
2457895.62622 18.983 0.053 5.56 538.0
2457897.67024 19.043 0.055 5.65 384.0
2457900.91713 18.974 0.065 6.81 433.0
2457901.60567 18.917 0.069 7.48 460.0
2457901.73492 18.957 0.044 5.17 451.0
2457902.59989 18.904 0.069 7.77 440.0
2457902.71480 18.994 0.042 4.84 347.0
2457902.83697 19.099 0.070 6.31 418.0
2457903.76480 18.931 0.060 7.22 339.0
2457903.88339 19.057 0.058 5.75 431.0
2457904.62529 19.051 0.056 5.98 397.0
2457904.74075 19.002 0.035 4.12 303.0
2457904.86304 18.931 0.039 4.47 367.0
2457905.59052 18.875 0.054 6.46 443.0
2457905.70879 18.987 0.035 3.83 319.0
2457905.83005 19.065 0.043 3.92 406.0
2457905.94290 18.922 0.062 4.68 901.0
2457906.64913 19.052 0.044 4.42 398.0
2457906.77959 18.999 0.040 3.87 410.0
2457906.88934 19.036 0.051 4.17 554.0
2457907.65858 18.990 0.051 4.67 545.0
2457907.75384 19.004 0.042 4.02 493.0
2457908.60373 19.009 0.069 6.05 619.0
2457908.72109 19.050 0.044 4.10 447.0
2457908.84172 19.057 0.047 4.65 404.0
2457908.93623 19.002 0.065 5.36 685.0
2457909.64452 18.943 0.047 4.54 489.0
2457909.76534 18.987 0.049 3.88 608.0
2457909.86826 18.971 0.042 3.82 525.0
2457910.56599 19.043 0.078 6.33 709.0
2457910.66020 19.001 0.049 4.56 497.0
2457910.79216 19.044 0.045 3.81 511.0
2457910.90984 19.189 0.060 4.68 547.0
2457911.62657 18.996 0.069 6.11 618.0
2457911.76038 19.039 0.091 7.32 617.0
2457917.60749 18.982 0.062 5.64 565.0
2457917.72410 19.035 0.047 4.10 518.0
2457917.83389 19.078 0.070 5.24 651.0
2457918.57614 19.068 0.069 6.78 703.0
2457922.58570 19.019 0.067 6.45 497.0
2457922.71643 19.053 0.056 5.65 404.0
2457923.58780 18.995 0.058 5.81 482.0
2457923.72475 18.923 0.063 6.92 410.0
2457923.83338 19.048 0.061 5.56 443.0
2457924.61756 19.090 0.051 5.29 371.0
2457924.74449 19.048 0.044 3.85 370.0
2457924.85196 19.037 0.047 4.10 477.0
2457925.64157 19.051 0.041 4.46 340.0
2457925.77779 18.974 0.047 5.26 342.0
2457925.89727 19.004 0.070 6.71 560.0
2457926.68080 19.048 0.048 5.34 332.0
2457926.81522 19.100 0.065 6.30 408.0
2457928.65694 19.128 0.059 5.86 389.0
2457932.69770 19.099 0.072 7.01 390.0
2457932.81862 18.983 0.052 5.58 390.0
2457933.67961 18.895 0.051 6.74 304.0
2457933.80628 19.031 0.066 7.27 351.0
2457934.50386 19.017 0.063 6.16 518.0
2457934.61064 18.997 0.050 5.54 362.0
2457934.73360 19.038 0.041 4.46 338.0
2457934.84151 18.999 0.057 6.21 357.0
2457935.59168 19.037 0.050 5.09 378.0
2457935.71411 19.041 0.044 4.43 323.0
2457935.82330 19.056 0.038 4.12 309.0
2457935.88784 19.047 0.046 4.72 387.0
2457936.57489 19.054 0.051 5.53 368.0
2457936.71088 19.002 0.045 5.06 324.0
2457936.83077 19.006 0.052 5.96 313.0
2457937.51627 19.095 0.068 5.94 554.0
2457937.62695 18.959 0.043 4.89 365.0
2457937.75907 18.953 0.051 6.00 366.0
2457938.53957 19.029 0.069 6.07 550.0
2457938.65705 18.977 0.067 6.96 467.0
2457944.50853 19.130 0.091 6.14 831.0
2457944.54921 19.031 0.063 4.91 774.0
2457944.60061 19.042 0.063 5.08 685.0
2457944.64991 18.953 0.053 4.22 702.0
2457944.71122 19.060 0.061 4.66 639.0
2457944.75949 19.080 0.064 4.83 660.0
2457944.81170 19.045 0.091 6.43 820.0
2457944.84224 18.939 0.117 7.16 1351.0
2457945.54799 19.091 0.060 5.06 569.0
2457945.65949 19.134 0.051 4.39 451.0
2457945.77045 19.067 0.051 4.42 538.0
2457946.48331 19.030 0.062 6.57 403.0
2457946.60282 19.033 0.054 5.24 447.0
2457946.73195 19.044 0.056 5.49 428.0
2457946.84011 19.007 0.070 6.05 576.0
2457947.58600 19.037 0.050 5.33 379.0
2457947.74682 19.064 0.068 6.44 423.0
2457948.48212 18.899 0.058 6.87 404.0
2457948.60689 19.031 0.041 4.51 341.0
2457948.74524 19.061 0.048 4.66 435.0
2457948.84726 19.104 0.069 6.02 546.0
2457949.65033 19.147 0.064 5.77 438.0
2457952.67513 18.976 0.043 4.83 336.0
2457952.79846 18.940 0.058 6.79 345.0
2457953.56824 19.030 0.047 5.20 335.0
2457953.69917 19.085 0.044 5.16 277.0
2457953.81684 19.076 0.056 5.91 375.0
2457954.57457 19.015 0.037 4.00 319.0
2457954.73233 19.135 0.048 4.54 408.0
2457955.77543 19.042 0.045 4.76 321.0
2457956.57022 19.128 0.045 4.52 340.0
2457956.70322 19.025 0.045 4.84 331.0
2457957.54382 19.006 0.055 5.95 385.0
2457957.74588 19.102 0.054 6.04 338.0
2457958.63981 19.015 0.058 6.51 330.0
2457958.75346 19.091 0.051 5.42 331.0
2457959.50129 18.964 0.042 5.01 365.0
2457959.61594 19.049 0.041 4.53 321.0
2457959.73160 19.036 0.040 4.58 307.0
2457960.48773 18.976 0.058 6.46 400.0
2457960.62032 19.008 0.045 5.34 346.0
2457960.74115 18.876 0.043 5.70 354.0
2457961.57144 18.982 0.047 5.48 400.0
2457961.66594 19.021 0.044 4.84 349.0
2457962.50076 19.006 0.041 4.46 364.0
2457962.76349 19.050 0.050 5.36 451.0
2457964.56089 18.969 0.046 4.73 410.0
2457964.67588 19.077 0.059 5.40 452.0
2457965.65782 19.033 0.049 5.09 377.0
2457966.53077 19.062 0.072 6.83 442.0
2457966.61750 18.997 0.066 7.19 351.0
2457966.72880 18.949 0.056 6.54 361.0
2457967.65727 19.159 0.079 6.85 449.0
2457967.72522 19.038 0.063 6.12 464.0
2457971.50173 19.012 0.095 5.58 1337.0
2457971.54239 18.964 0.069 5.38 807.0
2457971.59222 19.040 0.074 5.54 703.0
2457971.63053 19.185 0.076 4.81 766.0
2457971.67960 19.009 0.067 4.66 905.0
2457971.72153 19.069 0.072 4.82 840.0
2457972.51387 19.009 0.086 6.32 711.0
2457972.55058 19.033 0.084 6.23 691.0
2457972.60307 18.972 0.065 5.08 655.0
2457972.64745 19.032 0.076 5.65 665.0
2457972.70983 19.055 0.071 4.98 756.0
2457972.74623 18.883 0.084 6.26 922.0
2457973.63517 18.985 0.066 5.72 627.0
2457974.50021 19.080 0.059 5.03 517.0
2457974.61573 19.084 0.061 5.24 486.0
2457974.72975 19.004 0.059 4.70 617.0
2457979.47732 18.992 0.048 4.72 483.0
2457979.61177 19.047 0.039 3.77 391.0
2457980.54758 18.973 0.061 6.16 446.0
2457980.66012 19.024 0.063 5.76 452.0
2457981.60143 19.063 0.048 4.60 384.0
2457982.49261 19.066 0.054 5.27 413.0
2457982.62273 19.034 0.056 5.64 384.0
2457983.55023 19.066 0.052 5.03 366.0
2457983.66220 19.023 0.042 4.92 328.0
2457984.57575 19.046 0.055 5.40 364.0
2457985.50407 19.096 0.070 6.45 429.0
2457985.62148 19.065 0.070 7.07 375.0
2457986.59886 19.066 0.045 4.78 343.0
2457987.51873 18.992 0.037 3.83 360.0
2457987.64808 18.969 0.037 3.81 371.0
2457990.57881 19.043 0.052 5.21 398.0
2457991.49649 18.995 0.048 5.09 406.0
2457991.62979 18.951 0.051 5.84 359.0
2457992.54584 19.085 0.044 4.26 369.0
2457993.48047 19.048 0.058 5.29 502.0
2457993.59316 19.097 0.053 5.31 363.0
2457994.52700 19.032 0.057 5.54 451.0
2457994.63813 19.004 0.056 5.68 433.0
2458000.48141 19.076 0.070 5.50 633.0
2458000.53583 19.103 0.084 6.91 543.0
2458000.57697 18.950 0.072 6.62 594.0
2458000.63288 19.070 0.075 5.76 694.0
2458001.56104 19.133 0.053 4.25 538.0
2458002.53184 18.855 0.106 6.34 1481.0
2458003.55284 19.151 0.097 6.98 555.0
2458004.56390 18.986 0.065 6.37 470.0
2458007.51680 19.118 0.067 6.17 425.0
2458008.53623 18.909 0.051 5.68 385.0
2458010.56657 19.011 0.055 5.53 425.0
2458012.50105 19.043 0.053 4.95 463.0
2458013.50519 19.005 0.043 4.09 427.0
2458014.52417 19.083 0.049 4.60 405.0
2458015.51197 19.143 0.079 7.24 409.0
2458016.52984 19.096 0.061 5.81 423.0
2458017.55480 18.968 0.045 4.81 422.0
2458019.48571 19.043 0.051 4.48 476.0
2458020.53286 19.183 0.065 5.14 418.0
2458026.51275 19.025 0.080 4.19 1599.0
2458026.55596 19.056 0.079 4.78 1190.0
2458030.48788 18.996 0.054 4.15 706.0
2458035.56523 19.010 0.066 5.85 505.0
2458037.54900 18.986 0.080 6.93 533.0
2458039.53335 18.964 0.063 6.13 480.0
2458041.50700 19.140 0.062 5.44 470.0
2458049.52856 19.001 0.044 3.96 690.0
2458056.50287 18.983 0.090 6.58 778.0
2458161.85812 19.039 0.068 6.05 582.0
2458162.86656 19.014 0.048 4.97 475.0
2458163.88845 18.993 0.063 4.81 871.0
2458164.87802 19.044 0.054 5.35 483.0
2458165.87529 18.965 0.045 4.46 470.0
2458166.85829 19.016 0.067 6.59 486.0
2458167.84266 18.967 0.055 5.61 497.0
2458167.88253 19.068 0.051 5.14 431.0
2458168.86365 19.028 0.054 5.50 429.0
2458169.84142 19.089 0.070 6.43 477.0
2458169.88643 18.912 0.050 5.21 470.0
2458170.86027 18.994 0.042 4.11 435.0
2458171.83508 18.917 0.051 5.20 514.0
2458171.86927 19.116 0.052 4.51 442.0
2458172.84062 19.061 0.051 5.15 461.0
2458172.87965 19.020 0.051 4.82 479.0
2458173.85040 18.988 0.049 4.83 563.0
2458173.89112 18.952 0.041 3.87 495.0
2458174.86127 19.012 0.051 4.50 558.0
2458174.90013 19.119 0.059 3.65 946.0
2458175.85991 18.999 0.049 5.10 439.0
2458175.89904 19.060 0.060 4.24 819.0
2458176.85293 19.027 0.049 4.64 481.0
2458176.89255 19.037 0.046 4.31 460.0
2458181.84598 19.067 0.057 4.25 676.0
2458181.88768 19.036 0.054 4.24 582.0
2458182.89643 19.097 0.051 3.91 554.0
2458183.90143 18.967 0.053 4.49 660.0
2458184.87004 19.099 0.063 4.69 592.0
2458185.82832 19.060 0.081 6.10 748.0
2458185.87817 18.997 0.068 5.72 639.0
2458189.78764 18.991 0.050 5.20 457.0
2458190.89781 19.061 0.041 4.08 363.0
2458191.88456 19.157 0.061 5.66 381.0
2458192.87489 19.054 0.052 5.24 392.0
2458193.85125 18.966 0.047 5.54 345.0
2458194.81403 19.000 0.050 5.64 363.0
2458195.78778 19.036 0.063 6.61 424.0
2458195.90646 19.017 0.037 3.67 393.0
2458196.87398 18.989 0.044 4.85 338.0
2458197.81759 19.012 0.045 4.95 376.0
2458198.77405 19.060 0.046 4.98 401.0
2458198.88999 19.045 0.050 4.52 434.0
2458199.82628 19.029 0.044 4.82 355.0
2458200.81622 19.094 0.047 4.74 391.0
2458201.76036 18.997 0.074 7.44 468.0
2458201.86669 19.073 0.047 5.07 335.0
2458202.79424 19.058 0.050 4.94 437.0
2458202.91071 18.977 0.041 4.03 429.0
2458203.84334 18.998 0.037 3.75 364.0
2458204.77505 19.095 0.063 5.72 497.0
2458204.89083 18.987 0.043 4.96 339.0
2458205.82036 19.121 0.062 5.95 402.0
2458206.75607 18.994 0.057 5.50 614.0
2458206.86254 19.009 0.036 3.63 392.0
2458207.78240 19.115 0.058 4.89 580.0
2458207.88980 19.006 0.039 3.79 416.0
2458208.80921 19.008 0.050 3.97 652.0
2458209.73298 18.914 0.065 5.74 823.0
2458209.83743 18.995 0.050 4.60 548.0
2458210.74138 19.164 0.082 5.80 766.0
2458210.85027 19.071 0.048 3.95 538.0
2458211.75706 19.104 0.064 5.26 639.0
2458211.86393 18.998 0.044 4.02 535.0
2458212.76408 19.137 0.069 5.08 725.0
2458212.85714 19.048 0.045 3.48 597.0
2458217.80544 19.021 0.058 6.13 419.0
2458220.73058 19.050 0.065 7.10 353.0
2458220.82460 18.955 0.044 5.53 306.0
2458221.74614 19.137 0.063 6.34 327.0
2458221.85795 19.054 0.039 4.10 327.0
2458222.74875 19.076 0.041 4.41 335.0
2458222.88978 19.019 0.048 4.68 377.0
2458223.86364 19.068 0.050 4.96 351.0
2458224.74322 19.120 0.056 4.96 410.0
2458224.88027 19.088 0.046 4.71 378.0
2458226.81361 18.949 0.056 6.57 349.0
2458227.69834 19.151 0.065 6.21 396.0
2458227.83839 19.092 0.038 3.91 313.0
2458228.74943 19.027 0.048 5.10 373.0
2458228.89264 19.059 0.041 4.30 324.0
2458229.77793 18.949 0.035 4.28 310.0
2458229.89370 19.072 0.041 4.27 337.0
2458230.76346 18.987 0.042 4.98 355.0
2458230.89922 19.048 0.038 4.13 317.0
2458232.90187 18.974 0.041 4.26 349.0
2458233.84903 19.039 0.040 4.42 338.0
2458236.71562 19.143 0.054 4.14 594.0
2458238.71171 19.044 0.071 5.55 777.0
2458238.83056 18.982 0.049 4.22 645.0
2458244.68616 19.038 0.058 5.39 512.0
2458244.80673 19.003 0.044 4.06 489.0
2458245.74126 18.988 0.061 5.56 519.0
2458245.85247 19.161 0.079 5.82 563.0
2458246.70937 19.054 0.057 5.81 415.0
2458246.82629 19.055 0.051 4.68 477.0
2458247.74121 19.107 0.047 4.71 378.0
2458247.87203 18.993 0.058 5.40 502.0
2458248.74246 18.996 0.055 5.81 403.0
2458249.70886 18.960 0.058 6.61 385.0
2458249.82103 19.047 0.047 4.96 375.0
2458250.64836 19.051 0.045 5.08 370.0
2458250.76352 19.058 0.036 3.92 330.0
2458250.89558 19.041 0.042 4.25 384.0
2458251.68745 18.958 0.054 6.35 365.0
2458251.81662 19.166 0.069 6.22 392.0
2458251.94144 18.997 0.085 4.74 1438.0
2458253.63494 19.023 0.062 6.67 420.0
2458253.74481 19.105 0.043 4.43 349.0
2458254.63086 18.997 0.048 4.83 459.0
2458254.76165 18.996 0.034 3.46 378.0
2458254.91230 18.968 0.036 3.53 443.0
2458255.70525 19.013 0.046 4.89 343.0
2458255.85941 18.948 0.045 4.60 409.0
2458256.63658 19.016 0.060 6.35 407.0
2458256.75840 18.943 0.047 5.32 366.0
2458256.88816 19.070 0.051 4.57 443.0
2458257.69779 18.999 0.047 5.14 358.0
2458257.81052 19.000 0.052 5.80 351.0
2458258.65611 19.014 0.045 5.04 360.0
2458258.79921 18.897 0.036 4.14 329.0
2458258.93067 19.121 0.041 3.25 477.0
2458259.76338 19.056 0.048 4.65 420.0
2458259.88793 19.027 0.053 4.74 490.0
2458260.75278 18.940 0.032 3.43 414.0
2458261.67468 19.008 0.045 4.10 422.0
2458261.83160 18.996 0.039 4.15 350.0
2458262.66113 18.986 0.044 4.82 371.0
2458262.77762 18.963 0.034 3.81 328.0
2458263.70227 19.023 0.039 3.97 402.0
2458263.83479 19.022 0.032 3.62 283.0
2458264.71610 18.995 0.041 3.68 515.0
2458264.83667 19.072 0.047 3.89 532.0
2458265.61365 19.124 0.079 5.66 683.0
2458265.73049 19.054 0.049 4.29 520.0
2458265.88104 19.137 0.054 4.19 546.0
2458266.73424 18.955 0.056 5.06 610.0
2458272.72155 19.041 0.050 4.71 463.0
2458272.83824 19.049 0.054 4.73 499.0
2458272.94391 19.006 0.076 5.04 944.0
2458273.69138 19.027 0.039 3.93 377.0
2458273.82730 19.073 0.051 4.88 413.0
2458273.91714 19.040 0.052 4.88 452.0
2458274.66962 19.006 0.056 6.21 360.0
2458274.79702 18.986 0.050 5.08 442.0
2458274.91219 18.997 0.082 6.76 711.0
2458275.67135 19.120 0.050 4.89 350.0
2458275.80654 19.116 0.046 4.13 429.0
2458275.92333 19.182 0.065 4.56 636.0
2458276.66802 19.025 0.043 4.86 331.0
2458276.79599 19.016 0.039 3.98 371.0
2458277.59999 18.933 0.047 5.14 419.0
2458277.73398 19.027 0.037 4.19 308.0
2458277.85034 19.018 0.046 4.58 424.0
2458278.55080 18.944 0.056 5.99 499.0
2458278.68530 19.007 0.045 4.74 465.0
2458282.56782 19.108 0.057 5.60 414.0
2458282.69055 19.036 0.034 4.00 279.0
2458282.83238 19.006 0.042 4.50 370.0
2458283.54153 18.978 0.061 6.24 473.0
2458283.64257 18.974 0.045 5.34 336.0
2458283.77805 19.025 0.039 4.02 365.0
2458283.89077 19.148 0.065 5.71 445.0
2458284.61301 19.059 0.048 5.44 321.0
2458284.74705 18.906 0.035 4.46 301.0
2458284.85876 18.896 0.044 5.19 369.0
2458285.76141 18.895 0.046 5.66 344.0
2458286.57978 19.116 0.046 5.10 302.0
2458286.71480 19.051 0.038 4.32 280.0
2458286.85502 18.983 0.039 4.19 346.0
2458287.56751 19.010 0.044 5.00 353.0
2458287.70591 18.945 0.043 6.03 283.0
2458287.84790 19.028 0.036 4.05 299.0
2458288.54352 19.107 0.054 5.37 386.0
2458288.66987 19.012 0.037 4.29 291.0
2458288.80758 18.964 0.040 4.54 314.0
2458289.53994 19.044 0.059 5.91 474.0
2458289.66672 19.030 0.036 3.91 334.0
2458289.81178 18.958 0.047 5.36 357.0
2458290.53282 19.050 0.066 5.62 627.0
2458290.66789 18.986 0.042 4.44 379.0
2458290.80826 18.992 0.051 5.16 411.0
2458291.57587 18.959 0.058 4.95 758.0
2458291.72428 18.994 0.047 4.09 501.0
2458291.85803 18.990 0.049 4.71 445.0
2458292.58713 19.054 0.067 6.29 434.0
2458292.71812 19.083 0.056 4.70 494.0
2458292.86850 19.031 0.049 4.38 470.0
2458293.59350 19.108 0.072 6.07 519.0
2458293.73716 19.021 0.059 5.61 495.0
2458294.62038 18.865 0.079 7.43 616.0
2458294.77311 18.912 0.080 7.37 677.0
2458299.52851 19.086 0.102 6.40 1062.0
2458301.60046 18.933 0.082 7.75 549.0
2458301.71056 18.918 0.070 7.33 547.0
2458301.83539 19.011 0.091 7.40 715.0
2458303.64051 18.832 0.060 7.85 365.0
2458304.61801 19.030 0.074 7.46 406.0
2458304.74091 18.995 0.076 7.40 482.0
2458305.64498 18.913 0.057 7.16 329.0
2458305.76562 19.026 0.065 6.83 385.0
2458306.67242 19.022 0.065 6.96 373.0
2458306.76135 19.045 0.069 7.29 387.0
2458307.48437 19.024 0.069 6.52 539.0
2458307.59053 19.103 0.047 4.77 388.0
2458307.71546 19.115 0.047 4.80 340.0
2458307.83576 19.000 0.055 5.51 434.0
2458308.54958 18.907 0.039 5.25 301.0
2458308.66977 19.035 0.040 4.52 289.0
2458308.78978 18.962 0.057 5.76 437.0
2458309.52398 18.974 0.044 5.33 359.0
2458309.66529 18.976 0.037 4.21 317.0
2458309.76831 18.983 0.039 4.12 369.0
2458310.48859 18.997 0.058 5.73 422.0
2458310.57953 18.901 0.042 5.13 385.0
2458310.66943 18.965 0.042 4.89 381.0
2458310.76288 18.951 0.045 5.43 361.0
2458311.50216 18.960 0.063 7.35 382.0
2458311.61476 19.007 0.043 5.28 301.0
2458311.74589 19.066 0.044 4.32 367.0
2458312.47038 19.018 0.081 6.75 646.0
2458312.58433 19.089 0.049 5.28 336.0
2458312.72515 19.010 0.037 4.29 314.0
2458313.47880 19.057 0.053 5.10 508.0
2458313.58304 18.991 0.034 3.96 294.0
2458313.70548 19.051 0.039 3.84 339.0
2458313.81428 19.004 0.042 3.77 438.0
2458314.55016 18.977 0.045 4.88 393.0
2458314.67176 19.081 0.043 4.12 366.0
2458314.78977 19.070 0.046 4.91 340.0
2458316.54919 19.026 0.063 6.39 411.0
2458316.66569 19.012 0.055 5.91 349.0
2458320.48920 19.088 0.058 5.36 486.0
2458320.60866 18.945 0.045 5.28 393.0
2458320.73068 19.010 0.044 4.94 354.0
2458321.52253 19.040 0.061 5.06 593.0
2458328.48692 19.001 0.074 5.97 661.0
2458328.59998 18.978 0.054 4.93 575.0
2458328.71263 18.963 0.064 5.46 657.0
2458329.51123 18.963 0.055 5.34 504.0
2458329.62309 19.025 0.061 5.71 534.0
2458329.73145 19.088 0.053 4.21 561.0
2458330.54296 19.165 0.049 4.45 450.0
2458331.52799 19.052 0.038 4.04 323.0
2458331.65140 18.965 0.042 4.83 384.0
2458332.52851 18.936 0.045 4.91 404.0
2458332.65264 19.031 0.051 5.00 446.0
2458333.50988 19.043 0.052 5.08 451.0
2458333.64361 18.979 0.036 4.04 321.0
2458334.55276 19.062 0.043 4.16 413.0
2458334.67610 19.053 0.042 4.38 344.0
2458335.68808 19.114 0.060 5.95 348.0
2458336.57150 19.029 0.037 4.11 288.0
2458336.74514 19.010 0.044 4.50 357.0
2458338.57521 18.972 0.048 5.69 357.0
2458339.47446 19.002 0.051 4.81 490.0
2458339.61414 19.063 0.037 4.11 277.0
2458340.51215 18.934 0.039 4.12 362.0
2458340.72984 19.132 0.048 4.92 314.0
2458341.58732 18.996 0.038 4.18 320.0
2458342.49402 18.979 0.052 5.52 383.0
2458342.65310 18.964 0.051 5.60 365.0
2458344.50745 19.081 0.050 4.75 403.0
2458344.63845 18.906 0.045 4.97 381.0
2458345.54022 19.024 0.059 5.66 448.0
2458345.70657 18.987 0.036 3.96 303.0
2458346.58806 18.937 0.041 4.73 314.0
2458347.49246 19.019 0.049 5.29 336.0
2458347.62880 18.984 0.040 4.36 311.0
2458348.55257 18.962 0.060 5.82 437.0
2458349.51820 19.004 0.070 6.70 432.0
2458349.72615 19.056 0.075 5.22 909.0
2458355.52761 19.088 0.061 4.94 539.0
2458355.69216 18.904 0.058 5.22 677.0
2458356.66009 19.015 0.046 3.88 576.0
2458357.56669 19.059 0.045 3.63 502.0
2458358.53545 19.044 0.058 4.96 505.0
2458358.69920 19.058 0.072 6.00 590.0
2458359.60335 19.008 0.051 4.54 487.0
2458360.54822 19.047 0.057 5.39 411.0
2458360.68140 19.138 0.087 6.50 593.0
2458363.53050 18.917 0.047 5.39 391.0
2458364.48553 19.036 0.051 4.85 451.0
2458364.64498 19.041 0.035 4.00 320.0
2458366.56090 18.999 0.039 4.02 342.0
2458367.57143 19.010 0.036 3.60 348.0
2458368.52512 18.943 0.040 4.19 359.0
2458369.48302 18.966 0.051 4.72 456.0
2458369.64350 18.941 0.041 4.37 388.0
2458370.63757 19.141 0.052 4.58 397.0
2458371.58889 18.997 0.044 4.75 348.0
2458372.55987 19.030 0.043 4.11 366.0
2458373.53900 18.990 0.055 5.50 365.0
2458375.56936 19.070 0.058 5.66 384.0
2458376.50126 19.001 0.065 6.69 408.0
2458376.62833 18.949 0.064 6.72 412.0
2458377.56046 19.055 0.069 5.39 785.0
2458382.51803 19.056 0.047 3.65 556.0
2458382.62559 19.072 0.050 3.50 669.0
2458383.56471 18.957 0.068 5.76 626.0
2458384.51522 19.044 0.060 4.57 585.0
2458384.60751 19.017 0.058 4.27 669.0
2458385.53824 18.953 0.037 3.16 549.0
2458385.62901 19.120 0.047 3.59 654.0
2458387.53979 18.969 0.071 4.21 1144.0
2458392.52015 18.989 0.066 6.40 442.0
2458393.50477 19.190 0.069 6.21 381.0
2458393.59658 18.937 0.066 6.76 418.0
2458394.57332 19.079 0.057 5.43 370.0
2458398.52060 19.018 0.054 5.40 391.0
2458401.52050 19.035 0.064 5.96 438.0
2458404.55448 18.957 0.069 6.48 541.0
2458409.57138 19.223 0.108 6.95 739.0
2458411.56439 18.925 0.079 6.40 777.0
2458415.51445 19.104 0.109 6.89 814.0
2458418.53214 19.027 0.089 7.31 564.0
2458423.51930 19.107 0.091 7.31 562.0
2458425.52239 18.934 0.055 5.00 512.0
2458530.87239 18.943 0.044 4.77 419.0
2458532.87341 18.983 0.060 5.66 574.0
2458534.87230 19.060 0.066 5.38 656.0
2458535.87754 19.061 0.070 5.92 603.0
2458536.86490 19.054 0.059 5.00 601.0
2458537.85238 18.950 0.059 5.93 509.0
2458538.88394 19.021 0.048 4.84 499.0
2458539.86373 18.979 0.049 4.69 520.0
2458540.84628 19.096 0.088 5.17 1189.0
2458540.88652 19.084 0.069 4.49 875.0
2458544.88692 19.067 0.041 4.64 346.0
2458546.86436 19.056 0.047 5.09 360.0
2458546.90417 18.919 0.051 4.52 708.0
2458547.87387 19.035 0.041 4.49 362.0
2458548.81970 18.925 0.042 4.58 471.0
2458548.87765 19.050 0.041 4.00 431.0
2458549.81518 18.909 0.056 6.48 402.0
2458549.86538 18.980 0.044 5.05 369.0
2458550.82890 18.974 0.041 4.74 362.0
2458550.87805 19.082 0.042 4.56 359.0
2458551.83916 19.153 0.068 7.16 364.0
2458551.88795 18.830 0.049 6.32 360.0
2458552.86031 18.969 0.055 6.41 360.0
2458552.90909 19.023 0.097 6.76 939.0
2458553.84260 18.951 0.061 6.79 396.0
2458554.81209 19.050 0.059 6.11 404.0
2458554.86371 19.017 0.041 4.42 367.0
2458554.90382 18.979 0.049 5.40 428.0
2458555.82489 18.919 0.038 4.59 369.0
2458555.87239 19.011 0.038 3.89 363.0
2458556.79632 19.100 0.055 5.47 389.0
2458556.83637 19.054 0.046 4.90 357.0
2458556.88662 19.046 0.042 4.62 361.0
2458557.79800 18.930 0.058 6.67 384.0
2458557.85367 18.968 0.040 4.65 344.0
2458557.89600 18.941 0.044 5.04 358.0
2458558.80681 18.996 0.047 5.12 403.0
2458558.84627 19.084 0.048 4.95 380.0
2458558.89550 19.066 0.048 5.25 357.0
2458559.79061 18.965 0.052 5.97 398.0
2458559.84029 18.999 0.039 4.28 345.0
2458559.88063 18.972 0.034 3.81 338.0
2458560.80035 19.027 0.047 4.54 513.0
2458560.84010 18.944 0.037 4.26 367.0
2458560.88902 19.000 0.037 3.84 378.0
2458561.79416 19.022 0.065 5.85 580.0
2458561.84638 19.009 0.055 5.10 487.0
2458561.88557 19.071 0.060 6.02 385.0
2458562.79092 18.980 0.068 5.91 663.0
2458562.83220 19.027 0.070 5.91 644.0
2458562.88822 19.004 0.057 5.08 559.0
2458563.77281 19.025 0.067 5.13 824.0
2458563.82836 18.930 0.047 4.11 666.0
2458563.86818 18.943 0.045 4.04 592.0
2458564.76933 19.143 0.067 4.93 675.0
2458564.81553 19.057 0.052 4.73 564.0
2458564.86709 19.010 0.047 4.07 547.0
2458564.90762 19.119 0.057 4.57 592.0
2458565.82466 18.964 0.054 5.10 591.0
2458565.86455 19.020 0.058 5.18 545.0
2458566.77618 19.134 0.062 4.93 645.0
2458566.82464 18.968 0.049 4.82 572.0
2458566.87583 18.985 0.044 4.17 501.0
2458567.76818 18.888 0.050 4.46 737.0
2458567.83827 19.080 0.053 4.46 569.0
2458567.88667 18.963 0.054 5.35 531.0
2458573.86087 19.140 0.083 7.56 395.0
2458573.90986 19.048 0.054 5.63 393.0
2458574.74235 18.997 0.055 6.23 373.0
2458574.86108 19.014 0.050 6.30 322.0
2458574.90141 19.031 0.048 5.65 324.0
2458575.75549 19.031 0.058 6.33 386.0
2458575.79475 19.041 0.054 5.99 349.0
2458575.84299 19.138 0.066 6.56 351.0
2458575.88210 18.935 0.046 5.33 352.0
2458576.77216 19.029 0.054 6.29 363.0
2458576.80805 19.026 0.057 6.52 369.0
2458576.85616 19.013 0.060 7.14 340.0
2458576.89564 19.075 0.065 7.49 328.0
2458577.73174 18.962 0.065 6.66 456.0
2458577.81361 19.024 0.075 7.44 425.0
2458577.89206 19.222 0.072 6.05 451.0
2458578.71915 19.021 0.059 6.27 424.0
2458578.76303 19.108 0.050 5.03 364.0
2458578.80248 19.180 0.053 4.83 395.0
2458578.86935 18.912 0.045 5.27 412.0
2458578.91195 19.083 0.059 6.16 385.0
2458579.74083 19.044 0.055 5.61 441.0
2458579.78041 19.035 0.054 5.24 462.0
2458579.82576 18.983 0.057 5.66 477.0
2458579.87830 19.088 0.058 5.48 467.0
2458580.71952 18.935 0.056 6.09 450.0
2458580.75212 19.008 0.054 5.71 398.0
2458580.80662 19.107 0.049 5.20 371.0
2458580.84611 19.050 0.051 5.56 385.0
2458580.91202 19.087 0.046 4.53 400.0
2458581.73978 19.137 0.050 5.20 393.0
2458581.83802 18.994 0.040 4.22 354.0
2458582.71921 19.041 0.051 5.72 362.0
2458582.79139 18.971 0.045 5.05 373.0
2458582.91296 19.049 0.042 4.00 424.0
2458583.74210 19.084 0.049 5.35 370.0
2458583.85193 19.018 0.038 4.01 374.0
2458584.72473 19.047 0.051 5.46 402.0
2458584.81915 19.041 0.040 4.53 337.0
2458585.71418 19.028 0.050 5.41 398.0
2458585.78393 19.070 0.046 5.26 366.0
2458585.91010 19.030 0.038 3.68 383.0
2458586.72193 19.040 0.051 5.85 369.0
2458586.82678 19.042 0.038 4.14 313.0
2458587.69722 19.028 0.074 6.88 519.0
2458587.76114 19.119 0.056 5.86 377.0
2458587.90399 18.931 0.043 4.81 384.0
2458588.71989 19.097 0.055 5.50 460.0
2458588.83205 19.010 0.033 3.74 313.0
2458589.70598 19.083 0.060 4.61 636.0
2458589.77688 19.063 0.049 4.38 492.0
2458589.90801 18.993 0.040 4.31 369.0
2458590.71825 18.937 0.047 4.63 626.0
2458590.82187 18.996 0.039 3.80 486.0
2458591.70250 18.963 0.055 4.92 740.0
2458591.77381 18.979 0.050 4.71 600.0
2458591.92701 18.952 0.063 4.69 891.0
2458592.81937 18.967 0.054 5.02 653.0
2458593.68285 18.865 0.084 6.32 1138.0
2458593.79924 19.063 0.077 5.11 1152.0
2458594.68244 19.002 0.072 5.24 921.0
2458594.73225 19.126 0.067 4.98 683.0
2458594.84801 19.016 0.047 3.90 633.0
2458595.69858 18.816 0.095 6.76 1345.0
2458595.78087 18.847 0.100 6.46 1525.0
2458595.92888 18.923 0.072 5.36 963.0
2458599.72047 18.988 0.056 5.61 488.0
2458599.77655 18.986 0.053 5.68 434.0
2458599.83192 18.972 0.041 4.52 411.0
2458599.91072 18.948 0.042 4.58 420.0
2458600.67787 18.936 0.056 6.31 407.0
2458600.79461 19.014 0.042 4.57 374.0
2458600.93491 18.965 0.055 3.82 1011.0
2458601.72798 19.023 0.044 4.93 400.0
2458601.92274 18.964 0.038 3.74 465.0
2458602.71976 18.978 0.034 4.08 323.0
2458602.88812 19.039 0.040 3.65 385.0
2458603.68715 18.993 0.051 6.01 367.0
2458603.81910 18.929 0.032 3.61 433.0
2458604.69289 19.048 0.057 6.36 385.0
2458604.81047 19.158 0.053 5.17 343.0
2458605.65810 18.968 0.055 6.31 411.0
2458605.75505 19.039 0.055 6.01 373.0
2458605.92024 18.972 0.043 4.53 401.0
2458606.70882 19.008 0.040 4.14 352.0
2458606.86250 19.020 0.035 3.42 367.0
2458607.67451 19.019 0.045 5.08 396.0
2458607.79256 19.107 0.044 4.20 394.0
2458607.91806 18.987 0.042 4.15 433.0
2458608.69436 18.941 0.050 5.77 459.0
2458608.89855 18.910 0.042 4.65 429.0
2458612.74650 19.092 0.057 5.93 324.0
2458612.87012 19.016 0.054 5.47 402.0
2458613.64828 19.131 0.085 7.69 429.0
2458613.75325 19.034 0.045 4.87 361.0
2458613.90578 18.984 0.044 4.13 487.0
2458614.66982 19.043 0.065 6.21 456.0
2458614.81011 19.008 0.054 5.32 429.0
2458615.64879 18.981 0.055 6.10 402.0
2458615.75612 19.102 0.043 4.35 345.0
2458615.91700 19.090 0.062 6.05 397.0
2458616.68204 19.074 0.052 5.03 461.0
2458616.82909 18.987 0.035 3.62 386.0
2458617.64256 19.050 0.050 4.75 490.0
2458617.72443 19.069 0.042 4.08 434.0
2458617.90604 18.944 0.039 3.63 482.0
2458618.67500 19.024 0.057 5.63 507.0
2458618.81450 19.031 0.053 4.95 514.0
2458619.63210 19.052 0.081 6.93 595.0
2458619.71558 18.994 0.057 5.67 468.0
2458619.89625 18.950 0.044 5.24 352.0
2458620.66494 19.129 0.065 5.61 535.0
2458620.81126 19.117 0.054 4.59 503.0
2458621.67171 18.906 0.088 7.38 742.0
2458621.81915 18.950 0.059 4.57 770.0
2458626.65596 19.229 0.114 6.28 1048.0
2458626.70624 18.996 0.098 6.01 1279.0
2458626.75901 19.018 0.068 4.98 823.0
2458626.82136 18.997 0.054 4.82 616.0
2458626.87116 18.984 0.057 4.63 671.0
2458626.92143 19.006 0.057 4.36 745.0
2458627.64960 19.131 0.063 5.12 796.0
2458627.71078 19.133 0.046 4.38 410.0
2458627.81528 18.992 0.043 4.39 497.0
2458635.69627 18.935 0.042 5.29 325.0
2458635.84395 19.057 0.052 5.25 397.0
2458636.57092 19.072 0.061 5.98 448.0
2458636.65609 19.005 0.043 4.85 347.0
2458636.80094 19.037 0.039 4.35 318.0
2458636.92303 18.985 0.051 5.33 474.0
2458637.61508 18.939 0.042 5.51 328.0
2458637.75918 19.110 0.047 4.67 369.0
2458637.88595 19.088 0.048 4.36 425.0
2458638.66457 19.043 0.043 5.35 336.0
2458638.85726 19.042 0.050 5.25 438.0
2458639.68452 19.016 0.037 4.12 365.0
2458639.91832 19.014 0.049 4.39 515.0
2458640.61868 19.139 0.056 5.85 356.0
2458640.77040 19.072 0.053 5.41 376.0
2458640.89537 19.037 0.056 5.39 461.0
2458641.65098 19.067 0.046 4.76 420.0
2458642.58262 19.084 0.058 5.31 479.0
2458642.83661 19.029 0.053 5.07 447.0
2458643.55040 19.025 0.065 6.87 467.0
2458643.63547 19.004 0.039 4.23 358.0
2458643.76977 19.017 0.037 4.28 337.0
2458643.87812 19.027 0.056 5.67 416.0
2458644.57326 19.085 0.056 5.19 472.0
2458644.67171 18.969 0.037 4.27 334.0
2458644.79713 19.022 0.059 6.11 411.0
2458644.90541 18.971 0.056 5.18 451.0
2458645.66572 19.076 0.064 6.00 503.0
2458646.60959 19.232 0.088 7.33 416.0
2458646.71656 19.072 0.062 6.29 396.0
2458646.82057 18.992 0.052 5.74 389.0
2458647.60636 19.022 0.062 5.82 522.0
2458647.67747 19.101 0.061 5.62 464.0
2458647.80006 19.018 0.064 6.12 477.0
2458648.60954 19.113 0.074 6.11 613.0
2458648.68211 19.104 0.063 5.45 514.0
2458648.80462 19.129 0.055 4.61 532.0
2458648.90699 19.033 0.075 6.90 511.0
2458649.62692 19.025 0.097 7.34 705.0
2458654.88726 19.027 0.048 3.65 778.0
2458655.63532 18.979 0.044 4.03 715.0
2458655.84076 18.992 0.058 5.07 684.0
2458656.64615 18.959 0.050 5.93 432.0
2458656.77344 19.059 0.052 5.51 459.0
2458656.88328 18.961 0.060 6.03 634.0
2458657.60724 18.941 0.042 4.96 329.0
2458657.71831 19.070 0.046 4.72 336.0
2458657.83771 18.996 0.040 4.28 385.0
2458658.54762 19.078 0.052 5.91 321.0
2458660.58763 18.985 0.046 5.64 312.0
2458660.86223 18.993 0.048 5.05 515.0
2458662.56330 19.135 0.070 6.82 408.0
2458662.81967 19.064 0.056 5.40 448.0
2458664.70533 18.984 0.034 4.40 264.0
2458666.50024 19.237 0.099 6.78 664.0
2458666.69181 19.043 0.044 5.29 298.0
2458667.57308 18.976 0.063 6.56 432.0
2458667.81308 18.997 0.044 5.25 358.0
2458668.66699 18.990 0.041 5.14 285.0
2458669.71831 18.986 0.041 4.93 327.0
2458670.51966 18.977 0.047 5.59 408.0
2458670.77993 19.038 0.038 4.17 310.0
2458673.64268 19.033 0.043 4.88 341.0
2458674.60167 19.129 0.068 6.78 356.0
2458674.84184 18.969 0.061 6.13 543.0
2458675.66288 19.024 0.043 4.02 445.0
2458676.52682 19.002 0.050 4.92 495.0
2458676.77592 19.118 0.061 5.23 528.0
2458676.84590 19.183 0.071 6.02 488.0
2458677.60508 19.022 0.067 5.73 618.0
2458681.53536 19.022 0.096 5.89 1166.0
2458681.76444 19.000 0.090 5.77 1059.0
2458682.52001 19.017 0.077 6.37 684.0
2458683.49267 18.868 0.064 7.10 474.0
2458683.57737 19.140 0.067 5.75 505.0
2458683.79974 19.032 0.056 5.05 527.0
2458684.54145 19.169 0.060 5.26 425.0
2458685.55606 18.960 0.044 5.17 432.0
2458688.58609 19.069 0.069 7.27 355.0
2458689.53165 19.114 0.071 6.70 394.0
2458689.77299 19.048 0.058 5.95 386.0
2458690.51879 18.981 0.057 6.03 407.0
2458690.73418 19.057 0.039 4.47 310.0
2458691.52728 19.036 0.035 3.98 306.0
2458691.78966 19.029 0.047 4.88 392.0
2458692.53416 19.105 0.053 5.07 513.0
2458692.78078 18.990 0.057 5.91 424.0
2458693.53157 19.076 0.058 6.33 335.0
2458694.52500 19.093 0.049 4.77 379.0
2458694.68285 18.984 0.033 3.86 347.0
2458695.52219 19.008 0.047 5.48 348.0
2458695.78881 18.975 0.040 4.66 366.0
2458697.78550 19.015 0.060 7.47 310.0
2458698.53660 18.969 0.042 5.01 320.0
2458699.68434 19.059 0.039 4.03 315.0
2458700.59514 18.955 0.040 4.56 340.0
2458701.73768 18.982 0.044 4.66 393.0
2458702.65159 19.019 0.050 5.48 345.0
2458704.68853 19.045 0.066 5.69 517.0
2458711.61395 18.980 0.052 4.88 548.0
2458711.74072 18.869 0.082 6.26 999.0
2458712.66853 19.172 0.085 6.82 507.0
2458713.69866 19.069 0.054 5.09 450.0
2458715.72942 19.050 0.059 5.63 477.0
2458716.69395 19.023 0.043 4.83 379.0
2458717.71170 18.870 0.067 7.65 419.0
2458718.72665 19.143 0.056 4.77 494.0
2458719.65362 19.077 0.050 5.51 349.0
2458722.70829 19.178 0.052 5.86 295.0
2458723.69447 19.077 0.045 4.79 360.0
2458724.68872 19.170 0.064 5.82 416.0
2458725.69330 19.040 0.047 5.34 335.0
2458726.68012 18.932 0.041 4.77 315.0
2458727.67714 18.868 0.049 5.73 393.0
2458728.68272 18.898 0.038 4.36 338.0
2458729.68850 19.007 0.048 5.28 363.0
2458730.66874 19.097 0.054 5.53 329.0
2458736.66418 19.004 0.085 6.51 752.0
2458737.65757 18.908 0.072 6.35 706.0
2458738.64447 19.136 0.100 6.87 768.0
2458739.64045 19.017 0.071 5.88 624.0
2458740.60072 19.077 0.078 6.38 577.0
2458741.65151 19.038 0.064 5.49 570.0
2458742.64688 19.184 0.077 5.85 562.0
2458747.59463 18.887 0.049 6.42 320.0
2458752.59677 18.972 0.051 5.87 374.0
2458757.58283 19.127 0.064 6.28 362.0
2458763.56960 19.181 0.082 5.84 656.0
2458899.85558 19.080 0.063 6.26 428.0
2458900.86385 19.090 0.047 5.01 378.0
2458901.86553 19.003 0.041 4.82 358.0
2458902.86530 18.973 0.044 5.30 348.0
2458903.86247 19.049 0.061 6.24 420.0
2458904.85271 19.073 0.050 5.77 332.0
2458905.84712 18.976 0.042 4.95 356.0
2458906.86093 18.969 0.047 5.81 379.0
2458907.85785 19.093 0.051 5.15 430.0
2458908.85231 19.105 0.066 6.45 414.0
2458909.83041 19.160 0.059 5.88 359.0
2458909.86604 19.051 0.039 4.58 328.0
2458910.82629 18.972 0.066 7.28 389.0
2458910.88916 18.974 0.074 7.44 467.0
2458911.84304 18.941 0.044 5.37 374.0
2458911.87729 18.888 0.046 5.97 362.0
2458912.81496 18.960 0.060 6.77 411.0
2458912.84968 19.069 0.047 5.50 357.0
2458912.89286 19.096 0.051 5.36 394.0
2458913.82033 19.178 0.071 6.72 396.0
2458913.86321 19.179 0.064 6.25 363.0
2458913.89904 18.962 0.070 6.80 551.0
2458914.86999 19.031 0.045 5.12 374.0
2458914.90426 18.962 0.066 5.78 732.0
2458915.85029 19.086 0.047 5.24 333.0
2458915.88515 19.055 0.043 5.05 339.0
2458916.81007 18.960 0.056 5.37 634.0
2458916.84457 19.036 0.053 5.02 531.0
2458916.89005 19.050 0.046 4.67 456.0
2458917.81366 19.027 0.074 5.61 811.0
2458917.85725 19.053 0.054 4.64 640.0
2458917.89395 19.011 0.064 5.31 707.0
2458918.83245 19.105 0.064 5.02 694.0
2458918.86691 19.016 0.052 5.07 571.0
2458918.90999 19.155 0.072 4.62 1044.0
2458919.81695 18.904 0.065 6.06 671.0
2458919.85945 19.260 0.068 5.06 562.0
2458919.89484 18.923 0.044 4.85 501.0
2458920.81612 19.000 0.055 5.01 643.0
2458920.85531 19.047 0.051 4.85 565.0
2458920.89781 19.003 0.052 5.59 513.0
2458921.79617 19.077 0.065 5.41 661.0
2458921.84124 18.987 0.049 4.76 562.0
2458921.87638 19.027 0.049 4.76 535.0
2458922.81383 18.967 0.064 5.82 674.0
2458923.79732 18.947 0.093 5.24 1883.0
2458923.81718 18.943 0.091 4.93 2012.0
2458923.83177 19.253 0.119 5.08 2035.0
2458923.87474 19.147 0.111 4.57 2351.0
2458923.88647 18.993 0.103 5.41 2381.0
2458923.89508 19.079 0.125 5.48 2459.0
2459795.60742 19.110 0.051 5.44 324.0
2459795.65563 19.055 0.050 5.81 331.0
2459795.69019 18.968 0.058 6.90 359.0
2459795.73524 19.071 0.067 6.73 419.0
2459795.76570 19.267 0.088 6.87 486.0
2459796.54642 19.007 0.057 6.24 373.0
2459796.63362 19.174 0.062 6.03 362.0
2459796.67783 19.044 0.046 5.37 346.0
2459796.71560 18.896 0.045 5.92 336.0
2459796.75885 19.120 0.060 6.19 351.0
2459797.59076 19.177 0.070 5.64 432.0
2459797.63398 18.983 0.061 5.82 434.0
2459797.68165 18.935 0.051 5.96 391.0
2459797.73280 19.017 0.058 5.44 468.0
2459797.76480 18.949 0.058 6.11 418.0
2459798.53354 19.235 0.109 7.26 656.0
2459798.71459 19.175 0.101 6.86 863.0
2459804.49599 19.138 0.063 5.00 589.0
2459804.53060 19.125 0.085 6.49 649.0
2459804.57623 19.066 0.059 5.31 531.0
2459804.61162 18.929 0.062 6.07 569.0
2459804.65542 19.156 0.087 6.72 634.0
2459804.69529 19.135 0.084 6.19 655.0
2459805.51947 18.914 0.059 6.03 455.0
2459805.55586 18.995 0.055 5.05 502.0
2459805.59958 18.923 0.050 5.02 537.0
2459805.63440 19.094 0.057 5.06 486.0
2459805.67707 18.980 0.052 4.94 544.0
2459805.71151 18.978 0.051 4.65 562.0
2459806.56367 19.142 0.081 6.94 535.0
2459806.61220 18.902 0.065 6.93 448.0
2459806.66012 19.024 0.071 6.69 469.0
2459806.69785 18.912 0.060 5.92 486.0
2459807.48136 18.880 0.057 5.84 562.0
2459807.52545 19.151 0.055 5.69 337.0
2459807.58229 19.011 0.045 5.41 330.0
2459807.63802 19.002 0.051 5.95 359.0
2459807.70374 19.085 0.055 5.49 418.0
2459807.73867 19.012 0.050 5.32 413.0
2459808.50966 19.082 0.069 7.19 344.0
2459808.57070 19.121 0.062 6.42 329.0
2459808.65795 19.019 0.051 5.70 340.0
2459808.69411 18.920 0.054 6.00 389.0
2459808.73966 19.042 0.054 4.98 402.0
2459809.59364 19.173 0.062 6.07 319.0
2459809.63857 18.872 0.046 6.20 310.0
2459809.71467 19.031 0.049 4.94 383.0
2459810.53056 19.047 0.034 3.91 308.0
2459810.56773 19.102 0.042 4.77 318.0
2459810.71596 18.984 0.039 4.62 325.0
2459811.50826 19.017 0.050 5.59 312.0
2459811.58491 18.975 0.045 5.49 312.0
2459811.69379 19.014 0.041 4.17 320.0
2459812.48069 19.162 0.099 7.42 571.0
2459812.51570 19.045 0.049 5.66 304.0
2459812.63072 19.053 0.047 5.04 300.0
2459812.71801 19.287 0.057 4.71 318.0
2459813.51467 18.954 0.065 7.28 350.0
2459813.69059 19.183 0.060 5.99 308.0
2459814.48180 18.894 0.061 6.09 592.0
2459814.52726 19.199 0.055 5.16 355.0
2459814.58047 18.911 0.043 5.72 323.0
2459814.67131 18.871 0.053 6.53 368.0
2459814.71390 18.901 0.056 6.72 370.0
2459815.51327 19.066 0.045 4.98 337.0
2459815.56690 19.035 0.054 6.06 358.0
2459815.68651 18.954 0.044 5.03 362.0
2459816.48851 19.073 0.058 5.54 364.0
2459816.52474 19.048 0.056 6.02 357.0
2459816.56919 19.024 0.047 5.38 347.0
2459816.68074 19.080 0.044 4.23 331.0
2459817.51225 19.085 0.064 6.51 404.0
2459817.58239 18.970 0.044 5.16 392.0
2459817.62779 18.978 0.044 5.27 363.0
2459817.71183 19.057 0.047 4.99 399.0
2459818.55243 19.115 0.075 6.79 430.0
2459818.69132 19.079 0.050 4.61 380.0
2459819.53367 19.059 0.044 4.55 424.0
2459819.59306 19.005 0.043 5.06 378.0
2459820.49953 19.132 0.052 5.29 379.0
2459820.54725 18.973 0.055 6.37 394.0
2459820.68853 19.007 0.049 5.30 371.0
2459821.52325 19.059 0.055 6.37 350.0
2459821.66009 19.029 0.049 5.51 363.0
2459822.49837 19.223 0.056 5.25 392.0
2459822.54737 18.939 0.049 5.99 374.0
2459823.56115 18.904 0.063 7.29 425.0
2459823.60838 18.829 0.049 6.25 429.0
2459824.52596 18.812 0.063 7.35 493.0
2459824.58155 19.116 0.081 7.18 509.0
2459825.61071 18.975 0.073 7.19 540.0
2459829.55122 18.832 0.090 7.49 903.0
2459829.65072 19.301 0.136 7.07 1003.0
2459830.65895 19.308 0.115 6.55 916.0
2459831.51748 18.959 0.064 5.95 658.0
2459831.57813 19.121 0.076 6.17 665.0
2459831.64557 18.998 0.079 6.40 808.0
2459832.52745 18.974 0.083 7.42 664.0
2459832.57481 19.170 0.096 7.08 703.0
2459834.52198 19.080 0.055 5.15 514.0
2459834.57130 18.971 0.055 5.40 590.0
2459834.62178 19.020 0.066 5.97 638.0
2459835.53650 18.890 0.069 7.66 429.0
2459835.59963 19.022 0.072 6.40 519.0
2459835.64682 19.028 0.061 6.29 396.0
2459836.64135 19.128 0.085 7.19 533.0
2459837.65388 19.003 0.053 4.94 533.0
2459838.60472 19.231 0.063 5.49 428.0
2459840.50043 19.077 0.056 6.00 382.0
2459840.54757 19.009 0.063 7.20 376.0
2459840.59783 18.966 0.058 6.54 403.0
2459841.51146 18.989 0.056 6.11 434.0
2459841.55960 19.146 0.057 5.47 434.0
2459841.60660 19.051 0.059 6.18 467.0
2459843.56324 18.954 0.063 6.86 407.0
2459843.61228 19.066 0.065 6.24 425.0
2459844.54770 18.909 0.055 6.53 439.0
2459844.59506 18.968 0.051 5.65 455.0
2459845.50584 18.997 0.065 7.20 396.0
2459845.55400 18.957 0.052 5.91 379.0
2459845.60329 19.176 0.052 4.78 396.0
2459846.59491 19.029 0.063 5.99 464.0
2459848.53259 18.968 0.059 6.41 442.0
2459848.57944 18.906 0.049 5.47 479.0
2459848.62671 18.976 0.050 5.29 464.0
2459850.55839 18.983 0.055 5.75 418.0
2459850.60543 18.907 0.051 5.97 420.0
2459851.60876 18.900 0.059 6.55 450.0
2459852.52591 18.971 0.070 7.63 445.0
2459852.57628 19.040 0.062 5.87 467.0
2459857.53554 19.303 0.123 7.50 764.0
2459857.59942 18.960 0.120 8.43 961.0
2459859.53347 19.094 0.057 4.87 666.0
2459859.58426 19.098 0.071 5.65 772.0
2459860.52226 18.988 0.075 6.19 718.0
2459860.57263 19.040 0.082 5.92 831.0
2459861.55442 18.909 0.064 5.39 792.0
2459863.50092 18.972 0.074 6.25 718.0
2459863.54953 18.862 0.065 5.91 708.0
2459865.54478 18.914 0.067 6.90 545.0
2459866.53586 19.014 0.053 4.60 613.0
2459867.51499 18.954 0.052 5.05 552.0
2459868.53868 19.002 0.055 4.79 523.0
2459869.53943 19.027 0.055 5.26 473.0
2459874.50300 18.977 0.072 5.72 774.0
2459876.50950 19.143 0.093 7.32 573.0
2459994.86685 19.105 0.053 5.08 464.0
2459999.86115 18.914 0.053 5.54 486.0
2460003.84928 19.021 0.048 4.63 485.0
2460007.84132 19.112 0.051 4.69 496.0
2460012.83592 19.014 0.045 3.96 613.0
2460015.82906 19.048 0.055 4.81 624.0
2460021.88343 19.068 0.043 4.58 380.0
2460024.85786 19.043 0.035 3.88 345.0
2460027.80426 19.105 0.054 5.75 376.0
2460029.86971 19.105 0.043 4.73 370.0
2460032.79814 19.070 0.045 4.79 365.0
2460034.84241 19.049 0.044 5.14 358.0
2460037.77814 19.057 0.047 4.62 471.0
2460039.90424 19.172 0.042 3.74 447.0
2460042.76488 19.011 0.048 4.51 633.0
2460048.77914 19.026 0.046 4.97 406.0
2460051.77709 19.079 0.052 5.81 347.0
2460054.74662 18.956 0.041 5.30 341.0
2460057.85217 19.068 0.052 5.98 392.0
2460059.90359 18.996 0.049 5.48 413.0
2460062.72302 18.947 0.041 5.04 407.0
2460065.87271 19.019 0.046 5.09 398.0
2460067.93479 19.009 0.078 4.44 1631.0
2460069.87727 19.114 0.072 4.94 851.0
2460075.93571 19.011 0.071 4.96 1138.0
2460085.67639 18.974 0.071 7.43 408.0
2460089.66188 19.083 0.051 4.73 486.0
2460091.74837 19.081 0.044 4.29 446.0
2460093.92814 18.959 0.071 6.32 684.0
2460095.92646 19.028 0.056 5.00 523.0
2460097.75798 19.088 0.061 4.72 671.0
2460098.82534 18.977 0.100 6.15 1335.0
2460105.61367 19.014 0.059 6.52 377.0
2460106.84181 19.069 0.058 5.68 418.0
2460108.71167 18.993 0.048 5.50 388.0
2460110.61492 18.995 0.049 5.31 392.0
2460111.84603 19.028 0.060 4.86 580.0
2460113.56889 19.037 0.053 5.64 429.0
2460116.75000 19.087 0.057 6.08 389.0
2460119.66316 18.989 0.059 6.57 382.0
2460120.82817 19.060 0.049 5.14 380.0
2460122.77588 18.967 0.049 5.54 379.0
2460124.58496 18.966 0.069 6.14 616.0
2460125.63002 18.989 0.065 5.82 592.0
2460130.59893 18.948 0.080 6.03 923.0
2460132.56151 19.064 0.054 5.64 439.0
2460134.64385 19.202 0.066 6.61 372.0
2460139.81872 18.939 0.054 5.47 474.0
2460141.76252 19.008 0.047 5.11 382.0
2460143.80825 19.020 0.053 5.93 380.0
2460149.68338 19.129 0.053 5.26 350.0
2460153.52212 18.999 0.070 6.29 583.0
2460153.78545 18.990 0.070 5.31 999.0
2460158.73842 19.026 0.075 5.04 1076.0
2460160.67528 18.964 0.055 5.10 501.0
2460165.69084 19.130 0.054 5.58 362.0
2460169.57212 19.078 0.047 5.37 311.0
2460171.58227 19.064 0.043 4.72 332.0
2460174.54803 19.108 0.064 6.53 367.0
2460179.50234 19.139 0.086 7.71 438.0
2460185.51060 19.052 0.110 7.49 867.0
2460187.69999 19.039 0.077 5.14 1016.0
2460201.54364 19.056 0.047 5.03 358.0
2460203.66179 19.117 0.063 5.77 433.0
2460206.62141 19.168 0.072 5.98 520.0
2460213.62799 18.943 0.083 6.55 779.0
2460219.55236 19.119 0.070 6.27 511.0
2460227.53571 19.147 0.076 5.96 554.0
2460230.58303 19.112 0.089 6.65 648.0
2460243.53826 18.938 0.071 5.77 776.0
2460370.87890 19.050 0.047 4.43 504.0
2460377.89528 19.035 0.042 4.21 402.0
2460381.83681 18.878 0.046 4.70 462.0
2460384.83047 19.097 0.055 5.03 495.0
2460387.84887 19.162 0.052 4.68 461.0
2460391.80375 18.956 0.051 4.91 521.0
2460393.88047 19.042 0.050 4.94 495.0
2460396.79006 18.948 0.055 4.77 717.0
2460398.86017 19.030 0.047 4.12 593.0
2460404.89297 19.020 0.046 4.84 443.0
2460407.87389 18.946 0.037 4.33 380.0
2460411.80198 19.042 0.050 5.43 388.0
2460418.82159 19.073 0.048 5.31 377.0
2460423.88450 19.007 0.057 4.75 683.0
2460425.92807 19.113 0.073 4.73 886.0
2460433.83887 18.994 0.056 5.57 484.0
2460435.91868 18.985 0.052 5.48 422.0
2460439.83032 19.143 0.057 5.31 468.0
2460448.69524 19.041 0.071 6.98 454.0
2460449.83599 18.965 0.050 5.89 378.0
2460458.70223 18.939 0.050 5.34 492.0
2460460.81399 19.069 0.058 5.53 451.0
2460463.63703 19.089 0.055 6.00 353.0
2460467.68970 18.944 0.045 4.84 530.0
2460469.91873 18.993 0.061 5.82 521.0
2460476.90235 19.010 0.078 7.01 635.0
2460478.87381 18.984 0.075 7.42 481.0
2460486.60931 18.982 0.068 6.41 563.0
2460488.70611 18.951 0.046 5.27 398.0
2460491.57032 19.028 0.044 4.88 341.0
2460493.52068 18.996 0.052 5.56 461.0
2460494.82912 19.134 0.071 6.53 440.0
2460496.71582 18.997 0.075 6.55 615.0
2460498.53017 19.014 0.049 5.45 411.0
2460500.49827 18.964 0.063 6.38 444.0
2460502.48599 19.022 0.080 6.97 539.0
2460503.72674 19.086 0.049 5.40 347.0
2460506.52235 19.005 0.051 5.28 466.0
2460508.50192 19.075 0.072 5.77 719.0
2460515.64726 19.036 0.060 6.10 445.0
2460517.60634 19.085 0.071 7.47 337.0
2460519.67995 18.945 0.048 5.67 337.0
2460528.56240 19.106 0.060 6.30 342.0
2460532.56260 19.044 0.043 5.02 338.0
2460534.75053 18.983 0.047 5.47 371.0
2460544.60020 18.916 0.054 5.79 435.0
2460549.54526 19.135 0.067 6.37 416.0
2460555.66870 19.073 0.046 4.59 367.0
2460558.67690 19.114 0.050 4.73 375.0
2460561.58819 19.008 0.046 5.07 360.0
2460569.50801 19.041 0.079 6.24 628.0
2460571.63970 18.958 0.081 6.01 881.0
2460576.58007 19.064 0.071 6.54 430.0
2460581.57661 19.045 0.062 5.94 425.0
2460586.50277 18.962 0.072 6.96 463.0
2460595.50933 18.988 0.093 7.34 818.0
2460596.52785 19.062 0.072 5.53 774.0
2460597.53855 18.975 0.066 5.79 752.0
2460598.51123 19.114 0.080 5.95 729.0
2460598.55862 19.176 0.092 6.20 834.0
2460599.51434 19.077 0.060 4.94 694.0
2460599.57383 18.927 0.056 4.83 820.0
2460600.51220 19.061 0.067 5.20 839.0
2460600.56071 18.973 0.071 5.28 1031.0
2460601.52577 18.985 0.066 5.12 823.0
2460601.56750 19.076 0.071 4.96 955.0
2460609.55718 18.964 0.062 5.47 638.0
2460721.88923 18.971 0.067 5.67 769.0
2460733.84669 19.135 0.067 6.34 471.0
2460736.84138 19.069 0.057 5.89 422.0
2460739.84016 18.889 0.045 5.04 489.0
2460742.82375 19.083 0.052 5.14 417.0
2460744.82868 18.909 0.049 5.41 460.0
2460747.82069 19.028 0.059 5.29 605.0
2460749.84474 18.980 0.056 4.92 629.0
2460751.87362 18.935 0.045 4.56 507.0
2460753.86199 19.062 0.053 4.35 601.0
2460761.82523 18.869 0.049 5.82 427.0
2460763.81524 18.972 0.056 6.07 415.0
2460765.81689 18.924 0.043 5.06 363.0
2460767.82087 18.807 0.038 4.94 392.0
2460769.81787 18.748 0.037 4.58 464.0
2460771.85192 18.667 0.040 6.07 367.0
2460773.79527 18.700 0.039 5.45 418.0
2460775.84800 18.546 0.034 5.25 453.0
2460778.78190 18.228 0.033 5.48 729.0
2460780.77306 18.121 0.028 5.14 653.0
2460781.70082 18.217 0.035 5.80 801.0
2460781.84404 18.226 0.029 5.33 630.0
2460787.75323 18.593 0.035 5.53 392.0
2460788.91061 18.771 0.036 4.30 407.0
2460790.73552 18.848 0.045 5.80 379.0
2460791.86096 18.822 0.033 4.22 375.0
2460793.73334 18.890 0.039 4.89 366.0
2460794.86052 18.981 0.043 4.96 340.0
2460797.81200 18.903 0.042 4.93 440.0
2460798.91165 19.062 0.048 5.22 373.0
2460800.75657 18.938 0.043 5.03 384.0
2460801.87271 18.991 0.043 4.24 424.0
2460803.83717 18.916 0.048 5.49 414.0
2460805.91806 18.960 0.052 5.53 422.0
2460807.67929 19.033 0.074 5.63 845.0
2460808.83618 19.099 0.067 4.64 869.0
2460813.91473 19.042 0.062 5.31 668.0
2460815.77856 18.992 0.036 4.17 376.0
2460817.64940 18.989 0.043 5.12 387.0
2460818.76831 18.995 0.039 4.76 349.0
2460819.87843 19.036 0.048 4.82 444.0
2460821.68019 18.918 0.056 6.83 367.0
2460823.70713 19.031 0.051 6.16 325.0
2460824.77632 19.025 0.050 4.95 405.0
2460825.81701 18.948 0.040 4.29 416.0
2460827.82619 19.048 0.043 4.47 384.0
2460829.77450 19.084 0.049 5.32 352.0
2460831.81976 19.029 0.054 5.82 393.0
2460833.64767 18.993 0.072 7.33 481.0
2460834.83320 19.093 0.055 4.87 535.0
2460841.64710 19.119 0.065 5.83 538.0
2460843.59594 18.949 0.079 7.76 537.0
2460844.67641 19.069 0.056 5.92 370.0
2460845.83952 19.030 0.068 6.26 524.0
2460846.87768 18.981 0.058 5.17 606.0
2460847.89090 19.015 0.087 7.32 601.0
2460849.80427 19.270 0.074 5.72 463.0
2460850.82228 19.037 0.056 5.68 450.0
2460853.60941 19.143 0.069 6.70 392.0
2460854.63180 19.117 0.051 5.49 345.0
2460855.68067 18.930 0.053 6.33 376.0
2460856.78885 18.989 0.055 6.42 360.0
2460859.52616 19.032 0.047 5.20 371.0
2460860.53197 19.099 0.061 5.72 504.0
2460861.65425 19.189 0.077 6.10 545.0
2460863.55609 18.966 0.091 7.60 709.0
2460868.74770 18.923 0.069 5.52 850.0
2460870.54217 19.021 0.068 7.59 377.0
2460872.53523 19.112 0.068 6.85 380.0
2460873.65265 19.048 0.056 6.42 342.0
2460874.76048 19.004 0.044 4.56 381.0
2460876.49117 19.000 0.047 5.26 373.0
2460878.52173 19.018 0.043 4.92 380.0
2460879.79010 18.947 0.048 5.39 414.0
2460879.79494 18.977 0.053 5.75 422.0
2460881.58213 19.035 0.042 5.20 319.0
2460885.57797 18.973 0.040 5.29 321.0
2460896.51973 19.073 0.082 6.18 759.0
2460898.60724 19.025 0.057 5.52 440.0
2460899.71777 18.922 0.046 4.87 483.0
2460901.57728 19.015 0.055 5.50 400.0
2460904.58702 19.032 0.055 6.09 372.0
2460911.68976 18.732 0.060 7.62 448.0
2460913.71575 18.951 0.045 5.24 389.0
2460915.69859 19.032 0.048 5.27 341.0
2460923.60581 19.156 0.079 5.85 794.0
2460924.61360 19.011 0.067 5.75 707.0
2460925.49561 19.008 0.069 6.23 630.0
2460925.54307 18.901 0.072 6.98 638.0
2460925.58984 19.080 0.081 6.59 660.0
2460925.63688 18.972 0.081 6.99 761.0
2460926.49644 19.068 0.104 8.30 637.0
2460926.54362 19.012 0.085 7.14 690.0
2460926.59084 19.030 0.084 6.71 743.0
2460926.64151 19.202 0.119 7.68 859.0
2460927.49252 18.963 0.048 5.10 538.0
2460927.53965 19.048 0.050 4.82 543.0
2460927.58677 18.963 0.062 6.32 579.0
2460927.63421 18.989 0.062 6.02 620.0
2460928.49474 18.957 0.047 5.43 409.0
2460928.54183 19.020 0.050 5.33 433.0
2460928.58864 19.063 0.064 5.98 498.0
2460928.63605 19.009 0.061 5.80 555.0
2460929.52028 19.078 0.048 4.89 394.0
2460929.56752 19.073 0.046 4.84 399.0
2460929.61415 18.972 0.051 5.21 485.0
2460930.49706 19.092 0.051 5.15 440.0
2460930.54426 18.973 0.043 4.60 444.0
2460930.59107 18.988 0.054 5.63 502.0
2460930.63838 19.089 0.069 6.20 583.0
2460931.50858 19.007 0.052 5.62 399.0
2460931.56099 19.126 0.065 6.18 417.0
2460931.61166 19.135 0.069 6.15 405.0
2460932.53111 18.952 0.056 6.32 433.0
2460932.57864 18.995 0.070 7.46 430.0
2460932.62595 19.254 0.075 6.52 450.0
2460933.52320 18.998 0.051 5.52 444.0
2460933.57077 19.096 0.065 5.98 525.0
2460933.61783 18.974 0.058 5.50 571.0
2460934.52352 19.051 0.048 4.57 472.0
2460934.57245 19.013 0.049 4.80 500.0
2460934.61944 18.954 0.048 5.07 485.0
2460936.65261 18.923 0.063 6.70 462.0
2460942.53796 19.067 0.050 5.68 345.0
2460944.58313 18.983 0.063 6.75 428.0
2460952.54959 19.077 0.098 7.68 646.0
2460956.57352 19.076 0.097 7.36 749.0
2460962.51552 18.911 0.072 6.56 660.0
2460969.50717 19.045 0.065 6.15 518.0
