2457791.88744 19.303 0.123 4.80 1909.0
2457793.88164 19.258 0.069 5.06 556.0
2457794.88864 19.312 0.113 6.22 885.0
2457795.89267 19.250 0.114 5.47 1414.0
2457798.86256 19.303 0.072 5.40 498.0
2457800.85338 19.323 0.088 6.41 485.0
2457801.89227 19.518 0.120 5.31 880.0
2457803.87370 19.207 0.082 4.63 1008.0
2457807.85987 19.545 0.078 5.34 348.0
2457809.82237 19.132 0.067 6.40 406.0
2457810.82145 19.330 0.074 6.00 424.0
2457812.87225 19.222 0.052 4.39 392.0
2457814.84127 19.217 0.056 5.07 358.0
2457815.87022 19.192 0.055 5.06 355.0
2457816.86002 19.316 0.057 4.87 347.0
2457817.85653 19.347 0.055 4.29 400.0
2457818.84275 19.231 0.054 4.78 377.0
2457819.82251 19.228 0.063 5.59 357.0
2457820.83117 19.428 0.073 5.05 403.0
2457821.83035 19.248 0.075 5.84 406.0
2457822.82577 19.254 0.087 6.11 584.0
2457823.81141 19.158 0.066 4.96 640.0
2457823.90037 19.283 0.054 4.02 446.0
2457824.89638 19.283 0.090 6.24 498.0
2457825.88789 19.183 0.057 4.49 489.0
2457826.84709 19.283 0.068 4.69 558.0
2457827.82242 19.201 0.064 5.15 501.0
2457827.91164 19.298 0.070 4.48 679.0
2457828.88083 19.227 0.055 4.38 441.0
2457830.78348 19.300 0.088 5.01 893.0
2457830.87072 19.234 0.059 4.77 477.0
2457834.83629 19.261 0.055 4.79 346.0
2457835.77290 19.485 0.089 6.69 314.0
2457835.91350 19.252 0.072 5.29 549.0
2457836.86821 19.389 0.076 6.51 293.0
2457837.80230 19.195 0.053 5.53 274.0
2457837.91191 19.264 0.079 6.23 404.0
2457838.85752 19.157 0.042 4.16 328.0
2457839.80608 19.337 0.045 3.99 265.0
2457839.91982 19.226 0.071 3.54 1137.0
2457840.85018 19.205 0.051 5.05 290.0
2457841.79008 19.258 0.085 7.92 295.0
2457841.90030 19.333 0.068 5.81 304.0
2457842.81477 19.250 0.053 5.10 288.0
2457843.73920 19.354 0.073 6.43 306.0
2457843.85616 19.317 0.060 5.46 265.0
2457844.76634 19.317 0.055 5.09 280.0
2457844.88305 19.395 0.073 6.18 282.0
2457845.79960 19.245 0.047 4.51 294.0
2457845.90937 19.290 0.052 5.02 281.0
2457846.83766 19.285 0.049 4.67 274.0
2457847.74099 19.215 0.063 6.01 314.0
2457847.85851 19.472 0.072 5.61 289.0
2457848.75479 19.287 0.066 6.08 306.0
2457848.87290 19.230 0.046 4.80 267.0
2457849.76748 19.249 0.053 4.82 355.0
2457849.88664 19.290 0.041 3.65 277.0
2457850.78076 19.252 0.074 6.18 383.0
2457850.90038 19.331 0.056 5.10 289.0
2457851.79749 19.239 0.065 5.44 398.0
2457851.92051 19.306 0.066 5.21 377.0
2457853.87462 19.129 0.070 6.55 392.0
2457854.72061 19.357 0.097 6.14 635.0
2457854.83781 19.221 0.062 5.00 467.0
2457855.75021 19.255 0.066 4.59 616.0
2457855.86110 19.242 0.059 4.43 514.0
2457856.75914 19.540 0.113 6.29 541.0
2457856.87301 19.166 0.094 7.34 480.0
2457858.84722 19.368 0.074 5.35 518.0
2457862.71962 19.105 0.064 6.08 393.0
2457862.82958 19.252 0.059 5.08 360.0
2457863.77539 19.168 0.066 6.25 346.0
2457863.92334 19.163 0.049 4.32 400.0
2457864.73397 19.318 0.050 4.68 286.0
2457864.88495 19.342 0.047 3.96 335.0
2457865.73729 19.284 0.052 4.77 320.0
2457865.87546 19.234 0.047 3.81 375.0
2457866.73371 19.341 0.054 4.67 316.0
2457866.86628 19.174 0.037 3.40 323.0
2457867.73708 19.285 0.043 3.84 291.0
2457867.86807 19.337 0.051 4.39 296.0
2457868.79409 19.320 0.068 5.58 315.0
2457869.67614 19.472 0.082 6.73 315.0
2457869.79253 19.306 0.048 4.28 299.0
2457869.92457 19.327 0.049 3.56 414.0
2457870.81394 19.287 0.047 4.37 283.0
2457871.70962 19.249 0.046 4.41 326.0
2457871.84415 19.229 0.042 3.77 304.0
2457872.68869 19.254 0.047 4.30 341.0
2457872.84264 19.228 0.040 3.52 316.0
2457873.68997 19.211 0.049 4.57 340.0
2457873.79805 19.225 0.046 4.42 283.0
2457873.93237 19.168 0.063 4.10 687.0
2457874.76645 19.173 0.068 6.32 345.0
2457874.88989 19.229 0.048 4.08 381.0
2457875.84489 19.301 0.051 4.15 365.0
2457876.66115 19.120 0.079 7.05 488.0
2457876.78161 19.277 0.052 4.31 359.0
2457876.90851 19.158 0.048 4.36 376.0
2457877.74182 19.180 0.039 3.39 335.0
2457877.86521 19.239 0.051 3.71 414.0
2457878.78032 19.127 0.039 3.58 344.0
2457878.90463 19.230 0.042 3.52 392.0
2457879.72902 19.272 0.098 7.27 454.0
2457879.88201 19.097 0.070 6.43 390.0
2457880.75750 19.328 0.070 5.32 411.0
2457880.88788 19.303 0.094 6.86 430.0
2457881.83816 19.451 0.084 5.22 479.0
2457882.71478 19.375 0.092 6.34 481.0
2457882.84573 19.352 0.073 4.77 529.0
2457883.86527 19.196 0.108 7.09 650.0
2457890.72976 19.238 0.068 5.38 480.0
2457890.88749 19.255 0.093 6.21 570.0
2457893.70668 19.410 0.081 6.13 352.0
2457893.83635 19.314 0.058 4.77 347.0
2457893.94216 19.249 0.122 6.02 1218.0
2457894.69064 19.200 0.046 4.51 322.0
2457894.81875 19.311 0.052 4.40 319.0
2457894.92741 19.219 0.073 5.83 442.0
2457895.79105 19.208 0.052 4.76 377.0
2457897.73355 19.346 0.073 6.00 382.0
2457900.93213 19.044 0.074 7.22 397.0
2457901.66755 19.366 0.068 5.71 315.0
2457901.82457 19.223 0.055 4.85 350.0
2457902.65959 19.157 0.059 5.75 326.0
2457902.79095 19.255 0.056 4.91 359.0
2457902.94085 19.343 0.125 7.40 666.0
2457903.82786 19.319 0.060 4.92 339.0
2457903.94427 19.323 0.124 7.59 637.0
2457904.68449 19.441 0.059 4.94 286.0
2457904.81687 19.296 0.044 3.87 289.0
2457904.93415 19.212 0.070 5.80 434.0
2457905.65347 19.311 0.049 4.22 315.0
2457905.78311 19.324 0.049 3.90 323.0
2457905.89350 19.519 0.074 4.60 423.0
2457906.60152 19.320 0.074 5.98 388.0
2457906.71976 19.395 0.050 3.96 348.0
2457906.84262 19.175 0.052 4.30 431.0
2457906.94197 19.299 0.091 4.85 919.0
2457907.71439 19.192 0.065 5.12 588.0
2457908.56966 19.090 0.086 6.98 642.0
2457908.66586 19.275 0.063 4.94 454.0
2457908.79561 19.142 0.053 4.62 420.0
2457908.90460 19.330 0.073 5.02 506.0
2457909.59598 19.202 0.079 5.91 607.0
2457909.71637 19.246 0.055 4.44 445.0
2457909.82817 19.198 0.051 3.90 479.0
2457909.92513 19.187 0.066 4.75 664.0
2457910.61334 19.310 0.079 5.60 513.0
2457910.74485 19.310 0.057 4.33 413.0
2457910.86199 19.299 0.062 4.01 689.0
2457911.58637 19.516 0.145 7.23 721.0
2457911.68981 19.370 0.075 4.98 506.0
2457911.90566 19.343 0.109 6.82 599.0
2457916.63807 19.284 0.066 3.90 794.0
2457916.73794 19.398 0.074 4.32 626.0
2457917.56126 19.222 0.087 6.32 586.0
2457917.67368 19.190 0.064 5.42 440.0
2457917.78783 19.234 0.056 4.22 482.0
2457917.89546 19.316 0.085 4.82 734.0
2457918.67296 19.225 0.072 4.65 791.0
2457922.64969 19.202 0.059 5.66 347.0
2457923.54241 19.011 0.065 6.49 439.0
2457923.64907 19.310 0.068 5.82 340.0
2457923.78817 19.209 0.064 5.37 381.0
2457923.89459 19.432 0.103 6.39 475.0
2457924.57165 19.140 0.054 5.21 369.0
2457924.68664 19.294 0.052 4.22 327.0
2457924.80602 19.279 0.049 3.73 361.0
2457925.59559 19.235 0.062 5.96 321.0
2457925.72175 19.256 0.058 5.37 303.0
2457925.84668 19.384 0.067 5.17 376.0
2457926.61494 19.402 0.088 7.11 361.0
2457926.76113 19.421 0.072 5.53 339.0
2457928.60925 19.315 0.068 5.75 364.0
2457932.63920 19.153 0.075 7.03 342.0
2457932.77295 19.340 0.067 5.72 310.0
2457933.62993 19.262 0.066 6.23 287.0
2457933.76200 19.215 0.062 6.31 273.0
2457934.56489 19.317 0.060 5.21 342.0
2457934.70172 19.322 0.050 4.51 294.0
2457934.79541 19.289 0.068 5.66 331.0
2457935.53517 19.346 0.069 5.65 375.0
2457935.66499 19.216 0.053 4.91 305.0
2457935.77623 19.248 0.040 3.76 271.0
2457935.87676 19.226 0.054 4.94 338.0
2457936.52744 19.327 0.077 6.25 381.0
2457936.65243 19.261 0.057 5.43 291.0
2457936.78294 19.301 0.058 5.50 263.0
2457936.87614 19.213 0.074 6.85 340.0
2457937.57963 19.308 0.069 5.50 385.0
2457937.70102 19.078 0.045 4.64 327.0
2457937.82139 19.211 0.072 6.63 328.0
2457938.60351 19.142 0.073 6.60 399.0
2457944.48397 19.286 0.097 6.11 745.0
2457944.53462 19.233 0.079 5.26 697.0
2457944.57638 19.240 0.067 4.69 626.0
2457944.62656 19.273 0.073 4.85 592.0
2457944.67640 19.171 0.069 5.12 537.0
2457944.74527 19.211 0.073 5.04 586.0
2457944.78671 19.214 0.083 5.43 674.0
2457944.82991 19.282 0.112 6.38 947.0
2457945.50034 19.365 0.087 5.62 578.0
2457945.61089 19.126 0.046 4.08 434.0
2457945.72325 19.347 0.055 4.04 429.0
2457945.83259 19.458 0.094 5.42 633.0
2457946.55460 19.154 0.058 5.23 440.0
2457946.68401 19.339 0.061 4.57 373.0
2457946.79648 19.275 0.073 5.83 396.0
2457947.53722 19.286 0.069 6.44 294.0
2457947.65287 19.176 0.064 6.09 329.0
2457947.80007 19.176 0.108 8.70 435.0
2457948.54925 19.382 0.062 5.22 312.0
2457948.67450 19.267 0.066 4.42 586.0
2457948.80693 19.252 0.065 5.15 450.0
2457949.59566 19.237 0.069 5.04 479.0
2457949.72917 19.294 0.102 6.71 598.0
2457952.74294 19.261 0.059 5.44 280.0
2457953.50804 19.336 0.062 5.24 350.0
2457953.64856 19.152 0.051 5.64 270.0
2457953.76788 19.232 0.056 5.58 303.0
2457954.52481 19.195 0.053 4.78 441.0
2457954.67137 19.348 0.046 3.88 255.0
2457955.72078 19.163 0.044 3.94 334.0
2457956.51084 19.274 0.062 5.05 390.0
2457956.65352 19.286 0.047 4.19 272.0
2457956.76926 19.305 0.058 5.10 327.0
2457957.69489 19.302 0.063 5.69 315.0
2457958.60716 19.295 0.073 6.32 324.0
2457958.70126 19.299 0.063 5.72 303.0
2457958.80609 19.279 0.076 6.62 359.0
2457959.56563 19.217 0.047 4.61 301.0
2457959.68246 19.351 0.048 4.24 262.0
2457959.79327 19.310 0.076 6.50 336.0
2457960.55203 19.224 0.047 4.83 271.0
2457960.68747 19.397 0.062 5.38 267.0
2457960.79450 19.405 0.070 5.88 306.0
2457961.62615 19.296 0.055 5.26 337.0
2457961.75013 19.394 0.076 6.01 416.0
2457962.56099 19.211 0.043 4.05 322.0
2457964.52825 19.311 0.073 5.79 501.0
2457964.62821 19.279 0.059 5.07 332.0
2457964.78636 19.105 0.072 6.11 476.0
2457965.69783 19.042 0.050 4.50 492.0
2457966.57165 19.272 0.065 5.84 333.0
2457966.68194 19.217 0.064 5.91 307.0
2457967.61324 19.103 0.063 5.90 389.0
2457967.70301 18.928 0.066 7.08 407.0
2457971.52758 19.372 0.090 5.22 664.0
2457971.56930 19.341 0.086 4.97 669.0
2457971.61606 19.251 0.086 4.92 787.0
2457971.65640 19.271 0.065 4.04 602.0
2457972.47547 19.219 0.118 7.00 751.0
2457972.57831 19.279 0.096 5.96 589.0
2457972.63222 19.271 0.084 5.26 585.0
2457972.68008 19.320 0.098 5.55 630.0
2457972.73594 19.208 0.110 6.49 776.0
2457973.57694 19.420 0.096 5.75 550.0
2457973.70903 19.067 0.086 6.50 689.0
2457974.56455 19.039 0.060 5.67 444.0
2457974.68032 19.317 0.091 6.20 476.0
2457975.62854 19.270 0.084 5.84 512.0
2457979.56081 19.206 0.047 4.32 329.0
2457980.47841 19.304 0.095 6.39 496.0
2457980.61199 19.283 0.073 5.65 407.0
2457981.51973 19.266 0.069 5.69 404.0
2457981.66463 19.232 0.068 5.23 407.0
2457982.57409 19.305 0.059 4.56 318.0
2457983.50076 19.327 0.079 6.46 351.0
2457983.61203 19.333 0.057 4.58 322.0
2457984.52507 19.195 0.062 5.86 317.0
2457984.63884 19.356 0.059 4.66 306.0
2457985.57512 19.209 0.071 6.27 351.0
2457986.53686 19.202 0.045 4.25 324.0
2457986.66534 19.381 0.058 4.73 305.0
2457987.59598 19.276 0.049 4.17 361.0
2457990.51104 19.258 0.068 5.85 358.0
2457990.64181 19.229 0.081 7.07 341.0
2457991.57184 19.127 0.066 6.36 344.0
2457992.49590 19.253 0.053 4.64 366.0
2457992.61655 19.371 0.063 5.02 332.0
2457993.54589 19.241 0.056 4.62 373.0
2457993.65488 19.215 0.067 5.76 328.0
2457994.58905 19.096 0.055 5.50 389.0
2457998.49506 19.391 0.075 4.52 560.0
2457998.53578 19.117 0.088 4.55 1295.0
2457998.58468 19.289 0.078 4.33 884.0
2457998.62816 19.173 0.106 4.82 1682.0
2458000.50909 19.297 0.087 6.15 485.0
2458000.56228 19.241 0.074 5.53 502.0
2458000.60899 19.273 0.098 6.47 591.0
2458001.51358 19.324 0.064 4.57 462.0
2458001.62251 19.256 0.065 4.94 516.0
2458002.63551 19.081 0.096 5.47 1282.0
2458004.49737 19.258 0.074 6.02 400.0
2458005.48050 19.243 0.113 7.64 551.0
2458007.59358 19.158 0.069 6.52 372.0
2458010.50607 19.068 0.072 6.43 431.0
2458011.57253 19.142 0.083 7.39 382.0
2458012.57329 19.375 0.062 4.45 443.0
2458013.57757 19.395 0.067 4.90 399.0
2458014.58663 19.185 0.057 5.10 392.0
2458016.48291 19.331 0.099 6.38 549.0
2458017.49838 19.243 0.062 5.13 399.0
2458018.53427 19.315 0.065 5.36 371.0
2458019.56122 19.192 0.052 4.79 345.0
2458021.50572 19.064 0.064 5.51 481.0
2458026.54015 19.262 0.083 4.18 994.0
2458032.56506 19.321 0.098 5.75 669.0
2458036.52472 19.178 0.079 6.77 425.0
2458037.56683 19.017 0.076 6.69 497.0
2458040.53232 19.115 0.081 6.16 536.0
2458046.52696 19.308 0.121 7.30 663.0
2458053.53072 19.218 0.106 5.07 1110.0
2458057.51196 19.247 0.105 6.41 658.0
2458156.87503 19.189 0.068 5.01 603.0
2458161.87877 19.256 0.075 6.03 479.0
2458162.87940 19.290 0.054 4.45 421.0
2458164.86425 19.364 0.079 6.30 411.0
2458165.85151 19.204 0.060 5.48 435.0
2458166.84294 19.375 0.101 7.62 404.0
2458166.88354 19.237 0.074 6.20 410.0
2458167.86853 19.327 0.063 5.15 379.0
2458168.83988 19.373 0.070 5.58 385.0
2458168.88897 19.338 0.074 5.78 389.0
2458169.86341 19.233 0.066 5.76 385.0
2458170.84642 19.278 0.053 4.53 387.0
2458170.88545 19.174 0.048 4.15 385.0
2458171.85555 19.273 0.058 4.70 393.0
2458171.89458 19.179 0.065 4.02 719.0
2458172.86600 19.137 0.056 5.17 410.0
2458173.82549 19.211 0.067 5.71 511.0
2458173.87553 19.257 0.056 4.50 441.0
2458174.83820 19.238 0.063 4.94 518.0
2458174.88641 19.200 0.047 3.90 425.0
2458175.83634 19.207 0.053 4.81 390.0
2458175.88525 19.287 0.061 5.03 383.0
2458176.82987 19.294 0.064 5.16 440.0
2458176.87889 19.162 0.052 4.67 398.0
2458181.81898 19.155 0.072 5.44 647.0
2458181.87378 19.183 0.063 4.78 550.0
2458182.85048 19.293 0.067 4.79 512.0
2458183.85590 19.034 0.063 6.09 491.0
2458184.84633 19.375 0.080 5.03 565.0
2458184.89665 19.451 0.085 5.13 525.0
2458185.85410 19.382 0.090 5.76 608.0
2458185.90614 19.320 0.099 5.16 937.0
2458189.86876 19.259 0.056 4.62 361.0
2458190.84152 19.338 0.050 4.68 287.0
2458191.82890 19.444 0.097 6.94 363.0
2458192.81782 19.261 0.065 5.60 388.0
2458193.80416 19.156 0.052 5.65 306.0
2458193.91461 19.387 0.128 5.25 1436.0
2458194.88518 19.281 0.049 4.23 294.0
2458195.85011 19.168 0.054 5.18 322.0
2458196.81825 19.384 0.057 4.60 309.0
2458197.77224 19.424 0.085 6.62 362.0
2458197.88831 19.270 0.042 3.55 316.0
2458198.83528 19.292 0.054 5.25 327.0
2458199.78103 19.279 0.055 5.16 315.0
2458200.77051 19.302 0.069 5.92 395.0
2458200.88723 19.293 0.053 4.30 367.0
2458201.81221 19.319 0.073 6.42 322.0
2458202.74894 19.137 0.070 6.54 439.0
2458202.86434 19.299 0.050 4.25 339.0
2458203.79741 19.282 0.049 4.59 311.0
2458203.91403 19.396 0.057 3.77 495.0
2458204.83608 19.265 0.055 5.23 325.0
2458205.77650 19.210 0.075 6.44 427.0
2458205.90452 19.325 0.055 4.81 310.0
2458206.81729 19.250 0.047 3.97 409.0
2458207.73717 19.362 0.104 6.99 649.0
2458207.84404 19.324 0.064 4.98 432.0
2458208.76403 19.308 0.072 4.61 694.0
2458208.87045 19.341 0.059 3.75 508.0
2458209.79161 19.406 0.072 4.50 552.0
2458209.89883 19.259 0.052 3.69 488.0
2458210.80455 19.312 0.067 4.65 526.0
2458210.91218 19.230 0.055 4.28 518.0
2458211.81840 19.463 0.083 5.06 513.0
2458212.71650 19.247 0.088 5.95 776.0
2458212.81101 19.266 0.057 3.93 572.0
2458212.91971 19.183 0.061 3.52 849.0
2458217.87802 19.358 0.067 5.23 365.0
2458220.77850 19.138 0.065 7.23 287.0
2458220.91301 19.267 0.050 4.70 332.0
2458221.80324 19.294 0.047 4.18 279.0
2458222.70295 19.206 0.060 5.85 356.0
2458222.82748 19.406 0.056 4.43 286.0
2458223.80758 19.511 0.078 5.64 309.0
2458224.69688 19.177 0.078 6.79 414.0
2458224.83128 19.349 0.061 4.73 361.0
2458225.81682 19.172 0.062 6.00 322.0
2458226.88777 19.234 0.064 5.90 308.0
2458227.77295 19.354 0.058 5.09 281.0
2458227.90330 19.178 0.048 4.42 316.0
2458228.81503 19.204 0.050 5.33 292.0
2458229.71303 19.335 0.067 5.83 329.0
2458229.84527 19.408 0.053 4.62 279.0
2458230.71529 19.315 0.067 5.94 330.0
2458230.84797 19.405 0.053 4.54 303.0
2458232.82982 19.262 0.044 3.86 320.0
2458233.74706 19.330 0.061 4.99 380.0
2458235.83267 19.261 0.043 3.45 415.0
2458236.80790 19.354 0.071 4.72 524.0
2458238.77556 19.122 0.053 4.05 644.0
2458238.90118 19.173 0.062 4.50 614.0
2458244.74967 19.268 0.071 5.54 424.0
2458244.87171 19.369 0.076 4.42 670.0
2458245.93987 19.441 0.143 5.06 1657.0
2458246.77527 19.250 0.067 5.74 400.0
2458246.89799 19.401 0.096 5.98 516.0
2458247.69515 19.309 0.062 5.26 378.0
2458247.81661 19.192 0.054 4.69 417.0
2458247.93697 19.290 0.114 7.06 628.0
2458249.66260 19.315 0.090 7.18 400.0
2458249.77140 19.317 0.063 5.68 297.0
2458249.90214 19.157 0.059 4.88 453.0
2458250.71672 19.260 0.045 4.59 285.0
2458250.84644 19.386 0.052 4.31 305.0
2458251.64143 19.377 0.078 6.66 294.0
2458251.74943 19.161 0.081 7.86 325.0
2458251.88571 19.502 0.067 4.55 361.0
2458252.91137 19.149 0.063 5.48 427.0
2458253.69820 19.393 0.057 4.89 314.0
2458253.83883 19.221 0.049 4.59 341.0
2458254.70451 19.295 0.044 3.97 304.0
2458254.85420 19.299 0.044 3.55 346.0
2458255.64386 19.378 0.065 5.07 328.0
2458255.79175 19.285 0.047 4.10 328.0
2458255.92131 19.276 0.061 4.85 405.0
2458256.69985 19.363 0.079 6.67 311.0
2458256.82413 19.245 0.064 5.38 388.0
2458257.76168 19.225 0.058 5.74 286.0
2458257.87651 19.277 0.054 4.51 379.0
2458258.74171 19.402 0.049 4.11 284.0
2458258.87700 19.208 0.042 3.79 323.0
2458259.70560 19.231 0.052 4.71 392.0
2458259.83531 19.199 0.050 4.21 411.0
2458260.61784 19.297 0.073 5.64 460.0
2458260.91667 19.394 0.064 4.14 528.0
2458261.74925 19.236 0.043 3.85 312.0
2458261.90348 19.167 0.049 4.15 386.0
2458262.72670 19.219 0.047 4.53 309.0
2458262.86297 19.311 0.052 4.54 285.0
2458263.64673 19.095 0.045 4.47 415.0
2458263.78119 19.260 0.046 4.12 332.0
2458263.91464 19.249 0.044 4.17 290.0
2458264.78720 19.128 0.058 5.01 466.0
2458264.90794 19.271 0.065 4.82 492.0
2458265.67816 19.397 0.086 5.45 520.0
2458265.80103 19.324 0.058 4.00 480.0
2458266.68154 19.374 0.114 6.89 610.0
2458271.82501 19.205 0.070 5.11 574.0
2458272.66435 19.243 0.052 4.17 427.0
2458272.78789 19.234 0.057 4.70 433.0
2458272.90403 19.151 0.058 4.62 491.0
2458273.63960 19.150 0.050 4.71 386.0
2458273.77758 19.139 0.048 5.07 335.0
2458273.87860 19.287 0.059 4.80 393.0
2458274.62085 19.284 0.062 5.66 315.0
2458274.73768 19.286 0.077 6.55 355.0
2458274.86491 19.232 0.071 5.52 482.0
2458275.61509 19.181 0.060 5.88 375.0
2458275.75546 19.244 0.064 5.60 363.0
2458275.87614 19.267 0.077 6.04 445.0
2458276.62125 19.239 0.068 6.20 355.0
2458276.74595 19.354 0.062 5.16 333.0
2458276.86187 19.138 0.077 6.48 419.0
2458277.67897 19.251 0.046 4.65 271.0
2458277.80063 19.298 0.054 4.40 327.0
2458277.91829 19.178 0.056 4.59 474.0
2458278.61358 19.295 0.055 5.06 340.0
2458278.84634 19.293 0.056 4.25 477.0
2458282.63153 19.310 0.046 4.14 280.0
2458282.77695 19.202 0.046 5.01 291.0
2458282.89684 19.281 0.058 4.72 391.0
2458283.59579 19.374 0.059 5.31 286.0
2458283.72733 19.263 0.063 6.28 277.0
2458283.84250 19.151 0.045 4.11 366.0
2458284.56481 19.241 0.060 5.48 362.0
2458284.68438 19.348 0.048 4.52 274.0
2458284.81034 19.267 0.042 3.86 289.0
2458284.92206 19.389 0.083 5.87 425.0
2458286.53307 19.345 0.064 5.65 316.0
2458286.64306 19.288 0.047 5.07 237.0
2458286.79453 19.278 0.053 5.01 270.0
2458286.91555 19.338 0.065 5.02 394.0
2458287.63760 19.207 0.043 4.43 265.0
2458287.78645 19.252 0.040 3.96 235.0
2458287.90383 19.239 0.048 4.20 356.0
2458288.61341 19.217 0.049 4.99 279.0
2458288.75960 19.231 0.049 4.54 279.0
2458288.88346 19.253 0.086 6.02 496.0
2458289.60428 19.333 0.052 4.61 326.0
2458289.75480 19.258 0.049 4.51 295.0
2458289.87488 19.344 0.064 5.11 381.0
2458290.60134 19.301 0.066 5.63 353.0
2458290.75033 19.222 0.047 4.22 299.0
2458290.87237 19.280 0.063 4.91 417.0
2458291.64451 19.150 0.053 4.46 413.0
2458291.79728 19.411 0.057 3.96 369.0
2458292.54664 19.321 0.072 5.20 490.0
2458292.65049 19.360 0.083 5.61 463.0
2458292.80444 19.164 0.059 5.21 391.0
2458293.54248 19.378 0.102 6.19 539.0
2458293.67631 19.211 0.056 4.76 413.0
2458293.83792 19.370 0.114 7.10 626.0
2458294.84165 19.270 0.111 6.75 773.0
2458299.65507 19.089 0.099 5.33 1462.0
2458301.77191 19.536 0.094 5.94 444.0
2458304.57181 19.262 0.092 7.44 386.0
2458304.68730 19.277 0.088 7.06 426.0
2458305.57649 19.490 0.102 7.35 333.0
2458305.70222 19.362 0.066 5.81 298.0
2458305.83201 19.214 0.081 6.78 406.0
2458306.71438 19.186 0.077 7.11 368.0
2458306.81491 19.116 0.088 7.66 397.0
2458307.53317 19.303 0.062 5.18 412.0
2458307.66728 19.304 0.052 5.14 274.0
2458307.78780 19.375 0.065 5.00 355.0
2458308.50147 19.330 0.080 6.75 344.0
2458308.61125 19.299 0.050 4.93 256.0
2458308.74291 19.416 0.082 5.97 331.0
2458309.46640 19.044 0.070 6.05 576.0
2458309.59704 19.246 0.048 4.85 275.0
2458309.72104 19.206 0.037 3.49 279.0
2458309.82985 19.113 0.054 5.14 384.0
2458310.54850 19.169 0.057 6.07 311.0
2458310.62900 19.334 0.047 4.54 312.0
2458310.71553 19.275 0.048 4.51 333.0
2458310.82982 19.190 0.070 6.39 384.0
2458311.56624 19.348 0.072 6.26 291.0
2458311.69825 19.341 0.051 4.23 279.0
2458311.80740 19.250 0.058 4.64 410.0
2458312.53363 19.259 0.058 5.15 334.0
2458312.65955 19.330 0.048 4.31 265.0
2458312.79963 19.305 0.044 3.95 289.0
2458313.53482 19.380 0.057 4.91 318.0
2458313.64994 19.311 0.044 4.03 264.0
2458313.76778 19.376 0.062 4.54 353.0
2458314.50146 19.169 0.059 5.82 352.0
2458314.61409 19.352 0.060 5.26 299.0
2458314.74345 19.269 0.048 4.02 313.0
2458316.50152 19.275 0.072 6.14 354.0
2458316.61508 19.325 0.072 6.12 335.0
2458316.74423 19.299 0.085 6.61 375.0
2458320.55162 19.278 0.068 6.14 375.0
2458320.68444 19.309 0.051 4.80 291.0
2458320.79249 19.401 0.068 5.56 337.0
2458328.55160 19.298 0.072 5.37 509.0
2458328.66460 19.119 0.105 7.25 776.0
2458328.77448 19.083 0.088 6.23 791.0
2458329.57368 19.233 0.069 5.59 490.0
2458329.68522 19.255 0.057 4.13 491.0
2458330.49532 19.404 0.070 5.19 501.0
2458331.47173 19.396 0.089 5.83 497.0
2458331.60255 19.240 0.056 5.40 334.0
2458332.47276 19.413 0.089 5.78 491.0
2458332.60478 19.040 0.065 7.18 364.0
2458332.76052 19.231 0.084 6.65 496.0
2458333.58359 19.298 0.055 5.27 318.0
2458334.49552 19.264 0.063 5.15 529.0
2458334.62842 19.168 0.048 4.55 362.0
2458335.57239 19.209 0.077 6.37 434.0
2458336.50740 19.308 0.066 5.51 345.0
2458336.64962 19.321 0.048 4.38 254.0
2458338.52424 19.122 0.069 6.57 377.0
2458338.64950 19.335 0.056 4.96 312.0
2458339.55498 19.244 0.039 3.50 287.0
2458339.74587 19.279 0.046 4.20 289.0
2458340.63098 19.150 0.042 3.96 311.0
2458341.52963 19.305 0.059 5.05 341.0
2458341.72289 19.263 0.045 4.14 254.0
2458342.58892 19.070 0.056 5.74 337.0
2458343.55648 19.175 0.055 5.53 278.0
2458344.58791 19.226 0.053 5.04 334.0
2458345.47503 19.048 0.064 5.91 446.0
2458345.61861 19.292 0.052 4.41 282.0
2458346.51974 19.325 0.053 4.68 280.0
2458346.72455 19.298 0.046 4.06 266.0
2458347.57177 19.338 0.055 4.86 266.0
2458348.47774 19.171 0.101 7.79 485.0
2458348.62793 19.270 0.076 4.71 550.0
2458349.59576 19.360 0.111 5.61 811.0
2458353.54833 19.283 0.074 5.10 531.0
2458355.47712 19.352 0.095 5.76 669.0
2458355.64512 19.357 0.061 4.02 521.0
2458356.53976 19.188 0.068 5.47 527.0
2458357.49825 19.180 0.078 5.71 476.0
2458358.48703 19.143 0.068 5.80 421.0
2458358.64622 19.226 0.063 4.82 446.0
2458359.53610 19.380 0.070 5.25 375.0
2458359.69891 19.213 0.086 6.29 558.0
2458360.61064 19.150 0.084 6.94 451.0
2458361.64432 19.250 0.075 6.67 339.0
2458363.65249 19.288 0.061 6.45 274.0
2458364.57112 19.307 0.054 4.62 356.0
2458366.49990 19.425 0.059 4.85 284.0
2458367.50531 19.326 0.068 5.21 351.0
2458367.67614 19.276 0.044 4.04 323.0
2458368.64154 19.237 0.045 3.83 359.0
2458369.59533 19.266 0.049 3.86 317.0
2458370.53558 19.199 0.049 4.05 357.0
2458371.53049 19.286 0.047 4.00 307.0
2458372.50184 19.259 0.062 4.85 348.0
2458373.48240 19.215 0.082 6.18 434.0
2458375.50245 19.210 0.072 6.21 367.0
2458375.63419 19.396 0.091 6.73 359.0
2458376.58227 19.332 0.072 5.81 381.0
2458377.52029 19.376 0.097 6.32 630.0
2458377.61737 19.130 0.081 5.92 760.0
2458381.57080 19.344 0.090 4.80 1075.0
2458382.58433 19.293 0.059 3.36 629.0
2458383.51735 19.286 0.074 4.86 551.0
2458383.61112 19.277 0.085 5.25 667.0
2458384.56460 19.310 0.069 4.14 552.0
2458384.63077 19.290 0.075 4.43 648.0
2458385.58516 19.322 0.049 3.43 518.0
2458386.51759 19.252 0.065 4.24 552.0
2458390.55498 19.389 0.079 5.63 396.0
2458392.59995 19.185 0.080 7.03 373.0
2458393.55130 19.263 0.073 5.80 353.0
2458394.50669 19.269 0.088 6.39 390.0
2458397.54809 19.128 0.048 4.44 334.0
2458399.50781 19.276 0.084 6.42 363.0
2458401.57136 19.140 0.060 4.94 442.0
2458409.52552 19.094 0.095 7.49 623.0
2458410.56330 19.243 0.091 6.14 629.0
2458412.55802 19.428 0.106 5.31 634.0
2458414.54397 19.152 0.089 5.63 696.0
2458416.54023 19.399 0.138 6.91 791.0
2458419.51492 19.071 0.062 5.00 522.0
2458424.52071 19.335 0.104 6.20 569.0
2458528.89191 19.585 0.178 6.46 1231.0
2458531.87404 19.232 0.061 5.40 374.0
2458533.88594 19.259 0.077 5.56 614.0
2458535.86369 19.591 0.119 6.43 546.0
2458536.83981 19.308 0.067 4.65 567.0
2458536.89033 19.280 0.079 5.51 579.0
2458537.88600 19.185 0.076 6.84 443.0
2458539.84979 19.233 0.065 5.25 474.0
2458539.89000 19.178 0.061 5.51 433.0
2458540.87268 19.249 0.110 5.07 1322.0
2458544.87317 19.277 0.053 5.43 299.0
2458546.84089 19.325 0.055 4.89 327.0
2458546.89013 19.290 0.055 5.10 326.0
2458547.84299 19.179 0.056 5.92 324.0
2458547.89914 19.259 0.057 5.00 370.0
2458548.84775 19.365 0.050 3.93 375.0
2458549.80435 19.169 0.072 7.02 347.0
2458549.84153 19.216 0.056 5.57 319.0
2458549.89920 19.268 0.056 4.60 396.0
2458550.85432 19.288 0.054 4.90 328.0
2458550.90313 19.255 0.054 5.34 348.0
2458551.86454 19.226 0.063 5.91 311.0
2458552.84804 19.174 0.073 7.17 318.0
2458552.88555 19.227 0.068 6.92 298.0
2458553.81686 19.321 0.084 7.23 332.0
2458553.86333 19.324 0.080 6.89 333.0
2458554.79823 19.345 0.071 6.08 344.0
2458554.84033 19.303 0.064 5.38 351.0
2458554.88972 19.309 0.059 5.69 305.0
2458555.80118 19.520 0.077 5.55 382.0
2458555.85076 19.264 0.055 5.42 312.0
2458555.89850 19.350 0.051 4.58 320.0
2458556.82246 19.141 0.052 5.50 337.0
2458556.86246 19.241 0.054 5.32 325.0
2458557.78025 19.352 0.081 6.72 343.0
2458557.82957 19.222 0.050 4.85 315.0
2458557.87946 19.332 0.058 5.33 311.0
2458558.77821 19.117 0.053 5.25 348.0
2458558.83247 19.324 0.057 5.03 321.0
2458558.87202 19.374 0.063 5.56 310.0
2458559.77669 19.231 0.065 5.60 401.0
2458559.81615 19.320 0.052 4.37 328.0
2458559.86643 19.189 0.039 3.86 298.0
2458559.90645 19.181 0.052 5.13 346.0
2458560.82602 19.230 0.047 4.18 365.0
2458560.86573 19.327 0.047 4.08 323.0
2458561.78040 19.365 0.073 4.94 524.0
2458561.81970 19.255 0.054 4.40 458.0
2458561.87180 19.220 0.050 4.39 373.0
2458562.76817 19.204 0.089 6.24 639.0
2458562.81727 19.283 0.094 6.52 584.0
2458562.86471 19.202 0.065 5.02 517.0
2458562.91449 19.238 0.093 5.68 900.0
2458563.79625 19.151 0.075 6.04 652.0
2458563.85404 19.366 0.068 4.35 559.0
2458563.89387 19.218 0.072 4.89 688.0
2458564.80153 19.271 0.071 5.11 523.0
2458564.84341 19.173 0.051 4.17 491.0
2458564.89364 19.289 0.060 4.45 487.0
2458565.78559 19.261 0.072 5.18 587.0
2458565.85054 19.255 0.074 5.93 519.0
2458565.89502 19.121 0.051 4.45 475.0
2458566.81076 19.202 0.055 4.10 521.0
2458566.85069 19.362 0.058 3.96 491.0
2458566.90140 19.294 0.060 4.72 450.0
2458567.79040 19.326 0.069 4.96 566.0
2458567.82398 19.226 0.058 4.33 530.0
2458567.86482 19.341 0.069 4.46 548.0
2458567.91177 19.359 0.079 5.13 538.0
2458573.88676 19.219 0.070 6.28 342.0
2458574.73020 19.225 0.073 7.25 321.0
2458574.83785 19.508 0.097 7.46 295.0
2458574.88684 19.341 0.062 5.68 286.0
2458575.73200 19.341 0.068 6.07 315.0
2458575.78090 19.351 0.071 6.20 309.0
2458575.81983 19.213 0.063 6.17 314.0
2458575.86824 19.288 0.063 5.91 301.0
2458575.90814 19.367 0.070 5.71 327.0
2458576.79428 19.550 0.082 6.57 295.0
2458576.83309 19.349 0.072 6.66 311.0
2458576.88159 19.589 0.106 7.80 291.0
2458577.79967 19.248 0.076 6.41 377.0
2458577.84416 19.214 0.071 6.50 365.0
2458577.91623 19.266 0.091 7.21 469.0
2458578.73974 19.228 0.060 5.50 360.0
2458578.78823 19.319 0.051 4.47 329.0
2458578.82830 19.352 0.066 5.26 368.0
2458578.89560 19.406 0.066 5.71 318.0
2458579.71711 19.198 0.071 6.08 427.0
2458579.76625 19.150 0.063 5.87 421.0
2458579.80249 19.326 0.072 5.68 392.0
2458579.85989 19.248 0.067 5.85 416.0
2458579.90528 19.331 0.063 4.79 427.0
2458580.73850 19.182 0.067 6.59 370.0
2458580.77725 19.256 0.059 5.87 348.0
2458580.83392 19.298 0.067 6.09 341.0
2458580.87004 19.425 0.062 4.47 350.0
2458581.71675 19.270 0.061 5.67 372.0
2458581.78656 19.216 0.050 5.28 318.0
2458581.91453 19.189 0.057 4.35 457.0
2458582.74215 19.204 0.066 6.80 311.0
2458582.86271 19.276 0.064 5.55 356.0
2458583.71900 19.408 0.081 6.51 362.0
2458583.80341 19.301 0.053 5.32 320.0
2458584.69831 19.445 0.079 6.01 391.0
2458584.76613 19.375 0.056 5.15 296.0
2458584.91760 19.268 0.043 3.59 321.0
2458585.73766 19.306 0.069 6.73 333.0
2458585.84746 19.240 0.043 4.09 306.0
2458586.70511 19.384 0.073 6.26 334.0
2458586.78321 19.335 0.050 4.66 284.0
2458586.91170 19.504 0.059 4.48 294.0
2458587.71989 19.335 0.070 6.09 405.0
2458587.82544 19.328 0.064 5.49 336.0
2458588.70610 19.346 0.083 6.90 426.0
2458588.78598 19.306 0.044 4.25 301.0
2458588.91817 19.263 0.048 4.17 352.0
2458589.73444 19.212 0.061 4.98 505.0
2458589.84978 19.182 0.051 4.41 332.0
2458590.70459 19.276 0.069 5.30 583.0
2458590.77682 19.135 0.049 4.58 466.0
2458590.90655 19.315 0.051 3.84 377.0
2458591.72866 19.347 0.073 5.35 592.0
2458591.84374 19.204 0.050 3.97 487.0
2458592.79659 19.442 0.109 6.12 637.0
2458592.88078 19.332 0.083 4.90 681.0
2458593.75369 19.172 0.101 5.65 1419.0
2458593.89843 19.358 0.080 4.64 698.0
2458594.70426 19.196 0.080 5.53 719.0
2458594.79627 19.281 0.069 5.32 534.0
2458594.91558 19.284 0.063 4.00 660.0
2458595.72100 19.085 0.089 6.47 712.0
2458599.70488 19.228 0.091 7.23 493.0
2458599.76152 19.205 0.068 6.23 473.0
2458599.81617 19.337 0.058 5.14 355.0
2458599.89677 19.208 0.049 4.32 379.0
2458600.66410 19.252 0.084 7.37 361.0
2458600.73243 19.383 0.059 4.92 351.0
2458600.89121 19.282 0.050 3.93 403.0
2458601.69352 19.266 0.052 5.23 329.0
2458601.84729 19.173 0.043 3.80 361.0
2458602.69202 19.347 0.050 4.82 296.0
2458602.80590 19.178 0.045 4.49 319.0
2458603.66367 19.166 0.057 6.50 336.0
2458603.75791 19.258 0.044 4.13 281.0
2458603.90969 19.293 0.051 3.91 389.0
2458604.76474 19.314 0.058 5.12 308.0
2458604.91285 19.504 0.084 5.66 351.0
2458605.70683 19.133 0.057 5.95 333.0
2458605.87286 19.242 0.053 4.44 349.0
2458606.68511 19.408 0.057 4.66 324.0
2458606.80253 19.304 0.041 3.55 306.0
2458607.66057 19.343 0.075 6.43 358.0
2458607.73118 19.155 0.048 5.02 300.0
2458607.87231 19.316 0.059 4.60 381.0
2458608.66765 19.365 0.079 5.58 516.0
2458608.85026 19.277 0.044 3.65 372.0
2458612.73254 19.252 0.062 5.99 276.0
2458612.80949 19.262 0.075 6.44 333.0
2458613.63440 19.139 0.082 7.13 427.0
2458613.70660 19.196 0.057 5.49 324.0
2458613.85912 19.089 0.043 3.94 393.0
2458614.65596 19.113 0.069 6.01 436.0
2458614.74238 19.347 0.082 6.30 383.0
2458614.90027 19.162 0.066 5.26 480.0
2458615.70904 19.338 0.076 6.17 380.0
2458615.85720 19.437 0.054 4.03 312.0
2458616.65156 19.257 0.056 5.08 409.0
2458616.77054 19.234 0.042 3.74 342.0
2458616.91918 19.283 0.052 3.57 463.0
2458617.67881 19.246 0.057 4.95 410.0
2458617.82044 19.279 0.048 3.99 356.0
2458618.64168 19.241 0.070 6.01 467.0
2458618.75400 19.421 0.070 5.11 436.0
2458618.90557 19.544 0.100 5.62 536.0
2458619.66860 19.262 0.073 6.01 448.0
2458619.80437 19.247 0.071 4.81 627.0
2458620.64131 19.295 0.093 6.76 521.0
2458620.74250 19.247 0.055 4.47 437.0
2458620.91436 19.225 0.065 5.14 444.0
2458621.76687 19.278 0.094 5.90 674.0
2458621.89764 19.401 0.095 4.95 751.0
2458626.63284 19.194 0.089 6.60 570.0
2458626.68232 19.244 0.097 7.27 531.0
2458626.73274 19.164 0.073 5.92 494.0
2458626.79312 19.169 0.056 4.27 524.0
2458626.84789 19.391 0.085 5.24 571.0
2458626.89807 19.326 0.070 4.47 613.0
2458627.60693 19.339 0.070 5.73 510.0
2458627.68671 19.216 0.049 5.00 327.0
2458627.75963 19.309 0.057 4.37 491.0
2458635.66824 19.255 0.049 4.93 289.0
2458635.78719 19.277 0.056 4.99 326.0
2458635.92008 19.006 0.068 6.95 427.0
2458636.60749 19.429 0.074 5.84 342.0
2458636.74189 19.240 0.047 4.46 282.0
2458636.87703 19.344 0.052 4.06 354.0
2458637.59172 19.267 0.057 5.92 340.0
2458637.70047 19.289 0.048 4.47 298.0
2458637.83990 19.250 0.047 3.95 379.0
2458638.64526 19.339 0.054 5.41 298.0
2458638.81069 19.189 0.038 3.77 303.0
2458639.65781 19.297 0.048 4.37 374.0
2458639.80290 19.250 0.043 4.02 385.0
2458640.59092 19.180 0.064 6.69 368.0
2458640.70580 19.283 0.047 4.19 317.0
2458640.85008 19.165 0.064 5.74 365.0
2458641.61412 19.247 0.061 5.65 406.0
2458642.56797 19.264 0.095 7.17 525.0
2458642.78779 19.263 0.055 3.98 462.0
2458642.89983 19.291 0.072 4.75 512.0
2458643.58929 19.338 0.058 5.27 364.0
2458643.70747 19.270 0.047 4.17 331.0
2458643.83220 19.266 0.048 4.19 328.0
2458644.54845 19.330 0.097 7.10 473.0
2458644.61612 19.270 0.065 5.97 348.0
2458644.74827 19.250 0.048 4.38 338.0
2458644.85969 19.277 0.052 4.19 377.0
2458645.64208 19.214 0.056 5.02 378.0
2458646.59561 19.060 0.067 6.44 427.0
2458646.66920 19.497 0.073 5.38 336.0
2458646.77752 19.471 0.063 4.71 322.0
2458646.88381 19.646 0.133 7.32 464.0
2458647.63104 19.319 0.074 5.81 436.0
2458647.74609 19.216 0.060 5.08 417.0
2458647.84982 19.215 0.078 6.52 399.0
2458648.63588 19.209 0.074 5.96 498.0
2458648.75367 19.183 0.068 5.38 500.0
2458648.86665 19.175 0.068 5.63 479.0
2458649.60414 19.084 0.080 6.11 670.0
2458649.70456 19.299 0.104 6.61 572.0
2458655.61841 19.278 0.057 4.54 585.0
2458655.75169 19.289 0.087 5.32 799.0
2458656.62922 19.433 0.063 5.07 426.0
2458656.71562 19.318 0.067 5.91 398.0
2458656.85190 19.137 0.072 6.45 462.0
2458657.55826 19.373 0.063 5.40 350.0
2458657.66930 19.484 0.060 4.40 319.0
2458657.79098 19.373 0.049 4.21 295.0
2458657.89327 19.096 0.052 5.10 415.0
2458658.67026 19.460 0.053 4.40 352.0
2458660.56331 19.269 0.059 5.61 300.0
2458660.71331 19.338 0.052 4.74 273.0
2458660.85072 19.347 0.071 5.42 450.0
2458661.55509 19.211 0.063 6.17 338.0
2458662.55665 19.039 0.073 7.52 385.0
2458662.63539 19.294 0.059 5.66 305.0
2458664.52092 19.259 0.065 6.15 334.0
2458664.61375 19.391 0.052 5.08 230.0
2458664.74644 19.192 0.039 4.15 315.0
2458665.57237 19.216 0.068 6.33 403.0
2458666.52440 19.256 0.088 6.78 475.0
2458666.64407 19.367 0.062 5.31 301.0
2458666.80882 19.189 0.067 6.97 288.0
2458667.54821 19.189 0.080 6.96 463.0
2458667.67509 19.287 0.059 5.21 325.0
2458667.80389 19.284 0.052 4.76 314.0
2458668.52908 19.449 0.097 7.54 330.0
2458668.67352 19.353 0.053 4.99 253.0
2458668.80256 19.355 0.049 4.51 263.0
2458669.51292 19.286 0.094 7.48 431.0
2458669.62106 19.321 0.060 5.05 368.0
2458669.77199 19.169 0.041 4.09 310.0
2458670.48830 19.157 0.073 7.20 423.0
2458670.57150 19.238 0.046 4.64 325.0
2458670.72198 19.307 0.040 3.85 240.0
2458671.66175 19.364 0.084 7.26 279.0
2458673.58856 19.247 0.056 4.85 392.0
2458673.71779 19.288 0.046 4.33 294.0
2458674.56955 19.327 0.072 6.16 321.0
2458674.64170 19.406 0.065 5.61 287.0
2458674.77679 19.051 0.058 6.21 361.0
2458675.61789 19.264 0.065 4.56 581.0
2458675.82148 19.169 0.057 5.39 359.0
2458676.48553 19.178 0.085 6.26 612.0
2458676.56290 19.436 0.072 4.85 475.0
2458676.73606 19.307 0.059 4.42 456.0
2458676.81230 19.234 0.074 5.59 539.0
2458677.61599 19.271 0.067 4.78 539.0
2458681.49098 19.259 0.122 6.66 996.0
2458681.56760 19.377 0.113 5.71 867.0
2458681.64906 19.331 0.092 4.99 803.0
2458682.48547 19.138 0.081 6.27 715.0
2458682.56220 19.345 0.080 5.18 576.0
2458682.77549 19.136 0.069 5.36 613.0
2458683.48654 19.152 0.072 7.01 391.0
2458683.57121 19.269 0.079 5.95 456.0
2458683.74677 19.289 0.071 5.17 463.0
2458684.49302 19.106 0.067 6.46 394.0
2458684.57290 19.197 0.076 5.60 604.0
2458684.72851 19.281 0.053 4.33 372.0
2458685.49757 19.403 0.087 6.93 376.0
2458685.64238 19.123 0.047 4.63 400.0
2458688.55082 19.350 0.092 7.34 339.0
2458688.64723 19.221 0.052 5.45 253.0
2458689.49811 19.217 0.079 6.97 373.0
2458689.58379 19.348 0.068 5.74 298.0
2458689.69536 19.188 0.055 5.89 263.0
2458690.48665 19.201 0.068 5.78 390.0
2458690.58072 19.240 0.060 5.64 327.0
2458690.72192 19.367 0.049 4.44 280.0
2458691.48450 19.302 0.051 4.34 387.0
2458691.56062 19.443 0.051 4.58 257.0
2458691.74826 19.204 0.056 5.17 345.0
2458692.48667 19.131 0.063 5.66 432.0
2458692.57399 19.270 0.060 5.42 426.0
2458692.68705 19.175 0.046 4.39 334.0
2458693.48591 19.272 0.086 7.34 345.0
2458693.62062 19.539 0.084 6.34 280.0
2458693.76851 19.305 0.078 6.66 357.0
2458694.48933 19.240 0.057 5.14 349.0
2458694.56833 19.369 0.052 4.55 311.0
2458694.64784 19.329 0.049 4.58 263.0
2458695.48920 19.288 0.056 5.09 350.0
2458695.72496 19.299 0.041 3.91 283.0
2458695.77808 19.331 0.056 5.08 335.0
2458697.55767 19.291 0.084 7.00 315.0
2458698.48878 19.197 0.053 5.49 292.0
2458698.71882 19.210 0.043 3.79 281.0
2458698.76490 19.259 0.048 4.15 311.0
2458699.49172 19.159 0.058 5.54 355.0
2458699.71825 19.220 0.044 3.93 302.0
2458699.76426 19.346 0.061 5.20 319.0
2458700.49130 19.278 0.048 4.51 332.0
2458700.72858 19.194 0.054 5.13 335.0
2458700.76548 19.123 0.054 5.24 388.0
2458701.49143 19.337 0.068 5.69 353.0
2458701.64806 19.233 0.050 4.44 332.0
2458702.49166 19.299 0.066 5.66 338.0
2458702.60508 19.234 0.052 5.37 289.0
2458702.75855 19.289 0.057 5.10 321.0
2458703.49185 19.331 0.081 5.87 416.0
2458704.54881 19.060 0.071 6.25 512.0
2458704.68079 19.175 0.080 6.20 489.0
2458708.59851 19.352 0.056 3.73 562.0
2458709.55161 19.180 0.082 3.83 1905.0
2458710.49222 19.293 0.075 4.94 599.0
2458711.49034 19.127 0.098 5.42 1253.0
2458711.60313 19.136 0.078 4.97 899.0
2458711.72994 19.497 0.174 6.92 1085.0
2458712.50702 19.324 0.090 6.52 440.0
2458712.62484 19.172 0.077 6.57 416.0
2458713.49149 19.164 0.064 6.26 335.0
2458713.61788 19.176 0.061 5.24 390.0
2458713.73305 19.076 0.070 6.43 465.0
2458714.49373 19.241 0.076 6.67 337.0
2458714.64450 19.269 0.060 4.96 590.0
2458715.64896 19.256 0.045 4.13 300.0
2458716.50721 19.408 0.050 4.22 291.0
2458716.72666 19.295 0.067 5.78 422.0
2458717.49260 19.492 0.092 6.67 313.0
2458717.62948 19.389 0.074 6.20 296.0
2458718.50804 19.197 0.044 4.00 316.0
2458718.64420 19.321 0.050 4.54 295.0
2458719.48981 19.138 0.076 7.06 339.0
2458719.58092 19.212 0.051 4.95 325.0
2458719.69051 19.449 0.087 7.27 352.0
2458721.49983 19.293 0.061 5.84 297.0
2458721.68698 19.325 0.062 5.52 314.0
2458722.49460 19.317 0.053 4.63 333.0
2458722.69585 19.254 0.063 6.25 286.0
2458723.60012 19.299 0.054 4.66 369.0
2458723.64030 19.393 0.060 4.84 353.0
2458724.50404 19.342 0.054 4.73 312.0
2458724.64122 19.242 0.043 4.29 290.0
2458725.50823 19.203 0.056 5.11 380.0
2458725.59374 19.318 0.059 5.57 289.0
2458726.58212 19.280 0.057 5.15 279.0
2458726.63515 19.316 0.050 4.49 251.0
2458727.53229 19.283 0.070 5.95 334.0
2458727.61704 19.211 0.070 5.83 376.0
2458728.59719 19.221 0.049 4.52 326.0
2458728.63684 19.336 0.057 4.47 316.0
2458729.49795 19.284 0.066 5.88 307.0
2458729.63527 19.227 0.057 5.20 323.0
2458730.58233 19.193 0.059 5.81 309.0
2458730.62251 19.218 0.056 5.42 301.0
2458731.53378 19.248 0.078 7.19 323.0
2458731.60011 19.190 0.077 6.88 348.0
2458736.60909 19.308 0.101 6.69 565.0
2458737.62058 19.402 0.124 7.22 590.0
2458738.58958 19.107 0.075 5.76 587.0
2458739.50424 19.494 0.100 6.28 475.0
2458740.54755 19.150 0.079 6.40 497.0
2458741.60148 19.169 0.068 5.66 470.0
2458742.60037 19.253 0.066 4.76 480.0
2458746.58715 19.460 0.103 7.62 324.0
2458747.54428 19.155 0.065 6.64 291.0
2458748.58721 19.416 0.090 6.17 384.0
2458750.58580 19.171 0.058 5.39 346.0
2458752.58751 19.310 0.074 6.16 354.0
2458753.60290 19.029 0.061 6.13 369.0
2458754.58617 19.162 0.066 5.86 398.0
2458755.58899 19.318 0.059 4.53 350.0
2458757.57662 19.208 0.067 6.00 328.0
2458759.60098 19.153 0.096 7.97 426.0
2458763.56184 19.123 0.067 5.22 576.0
2458766.58460 19.483 0.147 7.22 791.0
2458768.57581 19.249 0.128 7.43 641.0
2458782.55035 19.328 0.084 5.71 515.0
2458783.51835 19.219 0.066 5.17 430.0
2458783.55350 19.255 0.082 6.52 430.0
2458899.89021 19.193 0.072 5.71 515.0
2458901.83716 19.320 0.062 5.66 323.0
2458902.83273 19.447 0.073 5.69 332.0
2458903.83409 19.449 0.091 6.56 400.0
2458903.89801 19.212 0.075 5.18 744.0
2458904.88863 19.284 0.053 5.20 295.0
2458905.88086 19.350 0.063 5.53 299.0
2458906.89511 19.149 0.070 5.60 515.0
2458907.89142 19.303 0.055 4.44 375.0
2458908.88573 19.233 0.064 5.90 339.0
2458909.85342 19.331 0.052 4.96 281.0
2458909.88836 19.385 0.054 4.91 304.0
2458910.87430 19.303 0.092 7.44 369.0
2458911.82280 19.271 0.062 5.89 336.0
2458911.86510 19.301 0.065 6.03 313.0
2458911.89960 19.170 0.089 5.89 817.0
2458912.83742 19.330 0.059 5.24 331.0
2458912.87198 19.219 0.053 5.45 303.0
2458913.80822 19.115 0.080 7.75 377.0
2458913.84297 19.456 0.075 6.17 320.0
2458913.88544 19.272 0.073 6.95 312.0
2458914.84991 19.529 0.081 5.81 337.0
2458914.89205 19.238 0.054 5.61 343.0
2458915.83005 19.237 0.066 6.24 385.0
2458915.87287 19.161 0.047 5.18 290.0
2458915.90736 19.376 0.100 5.39 1039.0
2458916.83239 19.192 0.061 5.32 496.0
2458916.86798 19.226 0.053 4.50 421.0
2458917.80155 19.287 0.084 5.45 747.0
2458917.83600 19.305 0.070 4.82 624.0
2458917.88167 19.317 0.067 4.44 598.0
2458918.81226 19.215 0.076 5.40 692.0
2458918.85484 19.465 0.087 4.75 761.0
2458918.89004 19.354 0.065 4.87 488.0
2458919.80482 19.516 0.135 7.21 638.0
2458919.83930 19.259 0.067 5.25 541.0
2458919.88236 19.450 0.067 4.69 459.0
2458920.79551 19.562 0.126 6.62 626.0
2458920.83861 19.214 0.063 5.27 527.0
2458920.87774 19.284 0.055 4.42 472.0
2458921.78403 19.452 0.097 5.90 624.0
2458921.81908 19.459 0.075 5.02 530.0
2458921.86370 19.392 0.064 4.61 489.0
2458921.89993 19.466 0.066 4.26 530.0
2458923.78362 19.232 0.121 5.46 1718.0
2458923.80917 19.498 0.163 5.44 1840.0
2458923.82751 19.221 0.114 4.99 1894.0
2458923.83820 19.206 0.113 4.96 1948.0
2458923.85940 19.127 0.098 4.53 2115.0
2459795.59451 19.275 0.059 5.73 271.0
2459795.63275 19.335 0.048 4.90 261.0
2459795.67749 19.224 0.063 6.42 292.0
2459795.71434 19.429 0.080 6.52 322.0
2459795.75602 19.136 0.077 7.16 404.0
2459796.53359 19.075 0.062 6.75 320.0
2459796.65635 19.309 0.055 5.24 280.0
2459796.70134 19.168 0.050 5.56 279.0
2459796.73743 19.180 0.051 5.53 280.0
2459797.61248 19.239 0.070 5.95 367.0
2459797.65609 19.185 0.067 5.74 337.0
2459797.70463 19.238 0.061 4.98 402.0
2459797.75527 19.297 0.064 5.24 333.0
2459798.50892 19.424 0.139 7.83 617.0
2459798.70312 19.242 0.115 7.54 753.0
2459798.73696 19.486 0.158 7.43 755.0
2459804.51775 19.153 0.061 4.82 541.0
2459804.55453 19.242 0.067 5.20 489.0
2459804.59852 19.419 0.083 5.44 512.0
2459804.63448 19.341 0.084 5.66 549.0
2459804.68185 19.136 0.076 5.81 715.0
2459804.71705 19.446 0.151 7.98 678.0
2459805.54192 19.080 0.069 5.41 586.0
2459805.57872 19.292 0.064 4.68 486.0
2459805.62163 19.318 0.063 4.69 447.0
2459805.65602 19.200 0.058 4.38 474.0
2459805.69863 19.215 0.070 5.30 501.0
2459805.73320 19.265 0.084 5.61 544.0
2459806.59615 19.177 0.076 6.43 502.0
2459806.63952 19.380 0.089 6.41 405.0
2459806.68509 19.374 0.087 5.66 446.0
2459806.74047 19.328 0.087 5.77 518.0
2459807.51272 19.265 0.063 5.78 316.0
2459807.55743 19.296 0.057 5.35 309.0
2459807.62549 19.228 0.059 5.59 339.0
2459807.68266 19.251 0.053 4.94 354.0
2459807.72577 19.468 0.082 5.59 391.0
2459808.48899 19.345 0.088 6.83 338.0
2459808.54280 19.354 0.071 6.06 296.0
2459808.63651 19.180 0.058 5.85 274.0
2459808.68154 19.306 0.074 5.81 356.0
2459808.71977 19.194 0.061 5.16 365.0
2459809.58066 19.237 0.067 6.33 288.0
2459809.61573 19.303 0.059 5.23 276.0
2459809.66178 19.281 0.059 5.26 287.0
2459810.48878 19.352 0.055 5.00 296.0
2459810.55390 19.227 0.042 4.11 279.0
2459810.68254 19.137 0.041 4.44 284.0
2459811.49561 19.489 0.089 6.45 296.0
2459811.53212 19.404 0.067 5.69 272.0
2459811.68087 19.283 0.050 4.28 288.0
2459811.71906 19.306 0.054 4.33 318.0
2459812.50244 19.504 0.082 6.09 294.0
2459812.54588 19.389 0.083 7.00 283.0
2459812.70389 19.303 0.054 4.69 285.0
2459813.49351 19.156 0.080 7.44 331.0
2459813.67456 19.125 0.059 5.97 290.0
2459813.71129 19.245 0.059 5.61 287.0
2459814.50364 19.355 0.062 5.41 313.0
2459814.55938 19.201 0.053 5.47 287.0
2459814.60227 19.250 0.056 5.63 294.0
2459814.69525 19.160 0.073 6.80 353.0
2459815.49004 19.200 0.051 4.91 328.0
2459815.54621 19.365 0.064 5.27 312.0
2459815.58909 19.191 0.052 5.37 311.0
2459815.70894 19.190 0.049 4.83 334.0
2459816.51016 19.424 0.071 5.47 319.0
2459816.54784 19.339 0.070 6.04 314.0
2459816.59170 19.101 0.047 5.11 300.0
2459817.49735 19.260 0.066 5.75 362.0
2459817.54649 19.388 0.056 4.37 340.0
2459817.61097 19.289 0.054 4.71 324.0
2459817.65770 19.235 0.055 5.61 357.0
2459818.53879 19.160 0.080 7.25 369.0
2459818.58626 19.297 0.084 6.86 383.0
2459819.50981 19.305 0.049 4.10 405.0
2459819.57899 19.149 0.043 4.42 338.0
2459820.48566 19.044 0.068 6.44 450.0
2459820.53340 19.313 0.072 6.56 347.0
2459820.67616 19.296 0.059 4.91 337.0
2459821.50952 19.152 0.059 5.94 316.0
2459821.55707 19.366 0.054 4.95 280.0
2459822.48484 19.311 0.084 5.77 515.0
2459822.53357 19.122 0.054 5.64 337.0
2459822.59321 19.031 0.054 6.02 336.0
2459823.59452 19.502 0.094 6.75 380.0
2459823.68340 19.169 0.079 7.29 399.0
2459824.55958 19.467 0.108 7.00 457.0
2459824.67253 19.217 0.057 5.09 370.0
2459825.65067 19.438 0.100 6.71 487.0
2459831.50320 19.320 0.090 6.16 610.0
2459831.56349 19.144 0.072 5.95 600.0
2459831.61999 19.087 0.072 5.79 676.0
2459832.51377 19.246 0.095 6.82 615.0
2459832.56102 19.060 0.086 7.19 629.0
2459834.50515 19.513 0.079 5.14 441.0
2459834.55758 19.388 0.078 5.50 524.0
2459834.60615 19.233 0.067 5.33 559.0
2459834.65751 19.131 0.067 5.43 606.0
2459835.58578 19.167 0.075 6.17 467.0
2459835.63311 19.389 0.084 5.86 445.0
2459836.58668 19.432 0.116 8.08 412.0
2459837.64001 19.271 0.061 4.89 474.0
2459838.53078 19.264 0.059 5.23 367.0
2459838.59101 19.157 0.060 5.51 397.0
2459840.48683 19.170 0.080 5.98 610.0
2459840.53391 19.305 0.074 6.78 333.0
2459840.58136 19.131 0.067 6.69 356.0
2459841.49724 19.329 0.088 6.69 448.0
2459841.54593 19.202 0.056 5.34 389.0
2459841.59287 19.230 0.074 6.34 426.0
2459843.54940 19.321 0.092 7.37 381.0
2459843.59852 19.196 0.073 6.44 376.0
2459844.53381 19.085 0.060 6.33 381.0
2459844.58149 19.277 0.062 5.59 390.0
2459845.49225 19.174 0.083 7.04 447.0
2459845.54034 19.290 0.063 5.50 332.0
2459845.58969 19.268 0.057 5.04 352.0
2459846.58134 19.284 0.076 6.24 378.0
2459848.51888 19.486 0.104 6.95 411.0
2459848.56589 19.163 0.066 5.65 448.0
2459848.61465 19.474 0.077 5.37 430.0
2459850.54405 19.333 0.077 6.21 382.0
2459850.59177 19.485 0.071 4.81 376.0
2459851.59491 19.486 0.105 6.92 406.0
2459852.51215 19.225 0.081 7.26 396.0
2459852.56149 19.184 0.064 5.53 405.0
2459852.60985 19.250 0.064 5.15 442.0
2459856.58614 19.239 0.115 6.82 843.0
2459857.57329 19.096 0.097 6.89 772.0
2459859.51989 19.307 0.059 4.44 586.0
2459859.57397 19.297 0.066 4.55 671.0
2459860.50869 19.193 0.098 6.62 652.0
2459860.56070 19.360 0.102 5.44 734.0
2459860.59616 19.440 0.127 6.17 838.0
2459863.53416 19.240 0.075 5.44 608.0
2459864.52995 19.460 0.093 5.23 545.0
2459865.50849 19.474 0.108 7.01 509.0
2459866.51557 19.340 0.075 4.72 550.0
2459867.50148 19.315 0.081 4.93 707.0
2459868.52337 19.164 0.076 5.54 494.0
2459869.53077 19.247 0.066 4.88 438.0
2459875.51408 19.157 0.072 5.66 523.0
2459993.85147 19.082 0.076 7.03 443.0
2459997.84636 19.302 0.076 6.14 448.0
2460001.85410 19.149 0.050 4.76 433.0
2460005.85186 19.188 0.054 4.80 437.0
2460013.86625 19.192 0.043 3.74 437.0
2460016.81661 19.056 0.062 5.24 643.0
2460022.78848 19.293 0.056 5.37 318.0
2460024.91083 19.209 0.062 4.46 652.0
2460027.87199 19.254 0.058 5.73 333.0
2460030.76918 19.205 0.048 5.20 303.0
2460032.78662 19.148 0.045 4.63 326.0
2460034.81686 19.224 0.057 5.77 316.0
2460037.76779 19.197 0.057 5.14 423.0
2460039.88774 19.367 0.057 4.63 412.0
2460041.91490 19.162 0.069 5.41 594.0
2460043.88807 19.112 0.059 4.05 803.0
2460043.90107 19.203 0.060 4.32 595.0
2460049.86075 19.195 0.044 4.51 332.0
2460052.83856 19.176 0.048 4.94 347.0
2460056.73213 19.190 0.066 6.55 357.0
2460058.80710 19.124 0.049 5.32 351.0
2460060.79850 19.366 0.051 4.40 370.0
2460062.85768 19.327 0.051 4.61 347.0
2460066.74199 19.299 0.059 5.23 397.0
2460068.75601 19.164 0.058 5.18 510.0
2460076.66590 19.278 0.068 6.13 375.0
2460085.70295 19.387 0.071 5.72 319.0
2460089.67717 19.252 0.057 4.88 408.0
2460091.76074 19.187 0.052 4.55 414.0
2460093.90620 19.215 0.090 6.96 536.0
2460095.90916 19.209 0.073 6.07 449.0
2460097.60655 19.071 0.067 5.07 673.0
2460098.73396 19.167 0.084 5.11 964.0
2460104.91418 19.355 0.098 5.78 683.0
2460106.74270 19.262 0.061 5.69 302.0
2460108.60632 19.368 0.064 5.39 311.0
2460110.53619 19.377 0.087 6.15 462.0
2460111.77119 19.314 0.054 4.51 335.0
2460113.53034 19.158 0.066 5.68 496.0
2460114.88662 19.056 0.090 7.51 578.0
2460120.51311 19.312 0.068 5.60 397.0
2460121.71665 19.320 0.067 5.37 395.0
2460123.62840 19.230 0.060 5.60 366.0
2460124.85280 19.080 0.059 5.11 552.0
2460130.49611 19.290 0.135 6.86 1080.0
2460131.76053 19.196 0.084 5.47 846.0
2460134.48093 19.013 0.071 6.12 593.0
2460139.69076 19.227 0.049 4.85 304.0
2460141.62521 19.181 0.057 5.81 297.0
2460143.65127 19.333 0.052 4.56 308.0
2460149.54514 19.126 0.047 4.73 373.0
2460153.48760 18.991 0.075 6.39 582.0
2460153.74944 19.175 0.076 5.25 811.0
2460158.71287 19.259 0.083 5.11 883.0
2460160.65477 19.295 0.071 5.23 448.0
2460165.65750 19.303 0.070 6.46 302.0
2460169.52746 19.317 0.064 6.01 291.0
2460171.54429 19.160 0.042 4.21 300.0
2460174.50153 19.214 0.081 6.79 380.0
2460178.66907 19.210 0.075 6.54 364.0
2460180.70537 19.138 0.082 6.69 508.0
2460186.64401 19.425 0.109 6.15 754.0
2460192.67210 19.054 0.088 7.64 546.0
2460202.55604 19.119 0.055 5.59 337.0
2460204.63022 19.133 0.063 5.85 403.0
2460213.60594 19.114 0.096 7.14 657.0
2460218.60436 19.184 0.110 7.56 670.0
2460226.56450 19.245 0.074 6.05 465.0
2460229.56366 19.267 0.092 6.81 518.0
2460243.52705 19.176 0.086 5.89 708.0
2460255.50695 19.263 0.142 7.20 1084.0
2460357.88249 19.217 0.073 5.85 474.0
2460368.86581 19.299 0.057 4.33 480.0
2460376.87093 19.134 0.065 5.53 490.0
2460379.85363 19.233 0.052 4.61 375.0
2460382.88581 19.253 0.062 5.52 371.0
2460385.82226 19.221 0.056 5.01 358.0
2460388.81541 19.125 0.059 5.87 376.0
2460391.84564 19.278 0.058 4.67 399.0
2460393.91417 19.155 0.069 4.68 849.0
2460396.76210 19.178 0.079 5.46 670.0
2460398.84389 19.259 0.055 4.03 552.0
2460404.80094 19.265 0.057 4.96 354.0
2460406.91989 19.172 0.074 5.64 582.0
2460411.73912 19.296 0.065 5.58 387.0
2460418.72521 19.157 0.059 5.45 415.0
2460423.71646 19.201 0.086 6.48 595.0
2460425.74976 19.324 0.082 5.64 591.0
2460432.92806 19.102 0.058 4.97 558.0
2460435.77705 19.177 0.056 5.56 338.0
2460440.73892 19.432 0.092 6.34 456.0
2460448.79695 19.185 0.060 5.40 392.0
2460450.69269 19.254 0.062 5.29 408.0
2460458.84153 19.238 0.051 4.41 408.0
2460461.68884 19.268 0.044 3.97 434.0
2460463.85412 19.205 0.054 5.00 369.0
2460467.91982 19.216 0.091 6.71 710.0
2460473.65941 19.298 0.066 5.69 364.0
2460477.64732 19.432 0.077 5.29 487.0
2460479.64797 19.523 0.105 6.44 462.0
2460485.84971 19.407 0.117 6.21 788.0
2460488.59891 19.247 0.056 5.55 333.0
2460491.53638 19.167 0.046 4.77 317.0
2460492.83910 19.113 0.057 5.28 419.0
2460494.75932 19.212 0.052 5.15 307.0
2460496.66316 19.312 0.092 6.95 452.0
2460498.48978 19.246 0.063 5.54 420.0
2460499.83125 19.236 0.059 5.62 320.0
2460501.78852 19.188 0.061 5.75 361.0
2460504.51825 19.115 0.072 6.96 367.0
2460505.77240 19.242 0.073 6.62 321.0
2460513.58111 19.133 0.085 6.11 821.0
2460516.62459 19.498 0.087 6.37 341.0
2460518.62845 19.098 0.054 5.66 354.0
2460521.53511 19.219 0.049 4.97 309.0
2460530.58555 19.129 0.064 6.51 341.0
2460533.70376 19.220 0.059 6.47 281.0
2460542.62594 19.294 0.098 6.41 686.0
2460545.70062 19.303 0.092 6.87 473.0
2460550.64657 19.096 0.080 7.93 360.0
2460556.61970 19.179 0.078 6.79 396.0
2460560.49404 19.188 0.054 5.13 398.0
2460562.57484 19.222 0.073 6.05 463.0
2460569.55725 19.165 0.076 5.76 605.0
2460573.47906 19.197 0.120 6.67 1033.0
2460576.56591 19.378 0.095 6.91 390.0
2460581.55781 19.227 0.067 5.87 383.0
2460586.48561 19.200 0.116 7.20 694.0
2460596.55398 19.042 0.075 5.76 823.0
2460597.56528 19.229 0.082 5.73 737.0
2460598.53631 18.982 0.072 6.29 702.0
2460599.55123 19.248 0.069 4.88 687.0
2460600.53834 19.117 0.077 5.64 889.0
2460601.55100 19.299 0.084 5.15 825.0
2460610.53560 19.458 0.093 5.57 568.0
2460718.88444 19.105 0.082 6.07 745.0
2460724.89114 19.191 0.105 6.80 767.0
2460726.85253 19.201 0.064 5.20 492.0
2460735.85452 19.299 0.066 5.62 374.0
2460738.84555 19.394 0.071 5.54 373.0
2460741.84556 19.118 0.063 6.36 336.0
2460743.88833 19.243 0.050 4.61 335.0
2460746.89489 19.312 0.055 4.93 371.0
2460749.80616 19.238 0.071 4.86 640.0
2460751.83791 19.165 0.058 4.82 493.0
2460753.80447 19.334 0.076 5.00 611.0
2460761.78068 19.316 0.074 6.22 371.0
2460763.77775 19.287 0.068 5.67 389.0
2460765.78325 19.219 0.051 4.75 336.0
2460767.78540 19.201 0.052 4.99 348.0
2460769.78001 19.199 0.051 4.49 407.0
2460771.81058 19.258 0.067 6.04 333.0
2460773.75696 19.335 0.069 5.38 429.0
2460775.81795 19.204 0.070 5.91 423.0
2460778.75045 19.167 0.072 5.28 668.0
2460780.74863 19.238 0.098 6.40 656.0
2460786.80698 19.221 0.070 5.97 423.0
2460788.73971 19.200 0.056 5.38 338.0
2460789.87705 19.142 0.048 4.72 345.0
2460791.71315 19.284 0.052 4.79 343.0
2460792.87877 19.233 0.050 4.57 365.0
2460794.70430 19.234 0.061 5.82 316.0
2460795.90743 19.269 0.070 6.23 356.0
2460798.76284 19.189 0.048 5.14 315.0
2460799.88343 19.290 0.062 4.93 425.0
2460801.68879 19.152 0.062 5.95 383.0
2460805.69576 19.187 0.069 5.95 514.0
2460806.80471 19.292 0.071 5.12 508.0
2460807.90288 19.130 0.064 4.74 710.0
2460808.90876 19.067 0.068 4.42 1006.0
2460813.92603 19.220 0.069 4.98 662.0
2460815.76892 19.188 0.041 4.23 331.0
2460817.64038 19.230 0.051 5.26 319.0
2460818.75890 19.272 0.047 4.55 308.0
2460819.86937 19.143 0.048 4.67 395.0
2460821.64660 19.072 0.063 6.49 353.0
2460822.91599 19.165 0.078 6.58 462.0
2460824.61907 19.285 0.070 6.36 358.0
2460825.65184 19.122 0.044 4.84 309.0
2460827.67460 19.082 0.037 4.21 301.0
2460828.75755 19.123 0.039 4.47 288.0
2460832.77236 19.090 0.064 6.02 441.0
2460833.90406 19.100 0.073 6.29 535.0
2460835.66298 19.108 0.059 5.05 590.0
2460841.79980 18.972 0.064 5.55 638.0
2460843.76382 18.957 0.043 4.58 425.0
2460844.83073 19.032 0.069 6.73 460.0
2460846.56195 18.800 0.043 5.37 423.0
2460847.57278 18.827 0.049 5.83 417.0
2460848.58202 18.810 0.040 5.35 353.0
2460850.56168 18.707 0.050 6.61 435.0
2460851.56813 18.769 0.043 6.36 321.0
2460853.77001 18.672 0.037 5.46 349.0
2460854.79239 18.576 0.035 5.99 329.0
2460856.53344 18.527 0.037 6.35 361.0
2460857.84296 18.513 0.034 5.69 375.0
2460859.63861 18.321 0.021 4.38 302.0
2460860.65043 18.313 0.021 4.54 320.0
2460861.79318 18.274 0.034 6.94 387.0
2460868.58227 18.382 0.045 6.21 748.0
2460869.66407 18.459 0.042 6.64 482.0
2460870.83020 18.480 0.046 7.02 516.0
2460872.83031 18.551 0.049 7.21 489.0
2460874.60507 18.715 0.030 4.90 305.0
2460875.70563 18.716 0.034 5.13 318.0
2460877.54597 18.783 0.038 5.61 336.0
2460879.59604 18.899 0.038 5.45 285.0
2460880.80468 18.976 0.067 6.83 497.0
2460882.78990 18.985 0.064 7.05 461.0
2460886.56651 18.990 0.042 5.14 359.0
2460895.75076 18.880 0.098 7.25 1044.0
2460897.58917 19.132 0.099 5.84 1051.0
2460899.61064 19.204 0.048 4.50 348.0
2460901.49660 19.095 0.071 6.73 390.0
2460903.70094 18.991 0.063 7.02 369.0
2460911.55685 19.128 0.062 5.97 362.0
2460913.60313 19.263 0.053 5.19 301.0
2460915.57872 19.245 0.053 4.97 319.0
2460924.63992 19.187 0.100 7.36 715.0
2460925.52078 19.162 0.082 6.61 563.0
2460925.56785 19.137 0.076 6.29 587.0
2460925.61490 19.026 0.078 6.55 668.0
2460926.52141 19.285 0.098 6.76 600.0
2460926.56834 19.049 0.085 6.78 661.0
2460926.61948 19.346 0.118 7.25 727.0
2460927.51736 19.123 0.053 5.01 478.0
2460927.56475 19.325 0.091 6.91 514.0
2460927.61211 19.223 0.072 5.81 548.0
2460928.51962 19.290 0.055 5.02 354.0
2460928.56656 19.178 0.063 5.65 440.0
2460928.61391 19.206 0.075 6.30 505.0
2460929.54538 19.186 0.048 5.03 352.0
2460929.59226 19.233 0.058 5.34 412.0
2460929.63915 19.173 0.062 5.36 484.0
2460930.52215 19.180 0.050 5.06 389.0
2460930.56915 19.252 0.058 5.34 418.0
2460930.61600 18.948 0.060 6.32 483.0
2460931.53369 18.967 0.050 5.85 356.0
2460931.58583 19.263 0.077 6.36 383.0
2460932.55636 19.234 0.065 6.05 366.0
2460932.60352 19.294 0.095 7.91 389.0
2460933.54814 19.201 0.059 5.16 450.0
2460933.59571 19.209 0.067 5.50 523.0
2460934.54894 19.253 0.058 4.85 452.0
2460934.59716 19.193 0.060 5.44 471.0
2460936.64301 19.159 0.065 6.23 408.0
2460942.52687 19.235 0.057 5.60 313.0
2460944.57012 19.346 0.092 7.04 391.0
2460952.53802 19.134 0.101 7.64 591.0
2460956.56425 18.968 0.074 7.03 667.0
2460962.50625 19.170 0.087 6.35 576.0
2460969.49798 19.248 0.071 5.62 540.0
