2457791.88311 19.652 0.114 4.75 806.0
2457792.88588 19.762 0.140 4.99 958.0
2457793.87736 19.693 0.094 4.77 501.0
2457794.88435 19.702 0.148 6.06 767.0
2457795.88838 19.623 0.142 5.88 907.0
2457798.86837 19.889 0.113 4.64 502.0
2457800.86117 19.559 0.086 4.93 486.0
2457802.84105 19.549 0.113 6.03 576.0
2457807.86936 19.685 0.081 5.02 347.0
2457810.84622 19.623 0.071 4.14 388.0
2457813.81033 19.574 0.096 5.26 508.0
2457816.83900 19.715 0.090 5.18 372.0
2457818.88198 19.677 0.073 4.73 332.0
2457821.80973 19.513 0.104 5.60 529.0
2457823.82055 19.859 0.121 4.60 627.0
2457825.85269 19.680 0.099 5.07 533.0
2457827.83004 19.695 0.103 5.10 508.0
2457829.82584 19.668 0.128 5.88 614.0
2457834.82127 19.430 0.070 5.36 350.0
2457835.75798 19.620 0.102 6.73 303.0
2457835.89767 19.609 0.086 5.71 323.0
2457836.85275 19.844 0.096 5.67 282.0
2457837.78664 19.690 0.081 5.40 292.0
2457837.89585 19.540 0.065 4.78 300.0
2457838.84212 19.696 0.080 5.10 335.0
2457839.78169 19.601 0.058 4.30 261.0
2457839.90517 19.720 0.058 3.67 271.0
2457840.83543 19.853 0.096 5.50 291.0
2457841.77546 19.890 0.141 7.55 297.0
2457841.88515 19.703 0.104 6.48 315.0
2457842.79984 19.495 0.069 5.49 290.0
2457842.90768 19.663 0.080 5.15 314.0
2457843.84080 19.617 0.072 5.36 254.0
2457844.75138 19.705 0.083 5.50 292.0
2457844.86773 19.534 0.081 6.38 282.0
2457845.77513 19.678 0.084 5.65 294.0
2457845.89332 19.826 0.089 5.39 280.0
2457846.82285 19.662 0.072 5.05 273.0
2457847.72610 19.834 0.122 6.38 322.0
2457847.84346 19.623 0.075 5.25 285.0
2457848.73991 19.663 0.105 6.71 334.0
2457848.84730 19.619 0.070 5.20 272.0
2457849.75262 19.677 0.080 4.76 383.0
2457849.87120 19.511 0.050 3.76 282.0
2457850.76483 19.623 0.093 5.31 405.0
2457850.88460 19.673 0.067 4.47 283.0
2457851.78253 19.645 0.109 6.03 426.0
2457851.90437 19.633 0.073 4.88 296.0
2457852.89099 19.612 0.094 6.19 323.0
2457854.70087 19.589 0.097 4.56 708.0
2457854.82280 19.763 0.089 4.14 488.0
2457855.73547 19.640 0.089 3.93 678.0
2457855.84512 19.762 0.098 4.35 554.0
2457856.74419 19.816 0.163 6.59 604.0
2457856.85515 19.676 0.114 5.61 527.0
2457858.77831 19.598 0.084 4.93 421.0
2457862.70409 19.691 0.106 5.81 387.0
2457862.81400 19.616 0.089 5.38 365.0
2457863.76056 19.656 0.108 6.94 325.0
2457863.90814 19.846 0.100 5.02 367.0
2457864.71759 19.777 0.070 4.15 296.0
2457864.86887 19.652 0.064 4.00 329.0
2457865.72230 19.539 0.064 4.42 318.0
2457865.85952 19.566 0.068 4.49 361.0
2457866.71848 19.685 0.071 3.93 325.0
2457866.84774 19.630 0.059 3.82 319.0
2457867.72176 19.578 0.058 3.66 302.0
2457867.85158 19.711 0.069 4.16 293.0
2457868.77859 19.806 0.103 5.53 317.0
2457868.92473 19.724 0.128 6.94 385.0
2457869.77740 19.702 0.064 3.94 292.0
2457869.90946 19.624 0.071 4.13 383.0
2457870.79858 19.670 0.059 3.85 275.0
2457870.92013 19.560 0.071 4.45 332.0
2457871.82223 19.619 0.055 3.42 299.0
2457872.67267 19.644 0.068 3.89 346.0
2457872.82403 19.701 0.058 3.56 319.0
2457873.67495 19.567 0.063 4.26 341.0
2457873.78287 19.752 0.066 4.06 292.0
2457873.91821 19.627 0.077 4.81 358.0
2457874.75139 19.740 0.101 5.87 343.0
2457874.87483 19.472 0.069 4.66 401.0
2457875.83167 19.674 0.074 4.31 541.0
2457875.93843 19.812 0.223 5.16 2024.0
2457876.75653 19.592 0.070 4.35 349.0
2457876.89336 19.552 0.080 5.34 402.0
2457877.71672 19.649 0.069 3.88 372.0
2457877.84968 19.685 0.077 3.77 429.0
2457878.75536 19.629 0.068 3.83 398.0
2457878.88961 19.709 0.068 3.79 372.0
2457879.71388 19.455 0.095 6.37 411.0
2457879.86654 19.449 0.101 6.98 396.0
2457880.74251 19.685 0.109 5.82 424.0
2457880.87148 19.449 0.088 5.87 420.0
2457881.82194 19.645 0.100 5.25 479.0
2457882.69989 19.393 0.110 6.92 516.0
2457882.83005 19.614 0.105 5.35 568.0
2457883.80016 19.935 0.225 7.36 675.0
2457890.71288 19.567 0.095 5.51 450.0
2457890.87223 19.663 0.117 5.64 567.0
2457893.69156 19.727 0.117 6.68 350.0
2457893.82105 19.755 0.099 5.43 360.0
2457893.93000 19.900 0.146 5.99 512.0
2457894.67576 19.629 0.067 4.32 332.0
2457894.80347 19.707 0.083 4.92 338.0
2457894.91254 19.645 0.083 5.07 400.0
2457895.78033 19.603 0.080 5.18 400.0
2457897.71741 19.516 0.077 5.28 329.0
2457901.65208 19.670 0.088 5.76 304.0
2457901.80803 19.690 0.089 5.37 333.0
2457902.64304 20.008 0.159 6.84 355.0
2457902.77569 19.827 0.088 4.67 332.0
2457903.81213 19.640 0.078 5.12 321.0
2457904.66852 19.639 0.063 4.33 283.0
2457904.80014 19.681 0.065 4.28 274.0
2457904.90885 19.648 0.106 6.36 401.0
2457905.63796 19.624 0.074 4.76 326.0
2457905.76681 19.554 0.068 4.66 325.0
2457905.87795 19.773 0.090 4.29 465.0
2457906.58635 19.575 0.077 4.35 425.0
2457906.70458 19.682 0.066 3.95 343.0
2457906.82706 19.612 0.077 4.51 422.0
2457907.69938 19.827 0.104 4.40 553.0
2457907.83068 19.656 0.092 4.74 566.0
2457908.65022 19.642 0.089 4.55 482.0
2457908.77986 19.707 0.097 4.95 456.0
2457908.88905 19.619 0.125 6.82 494.0
2457909.58082 19.733 0.125 4.94 675.0
2457909.70107 19.532 0.070 4.17 435.0
2457909.81303 19.653 0.089 4.46 531.0
2457909.91304 19.852 0.150 6.04 662.0
2457910.59807 19.605 0.098 4.90 540.0
2457910.71716 19.766 0.084 4.08 422.0
2457910.85160 19.569 0.104 4.70 1011.0
2457911.57621 20.047 0.222 6.39 781.0
2457911.67390 19.666 0.108 5.29 558.0
2457911.87948 19.524 0.171 7.75 793.0
2457916.62282 19.655 0.087 3.85 672.0
2457916.72179 19.626 0.097 4.43 664.0
2457916.82345 19.678 0.108 4.72 667.0
2457917.54318 19.440 0.106 6.34 569.0
2457917.65769 19.770 0.097 4.93 434.0
2457917.77273 19.620 0.095 5.10 508.0
2457917.87978 19.415 0.114 6.13 780.0
2457918.65406 19.993 0.174 5.42 733.0
2457922.63436 19.727 0.088 4.91 382.0
2457923.52725 19.750 0.108 5.38 443.0
2457923.63393 19.840 0.101 5.22 357.0
2457923.77084 19.707 0.106 5.78 388.0
2457923.88059 19.585 0.110 5.95 481.0
2457924.55641 19.500 0.073 4.72 370.0
2457924.66198 19.617 0.077 4.98 320.0
2457924.79080 19.612 0.077 4.70 365.0
2457925.58056 20.038 0.142 6.10 358.0
2457925.70624 19.683 0.083 5.31 295.0
2457925.83146 19.634 0.107 6.66 368.0
2457926.59679 19.794 0.100 5.77 352.0
2457926.74433 19.634 0.090 5.85 333.0
2457928.59251 19.693 0.081 5.07 308.0
2457932.62365 19.594 0.079 5.15 328.0
2457932.75760 19.559 0.090 6.44 308.0
2457933.61456 19.568 0.085 6.09 293.0
2457933.73687 19.601 0.082 6.26 242.0
2457934.54966 19.566 0.063 4.31 326.0
2457934.68560 19.695 0.071 4.43 304.0
2457934.78027 19.707 0.091 5.35 347.0
2457935.51914 19.658 0.079 4.31 409.0
2457935.64854 19.818 0.083 4.51 303.0
2457935.76090 19.715 0.067 4.34 273.0
2457936.51188 19.572 0.085 5.08 392.0
2457936.62273 19.660 0.084 5.56 302.0
2457936.76726 19.572 0.076 5.76 269.0
2457937.56385 19.738 0.115 5.77 428.0
2457937.67501 19.629 0.086 5.39 356.0
2457937.80605 19.595 0.097 6.75 313.0
2457938.58773 19.649 0.127 6.98 415.0
2457944.48233 19.544 0.109 5.02 727.0
2457944.52310 19.599 0.108 4.92 691.0
2457944.57475 19.623 0.099 4.54 632.0
2457944.61492 19.751 0.101 4.20 590.0
2457944.67478 19.650 0.109 5.29 545.0
2457944.72511 19.715 0.101 4.67 572.0
2457944.78509 19.619 0.144 6.77 684.0
2457945.48988 19.647 0.124 5.97 560.0
2457945.59539 19.535 0.067 4.16 420.0
2457945.70757 19.637 0.074 4.39 410.0
2457945.81723 19.673 0.115 5.65 619.0
2457946.53862 19.530 0.073 4.47 405.0
2457946.66785 19.707 0.087 4.90 370.0
2457946.77993 19.637 0.105 6.06 405.0
2457947.52441 19.710 0.108 6.84 324.0
2457947.63507 19.669 0.095 5.93 319.0
2457948.52345 19.792 0.089 4.87 319.0
2457948.65868 19.724 0.110 5.71 438.0
2457948.79168 19.820 0.121 6.07 461.0
2457949.58515 19.650 0.102 5.58 483.0
2457949.70435 19.523 0.133 6.73 623.0
2457952.72745 19.680 0.093 5.98 283.0
2457953.49090 19.717 0.109 5.89 384.0
2457953.63220 19.691 0.084 5.49 275.0
2457953.75121 19.562 0.069 5.55 274.0
2457954.50762 19.708 0.083 4.38 473.0
2457954.65011 19.647 0.063 4.40 256.0
2457954.78800 19.646 0.085 5.32 399.0
2457956.49080 19.765 0.097 4.73 418.0
2457956.62474 19.594 0.067 4.80 262.0
2457956.75206 19.628 0.087 6.02 324.0
2457957.67804 19.663 0.094 6.31 306.0
2457958.59600 19.684 0.096 5.82 339.0
2457958.68447 19.626 0.102 6.88 311.0
2457958.79366 19.741 0.139 7.94 380.0
2457959.54879 19.604 0.064 4.40 308.0
2457959.66556 19.631 0.064 4.53 265.0
2457959.78309 19.556 0.098 6.81 346.0
2457960.53528 19.591 0.072 5.00 285.0
2457960.67122 19.734 0.080 5.50 248.0
2457961.61368 19.612 0.072 5.27 320.0
2457961.72612 19.699 0.095 6.03 390.0
2457962.54486 19.716 0.074 4.55 325.0
2457963.72103 19.708 0.091 5.30 396.0
2457964.61108 19.742 0.083 4.54 332.0
2457964.75635 19.854 0.123 6.29 423.0
2457965.68761 19.712 0.090 5.53 380.0
2457966.56160 19.510 0.091 6.01 362.0
2457966.66491 19.984 0.143 6.61 326.0
2457967.60108 19.654 0.130 6.95 425.0
2457967.68711 19.624 0.123 6.89 441.0
2457971.47307 19.422 0.133 6.37 859.0
2457971.51584 19.678 0.110 4.73 656.0
2457971.56716 19.784 0.120 4.76 564.0
2457971.60463 20.005 0.165 5.53 579.0
2457971.65462 19.785 0.118 4.92 616.0
2457971.69537 19.430 0.101 5.46 701.0
2457972.47370 19.855 0.222 7.08 793.0
2457972.52758 19.621 0.157 7.21 610.0
2457972.57616 19.626 0.129 5.91 597.0
2457972.62084 19.789 0.149 6.00 594.0
2457972.67828 19.777 0.164 6.25 650.0
2457972.72382 19.792 0.189 6.88 775.0
2457973.55840 20.015 0.212 7.24 590.0
2457973.68216 19.748 0.164 7.00 664.0
2457974.54695 19.617 0.081 4.43 428.0
2457974.66306 19.568 0.098 5.62 482.0
2457975.49603 19.645 0.119 7.17 357.0
2457979.54359 19.777 0.080 4.47 336.0
2457979.67182 19.709 0.079 4.54 374.0
2457980.59647 19.665 0.112 6.00 438.0
2457981.49444 19.670 0.106 5.51 457.0
2457981.64806 19.680 0.092 5.29 398.0
2457982.55817 19.773 0.094 5.17 313.0
2457982.66845 19.667 0.092 5.87 363.0
2457983.59670 19.608 0.076 5.41 318.0
2457984.50713 19.632 0.108 6.86 360.0
2457984.62283 19.564 0.084 5.85 312.0
2457985.55915 20.005 0.173 7.41 361.0
2457986.51042 19.693 0.071 4.30 334.0
2457986.64825 19.567 0.071 5.30 297.0
2457987.57544 19.556 0.069 4.43 373.0
2457990.49456 19.573 0.081 5.06 371.0
2457990.62641 19.630 0.098 6.43 343.0
2457991.54645 19.506 0.093 6.50 350.0
2457992.47959 19.640 0.077 4.44 432.0
2457992.60102 19.655 0.096 5.98 347.0
2457993.52896 19.785 0.101 5.14 377.0
2457993.63916 19.613 0.095 6.08 357.0
2457994.57299 19.526 0.086 5.41 411.0
2457998.48219 19.820 0.200 4.32 2187.0
2457998.53391 19.569 0.110 5.21 701.0
2457998.57275 19.672 0.110 5.13 628.0
2457998.62629 19.532 0.129 5.82 855.0
2458000.50707 19.637 0.153 7.98 498.0
2458000.55070 19.518 0.096 5.58 503.0
2458000.60710 19.694 0.176 7.87 613.0
2458001.49720 19.816 0.119 5.31 475.0
2458001.60699 19.622 0.100 5.46 552.0
2458004.48058 19.495 0.115 6.35 546.0
2458004.61004 19.543 0.112 6.53 496.0
2458007.57465 19.867 0.140 7.03 381.0
2458008.59227 19.639 0.110 6.88 368.0
2458011.54268 19.871 0.174 8.07 400.0
2458012.55714 19.631 0.087 5.02 465.0
2458013.56098 19.808 0.108 5.30 425.0
2458014.57108 19.525 0.083 5.65 404.0
2458015.57237 20.000 0.145 6.43 385.0
2458017.48275 19.652 0.119 5.74 559.0
2458018.50798 19.654 0.086 5.02 382.0
2458019.54500 19.597 0.081 5.25 367.0
2458021.48635 19.987 0.178 6.03 605.0
2458026.52783 19.793 0.181 5.49 1284.0
2458029.49567 19.687 0.135 5.59 650.0
2458030.53428 19.701 0.116 5.23 782.0
2458036.54181 19.573 0.129 7.69 466.0
2458040.51570 19.628 0.143 7.04 557.0
2458164.85314 19.683 0.084 4.38 416.0
2458165.85028 19.606 0.079 4.55 427.0
2458165.89020 19.727 0.094 4.59 503.0
2458166.88230 19.720 0.105 5.73 401.0
2458167.85750 19.675 0.081 4.41 395.0
2458168.83867 19.650 0.077 4.27 365.0
2458168.87819 19.560 0.070 4.47 335.0
2458169.86219 19.668 0.091 4.94 391.0
2458170.83554 19.662 0.076 4.15 388.0
2458170.88424 19.592 0.065 3.53 368.0
2458171.84497 19.563 0.070 3.98 403.0
2458171.89337 19.596 0.088 4.01 593.0
2458172.85525 19.680 0.086 4.47 401.0
2458173.82429 19.855 0.108 4.42 516.0
2458173.86494 19.621 0.076 4.02 447.0
2458174.83700 19.612 0.080 3.99 513.0
2458174.87586 19.671 0.074 3.79 438.0
2458175.83514 19.624 0.071 3.88 381.0
2458175.87462 19.675 0.075 4.41 335.0
2458176.82821 19.772 0.085 3.85 452.0
2458176.86756 19.590 0.070 4.02 390.0
2458181.81780 19.719 0.111 4.72 646.0
2458181.86142 19.440 0.077 4.15 595.0
2458182.80287 19.622 0.102 4.77 631.0
2458183.83860 19.489 0.085 4.95 546.0
2458184.84515 19.479 0.078 3.89 592.0
2458184.88582 19.940 0.136 5.00 558.0
2458185.85293 19.763 0.136 5.57 649.0
2458185.89292 19.499 0.080 4.67 488.0
2458189.85364 19.741 0.082 4.29 356.0
2458190.82644 19.646 0.060 4.02 281.0
2458191.81346 19.613 0.085 5.30 350.0
2458192.80277 19.692 0.102 5.79 383.0
2458193.78899 19.776 0.082 4.69 309.0
2458193.89971 19.622 0.064 4.09 296.0
2458194.86105 19.668 0.070 4.36 288.0
2458195.83394 19.594 0.078 5.15 319.0
2458196.80332 19.636 0.069 4.16 309.0
2458197.76331 19.546 0.092 6.17 376.0
2458197.86458 19.680 0.073 4.17 320.0
2458198.82052 19.625 0.065 4.16 322.0
2458199.76639 19.694 0.081 4.78 318.0
2458200.75105 19.582 0.089 5.56 399.0
2458200.86319 19.587 0.061 3.86 359.0
2458201.79721 19.677 0.106 6.27 343.0
2458201.91319 19.742 0.079 4.40 321.0
2458202.84028 19.514 0.060 4.29 361.0
2458203.78249 19.625 0.069 4.23 322.0
2458203.89876 19.656 0.069 4.25 307.0
2458204.82139 19.834 0.105 5.53 338.0
2458205.76159 19.865 0.131 6.14 436.0
2458205.88952 19.687 0.080 5.03 313.0
2458206.80238 19.629 0.070 4.05 421.0
2458206.92148 19.597 0.093 3.60 974.0
2458207.82842 19.595 0.076 4.30 446.0
2458208.74916 19.530 0.084 3.77 747.0
2458208.85552 19.782 0.099 4.05 559.0
2458209.77651 19.620 0.093 4.32 598.0
2458209.88375 19.665 0.078 3.77 506.0
2458210.78946 19.736 0.101 4.61 565.0
2458210.89673 19.804 0.089 4.03 521.0
2458211.80349 19.680 0.108 5.12 567.0
2458211.91256 19.646 0.092 4.35 575.0
2458212.79863 19.715 0.095 4.26 632.0
2458217.86182 19.680 0.071 4.25 316.0
2458220.76192 19.772 0.098 6.07 281.0
2458220.89772 19.778 0.080 4.67 312.0
2458221.78811 19.739 0.069 4.26 273.0
2458221.91433 19.649 0.071 4.07 328.0
2458222.79825 19.706 0.067 4.15 271.0
2458223.77999 19.720 0.081 4.27 305.0
2458223.91656 19.633 0.073 3.76 362.0
2458224.80333 19.833 0.092 5.11 345.0
2458225.79672 19.722 0.089 5.32 309.0
2458226.87172 19.648 0.088 5.52 309.0
2458227.74499 19.534 0.067 4.88 285.0
2458227.88723 19.688 0.070 4.04 306.0
2458228.79960 19.687 0.069 4.53 285.0
2458229.69826 19.644 0.072 4.71 330.0
2458229.82732 19.606 0.055 3.85 262.0
2458230.70040 19.529 0.077 5.15 351.0
2458230.82312 19.719 0.063 3.76 294.0
2458232.80321 19.836 0.086 4.21 345.0
2458233.72892 19.695 0.073 3.92 389.0
2458235.78901 19.673 0.075 3.74 532.0
2458236.78617 19.654 0.083 3.98 532.0
2458238.76052 19.744 0.093 3.75 670.0
2458238.88599 19.455 0.077 3.55 839.0
2458244.73413 19.569 0.076 4.58 399.0
2458244.85651 19.769 0.088 4.15 444.0
2458245.78827 19.496 0.108 5.98 474.0
2458245.90137 19.817 0.115 5.06 506.0
2458246.75634 19.757 0.121 6.16 407.0
2458246.87534 19.597 0.081 4.39 475.0
2458247.68024 19.656 0.086 4.97 409.0
2458247.79021 19.692 0.079 4.43 382.0
2458247.92050 19.597 0.141 7.19 492.0
2458249.64726 19.902 0.140 6.34 429.0
2458249.75597 19.583 0.065 4.74 295.0
2458249.88687 19.663 0.115 6.00 448.0
2458250.70151 19.816 0.062 3.58 263.0
2458250.83102 19.607 0.062 4.00 315.0
2458251.62630 19.765 0.116 7.25 266.0
2458251.73397 19.596 0.095 6.26 319.0
2458251.87072 19.715 0.090 4.97 368.0
2458252.89618 19.620 0.108 6.14 426.0
2458253.68300 19.697 0.077 4.68 333.0
2458253.81041 19.602 0.066 4.21 327.0
2458254.68920 19.736 0.068 3.90 311.0
2458254.83882 19.562 0.056 3.61 325.0
2458255.62771 19.645 0.079 4.79 321.0
2458255.76467 19.609 0.065 3.98 314.0
2458255.90630 19.756 0.111 5.58 422.0
2458256.68493 19.811 0.103 5.53 304.0
2458256.80871 19.537 0.085 5.20 389.0
2458256.93456 19.825 0.141 5.97 566.0
2458257.74521 19.753 0.090 5.46 285.0
2458257.86039 19.650 0.080 4.76 361.0
2458258.72569 19.719 0.071 4.51 278.0
2458258.85673 19.790 0.078 4.03 320.0
2458259.68718 19.574 0.066 4.35 365.0
2458259.81899 19.624 0.078 4.38 399.0
2458260.60207 19.804 0.103 4.38 548.0
2458260.90093 19.637 0.077 3.85 538.0
2458261.73234 19.650 0.064 3.66 324.0
2458261.88830 19.572 0.071 4.19 375.0
2458262.70977 19.670 0.063 3.94 302.0
2458262.84782 19.690 0.062 3.82 269.0
2458263.63035 19.693 0.067 3.45 431.0
2458263.75618 19.685 0.059 3.56 328.0
2458263.89245 19.693 0.067 4.41 290.0
2458264.76961 19.732 0.090 4.42 449.0
2458264.88739 19.652 0.087 4.80 480.0
2458265.66109 19.631 0.106 4.78 567.0
2458265.78273 19.579 0.071 3.57 513.0
2458266.64312 19.627 0.150 6.32 765.0
2458266.79566 19.493 0.112 5.63 675.0
2458271.65635 19.642 0.128 6.32 553.0
2458271.81710 19.835 0.143 5.71 564.0
2458272.64842 19.756 0.076 3.92 407.0
2458272.77115 19.646 0.093 4.95 423.0
2458272.88861 19.766 0.108 5.01 523.0
2458273.62275 19.733 0.092 4.79 392.0
2458273.75972 19.472 0.070 5.06 326.0
2458273.86249 19.831 0.133 6.20 428.0
2458274.60524 19.607 0.074 4.90 329.0
2458274.71974 19.877 0.124 6.23 351.0
2458274.84798 19.643 0.107 5.78 472.0
2458275.59846 19.950 0.111 4.92 388.0
2458275.73951 19.543 0.063 4.16 350.0
2458275.86077 19.614 0.086 4.74 450.0
2458276.60602 19.612 0.092 5.60 402.0
2458276.72871 19.772 0.067 3.69 313.0
2458276.84554 19.663 0.079 4.47 410.0
2458277.66324 19.757 0.069 4.20 278.0
2458277.78450 19.760 0.079 4.16 314.0
2458277.90329 19.658 0.083 4.36 484.0
2458278.59811 19.719 0.072 4.15 346.0
2458278.81485 19.524 0.061 3.92 454.0
2458282.61607 19.694 0.066 4.36 265.0
2458282.75387 19.736 0.066 4.31 262.0
2458282.88101 19.507 0.065 4.24 391.0
2458283.58028 19.560 0.065 4.85 283.0
2458283.70951 19.669 0.065 4.46 269.0
2458283.82512 19.539 0.074 4.83 359.0
2458284.54958 19.589 0.082 4.87 438.0
2458284.66895 19.739 0.074 4.65 300.0
2458284.79438 19.617 0.066 4.53 276.0
2458284.90372 19.782 0.102 4.78 453.0
2458285.79706 19.446 0.062 4.55 328.0
2458286.62768 19.532 0.057 4.77 240.0
2458286.77909 19.599 0.063 4.59 250.0
2458286.89619 19.609 0.082 5.06 393.0
2458287.62231 19.739 0.071 4.45 278.0
2458287.75530 19.669 0.055 3.99 234.0
2458287.89599 19.640 0.075 4.59 382.0
2458288.58939 19.784 0.094 5.25 301.0
2458288.73050 19.629 0.058 3.77 240.0
2458288.86763 19.742 0.112 5.60 442.0
2458289.58714 19.876 0.091 4.40 357.0
2458289.73818 19.742 0.082 5.04 290.0
2458290.58614 19.668 0.081 4.50 365.0
2458290.73400 19.682 0.072 4.34 304.0
2458290.85656 19.789 0.119 6.11 439.0
2458291.62932 19.655 0.084 4.33 456.0
2458291.77156 19.661 0.078 4.29 386.0
2458291.89506 19.605 0.117 6.38 504.0
2458292.63500 19.881 0.122 5.67 365.0
2458292.77605 19.610 0.089 5.06 400.0
2458293.53271 19.986 0.182 6.46 611.0
2458293.65833 19.678 0.092 4.98 414.0
2458293.82722 19.563 0.149 7.51 668.0
2458294.66917 19.814 0.162 6.76 549.0
2458294.82794 19.732 0.176 6.62 834.0
2458299.57987 19.434 0.152 5.57 1595.0
2458301.63602 19.771 0.134 6.49 472.0
2458301.75530 19.805 0.127 5.96 454.0
2458302.60846 19.870 0.115 5.00 608.0
2458304.55616 19.615 0.122 7.65 355.0
2458304.66446 19.840 0.131 6.64 366.0
2458305.53969 19.670 0.116 6.46 415.0
2458305.68311 19.618 0.085 5.76 303.0
2458305.81337 19.900 0.161 7.41 374.0
2458306.65871 19.619 0.099 6.73 322.0
2458306.79426 19.772 0.128 6.55 383.0
2458307.51756 19.702 0.079 4.26 402.0
2458307.63977 19.545 0.057 4.52 265.0
2458307.76272 19.645 0.072 4.39 334.0
2458308.48607 19.564 0.091 5.79 374.0
2458308.59535 19.628 0.060 4.15 240.0
2458308.72709 19.669 0.090 5.75 303.0
2458308.83048 19.662 0.132 7.87 428.0
2458309.57121 19.763 0.069 4.08 276.0
2458309.70525 19.706 0.055 3.57 240.0
2458309.81448 19.674 0.093 6.01 395.0
2458310.53802 19.631 0.076 5.17 303.0
2458310.61685 19.784 0.063 3.76 290.0
2458310.70424 19.587 0.067 4.72 361.0
2458310.81586 19.596 0.096 6.77 375.0
2458311.55158 19.763 0.102 6.05 281.0
2458311.67264 19.641 0.065 4.28 272.0
2458311.79201 19.538 0.086 5.39 415.0
2458312.51756 19.652 0.077 4.30 343.0
2458312.63956 19.567 0.054 3.92 242.0
2458312.78418 19.618 0.065 4.84 288.0
2458313.51828 19.576 0.071 4.47 351.0
2458313.63433 19.710 0.059 3.83 243.0
2458313.75223 19.709 0.082 4.06 393.0
2458314.48617 19.496 0.071 4.63 374.0
2458314.59766 19.590 0.068 4.41 311.0
2458314.72770 19.581 0.068 4.47 325.0
2458316.48609 19.642 0.109 6.30 365.0
2458316.59817 19.558 0.072 4.98 327.0
2458316.73222 19.462 0.112 7.84 362.0
2458320.53588 19.754 0.097 5.41 384.0
2458320.66776 19.715 0.069 3.94 345.0
2458320.77689 19.600 0.071 4.51 327.0
2458321.60247 19.587 0.123 5.19 964.0
2458328.53576 19.822 0.122 5.15 527.0
2458328.64797 19.706 0.120 5.55 536.0
2458328.75892 19.869 0.191 6.51 784.0
2458329.55764 19.905 0.134 5.36 499.0
2458329.66957 19.640 0.081 4.05 474.0
2458330.47224 19.542 0.075 4.69 472.0
2458330.60214 19.806 0.143 5.44 862.0
2458331.58583 19.672 0.071 4.26 317.0
2458331.69695 19.628 0.077 4.34 394.0
2458332.58681 19.631 0.088 5.69 341.0
2458332.74454 19.590 0.126 6.65 522.0
2458333.56628 19.675 0.073 4.38 337.0
2458333.69101 19.626 0.073 4.67 325.0
2458334.61225 19.710 0.080 4.45 375.0
2458335.55539 19.552 0.083 4.84 447.0
2458336.49122 19.775 0.117 5.87 357.0
2458336.63340 19.770 0.072 4.38 238.0
2458338.50531 19.469 0.081 5.75 381.0
2458338.63342 19.711 0.081 4.92 307.0
2458339.52366 19.645 0.062 3.89 312.0
2458339.72705 19.614 0.074 5.15 274.0
2458340.61507 19.701 0.076 4.62 304.0
2458341.51391 19.557 0.067 4.20 352.0
2458341.64597 19.590 0.056 3.91 256.0
2458342.57239 19.806 0.093 4.86 319.0
2458343.52779 19.440 0.076 5.50 319.0
2458344.55930 19.791 0.086 4.63 285.0
2458344.73255 19.562 0.079 5.39 338.0
2458345.59965 19.655 0.078 4.95 294.0
2458346.50281 19.727 0.113 6.60 309.0
2458346.64708 19.810 0.079 4.89 233.0
2458347.54454 19.697 0.079 4.85 278.0
2458347.71322 19.821 0.095 6.17 309.0
2458348.61178 19.523 0.079 4.83 341.0
2458353.65687 19.845 0.177 6.61 636.0
2458355.62927 19.527 0.074 3.85 520.0
2458356.51890 19.680 0.110 5.14 520.0
2458357.48197 19.443 0.107 6.15 506.0
2458357.68928 19.454 0.094 5.80 627.0
2458358.62854 19.672 0.098 5.00 479.0
2458359.51920 19.681 0.085 4.96 329.0
2458359.68397 19.446 0.101 5.89 557.0
2458360.59440 19.680 0.120 5.91 454.0
2458361.60029 19.816 0.130 7.04 324.0
2458363.63654 19.544 0.071 5.54 266.0
2458364.55522 19.609 0.062 3.83 338.0
2458366.48281 19.506 0.074 5.12 334.0
2458367.48573 19.678 0.111 5.96 385.0
2458367.66022 19.506 0.065 5.23 321.0
2458368.61045 19.638 0.074 4.67 385.0
2458369.54323 19.551 0.068 4.11 333.0
2458370.51020 19.713 0.094 4.93 373.0
2458371.50021 19.674 0.069 3.80 357.0
2458372.48393 19.637 0.112 5.99 432.0
2458372.64633 19.482 0.085 5.33 442.0
2458375.48444 19.952 0.147 5.63 444.0
2458375.61783 19.676 0.109 6.36 346.0
2458376.56633 19.880 0.104 4.68 388.0
2458381.55075 19.979 0.189 3.74 1649.0
2458382.56803 19.648 0.086 4.16 570.0
2458383.60463 19.772 0.182 7.29 707.0
2458385.57869 19.722 0.082 3.91 568.0
2458392.49859 19.896 0.156 7.04 369.0
2458394.54951 19.677 0.112 6.44 357.0
2458398.49735 19.520 0.101 6.63 391.0
2458517.88134 19.652 0.190 7.13 931.0
2458519.87704 19.513 0.089 5.06 591.0
2458523.85858 19.670 0.089 5.09 374.0
2458524.85614 19.704 0.083 4.35 428.0
2458526.89232 19.431 0.167 6.16 1526.0
2458528.87466 19.661 0.104 5.70 442.0
2458528.88762 19.645 0.109 5.22 620.0
2458535.85127 19.739 0.147 6.73 560.0
2458536.83858 19.863 0.107 4.22 567.0
2458536.87973 19.623 0.088 4.53 513.0
2458537.88477 19.623 0.099 5.85 441.0
2458539.83713 19.763 0.124 5.43 492.0
2458539.88880 19.624 0.087 5.28 426.0
2458540.86093 19.589 0.128 4.66 1048.0
2458544.82295 19.662 0.061 3.87 311.0
2458544.86231 19.739 0.069 4.53 292.0
2458546.83969 19.648 0.070 4.35 323.0
2458546.87935 19.613 0.072 4.93 304.0
2458547.84180 19.636 0.078 5.23 322.0
2458547.88855 19.707 0.076 4.54 315.0
2458548.84656 19.651 0.060 3.40 371.0
2458548.89242 19.681 0.073 4.01 413.0
2458549.84033 19.766 0.094 5.31 316.0
2458549.88145 19.742 0.095 5.71 322.0
2458550.85315 19.870 0.083 4.36 313.0
2458550.89269 19.628 0.074 4.96 321.0
2458551.90257 19.644 0.099 6.06 354.0
2458552.88438 19.837 0.109 6.32 293.0
2458553.80022 19.726 0.115 7.08 310.0
2458553.86217 19.887 0.115 5.92 327.0
2458554.78928 19.803 0.130 6.80 357.0
2458554.83912 19.736 0.088 5.11 344.0
2458554.87903 19.678 0.084 5.56 305.0
2458555.80001 19.648 0.075 4.39 371.0
2458555.83989 19.614 0.072 4.90 329.0
2458555.89733 19.592 0.060 4.04 316.0
2458556.81114 19.640 0.077 4.62 364.0
2458556.86129 19.560 0.065 4.67 322.0
2458556.90158 19.770 0.091 5.07 346.0
2458557.82841 19.677 0.081 5.00 314.0
2458557.86858 19.713 0.073 4.55 301.0
2458558.77706 19.497 0.073 5.16 346.0
2458558.82155 19.555 0.072 5.16 317.0
2458558.87085 19.619 0.071 4.80 309.0
2458558.91249 19.614 0.089 4.79 535.0
2458559.81497 19.728 0.079 4.68 328.0
2458559.85519 19.760 0.064 3.78 300.0
2458559.90528 19.769 0.081 4.72 335.0
2458560.81535 19.641 0.068 3.85 403.0
2458560.86457 19.615 0.058 3.54 319.0
2458560.90405 19.690 0.067 3.82 347.0
2458561.81854 19.585 0.069 3.86 450.0
2458561.86120 19.725 0.084 4.28 402.0
2458562.76394 19.883 0.129 4.86 647.0
2458562.80637 19.513 0.116 6.09 594.0
2458562.86355 19.557 0.088 4.79 533.0
2458562.90385 19.607 0.123 6.26 509.0
2458563.79504 19.490 0.092 4.75 669.0
2458563.84314 19.556 0.078 4.10 586.0
2458563.89274 19.747 0.113 4.32 724.0
2458564.78140 19.768 0.102 4.40 566.0
2458564.84219 19.791 0.083 3.67 505.0
2458564.88246 19.536 0.071 3.96 518.0
2458565.78442 19.634 0.090 4.08 597.0
2458565.83980 19.824 0.107 4.34 543.0
2458565.89386 19.600 0.078 4.13 495.0
2458566.79991 19.548 0.071 3.70 555.0
2458566.84954 19.700 0.077 3.46 519.0
2458566.89054 19.502 0.072 4.13 475.0
2458567.86368 19.777 0.095 4.09 532.0
2458567.90029 19.965 0.189 5.08 1031.0
2458573.88553 19.808 0.101 5.38 337.0
2458573.92640 19.556 0.138 5.21 1089.0
2458574.83326 19.754 0.112 6.64 296.0
2458574.87592 19.746 0.091 5.88 285.0
2458575.73083 19.659 0.085 5.34 313.0
2458575.77010 19.768 0.095 5.48 323.0
2458575.81869 19.727 0.091 5.50 310.0
2458575.85754 19.623 0.086 5.52 315.0
2458575.90698 19.877 0.105 5.28 320.0
2458576.78527 19.912 0.113 6.10 308.0
2458576.83194 19.805 0.094 5.79 305.0
2458576.87067 19.545 0.077 6.10 278.0
2458576.92359 19.656 0.198 6.49 1162.0
2458577.77475 19.734 0.113 5.99 362.0
2458577.84299 19.492 0.084 5.87 362.0
2458577.90582 19.688 0.127 7.20 401.0
2458578.73857 19.723 0.088 5.05 354.0
2458578.77769 19.823 0.086 4.65 326.0
2458578.82715 19.700 0.096 5.58 361.0
2458578.88458 19.632 0.071 4.54 339.0
2458579.71295 19.485 0.089 5.56 435.0
2458579.75559 19.704 0.080 4.35 380.0
2458579.80134 19.663 0.085 4.68 394.0
2458579.84043 19.573 0.094 5.34 446.0
2458579.90411 19.635 0.083 4.47 435.0
2458580.72784 19.743 0.096 5.06 393.0
2458580.77610 19.721 0.079 4.68 338.0
2458580.82356 19.585 0.078 5.23 331.0
2458580.86887 19.728 0.087 4.89 354.0
2458581.71561 19.555 0.068 4.36 370.0
2458581.77183 19.787 0.077 4.40 317.0
2458581.89791 19.679 0.083 4.55 393.0
2458582.73324 19.714 0.091 5.51 309.0
2458582.83831 19.729 0.099 5.43 352.0
2458583.71784 19.687 0.093 5.47 359.0
2458583.78841 19.683 0.079 5.32 322.0
2458583.91666 19.678 0.082 4.09 452.0
2458584.75089 19.682 0.070 4.43 305.0
2458584.90095 19.629 0.058 3.61 276.0
2458585.72831 19.654 0.076 4.82 331.0
2458585.83065 19.815 0.072 3.82 308.0
2458586.69151 19.557 0.073 4.70 374.0
2458586.76771 19.644 0.064 4.05 290.0
2458586.89605 19.717 0.067 4.06 291.0
2458587.71873 19.620 0.085 5.06 407.0
2458587.80990 19.656 0.073 4.50 321.0
2458588.69418 19.518 0.072 4.46 453.0
2458588.77073 19.726 0.062 3.45 335.0
2458588.90229 19.616 0.060 3.67 334.0
2458589.72046 19.649 0.087 4.46 499.0
2458589.82427 19.789 0.100 4.91 389.0
2458590.69402 19.750 0.111 4.67 622.0
2458590.76180 19.650 0.069 3.63 484.0
2458590.89010 19.701 0.065 3.31 378.0
2458591.72748 19.613 0.085 4.28 602.0
2458591.82774 19.587 0.067 3.69 515.0
2458592.79524 19.578 0.116 5.30 667.0
2458592.87149 19.497 0.108 5.02 808.0
2458593.75239 19.749 0.154 5.19 1304.0
2458593.88140 19.446 0.102 3.89 1376.0
2458594.69530 19.849 0.130 4.40 789.0
2458594.78023 19.474 0.082 4.78 606.0
2458594.90032 19.770 0.108 4.04 710.0
2458599.69311 19.793 0.154 7.18 566.0
2458599.74661 19.580 0.095 6.05 391.0
2458599.80413 19.617 0.072 4.80 356.0
2458599.88579 19.649 0.061 3.56 368.0
2458599.93618 19.694 0.140 4.25 1317.0
2458600.71736 19.684 0.080 4.84 347.0
2458600.87559 19.772 0.078 3.71 424.0
2458601.68441 19.710 0.072 4.12 330.0
2458601.80897 19.726 0.071 3.96 363.0
2458602.68151 19.641 0.063 4.10 307.0
2458602.79242 19.632 0.065 4.16 324.0
2458603.66245 19.545 0.070 4.77 332.0
2458603.73299 19.697 0.073 4.41 285.0
2458603.89381 19.411 0.061 4.17 379.0
2458604.75394 19.830 0.111 5.94 309.0
2458604.89746 19.640 0.100 5.81 356.0
2458605.69629 19.831 0.092 4.86 323.0
2458605.84707 19.684 0.085 4.78 412.0
2458606.68390 19.576 0.062 4.01 316.0
2458606.78869 19.640 0.057 3.91 302.0
2458606.93798 19.571 0.122 3.77 1588.0
2458607.71404 19.688 0.074 4.42 311.0
2458607.85779 19.745 0.080 4.31 377.0
2458608.66640 19.701 0.092 4.33 534.0
2458608.83465 19.566 0.063 3.85 380.0
2458609.66616 19.635 0.081 4.62 427.0
2458612.79370 19.890 0.108 5.46 304.0
2458612.93425 19.753 0.126 5.58 482.0
2458613.69149 19.651 0.087 5.41 322.0
2458613.84374 19.758 0.078 3.78 392.0
2458614.64016 19.746 0.117 5.41 466.0
2458614.72668 19.672 0.102 5.67 386.0
2458614.88527 19.406 0.080 4.85 499.0
2458615.70776 19.790 0.108 5.38 399.0
2458615.82952 19.731 0.076 4.20 307.0
2458616.65029 19.635 0.079 4.56 418.0
2458616.74436 19.715 0.066 3.78 381.0
2458616.89271 19.574 0.070 3.83 441.0
2458617.66794 19.842 0.095 4.49 404.0
2458617.80407 19.680 0.064 3.71 344.0
2458618.64038 19.767 0.099 4.86 474.0
2458618.73812 19.635 0.085 4.72 455.0
2458618.89008 19.535 0.115 6.03 608.0
2458619.65791 19.535 0.105 6.07 480.0
2458619.77767 19.678 0.097 5.33 435.0
2458620.64003 19.709 0.120 5.62 535.0
2458620.72746 19.633 0.082 4.40 449.0
2458620.89935 19.610 0.096 5.05 504.0
2458621.70521 19.579 0.127 5.49 745.0
2458621.88259 19.561 0.122 5.13 821.0
2458626.63153 19.826 0.147 6.00 549.0
2458626.68101 19.592 0.118 6.30 516.0
2458626.73144 19.588 0.102 5.61 486.0
2458626.79179 19.498 0.079 4.41 538.0
2458626.84654 19.594 0.109 5.32 585.0
2458626.89675 19.477 0.078 3.92 630.0
2458627.60547 19.737 0.083 4.52 440.0
2458627.68539 19.469 0.058 4.46 319.0
2458627.75818 19.586 0.069 4.25 446.0
2458635.65759 19.622 0.069 4.71 288.0
2458635.77058 19.508 0.068 4.81 326.0
2458635.90500 19.716 0.120 6.01 463.0
2458636.59657 19.710 0.080 4.50 338.0
2458636.72655 19.593 0.065 4.35 293.0
2458636.86204 19.697 0.079 4.45 345.0
2458637.59035 19.653 0.072 4.68 317.0
2458637.68543 19.702 0.067 4.35 291.0
2458637.82467 19.684 0.068 3.79 377.0
2458638.63248 19.869 0.087 5.10 303.0
2458638.79516 19.656 0.060 4.15 322.0
2458639.65628 19.667 0.057 3.37 359.0
2458639.76947 19.712 0.068 3.96 307.0
2458640.58010 19.691 0.088 5.18 357.0
2458640.69005 19.622 0.070 4.58 309.0
2458640.83471 19.795 0.108 5.07 366.0
2458641.61258 19.612 0.078 4.67 398.0
2458641.73536 19.564 0.059 4.10 349.0
2458642.73438 19.678 0.071 3.91 375.0
2458642.88502 19.645 0.101 4.61 522.0
2458643.58787 19.730 0.073 4.11 347.0
2458643.69146 19.658 0.058 3.55 327.0
2458643.81668 19.678 0.070 4.24 322.0
2458644.54702 19.702 0.117 6.04 473.0
2458644.60109 19.630 0.098 5.72 393.0
2458644.73119 19.769 0.069 3.81 318.0
2458644.84441 19.637 0.071 3.97 401.0
2458645.64063 19.572 0.079 5.37 344.0
2458646.58475 19.950 0.142 6.26 393.0
2458646.65402 19.550 0.081 5.59 332.0
2458646.76503 19.658 0.085 5.24 342.0
2458646.86860 19.709 0.142 7.18 456.0
2458647.62037 19.474 0.086 5.40 446.0
2458647.72757 19.544 0.086 5.26 426.0
2458647.84002 19.729 0.113 5.97 398.0
2458648.62472 19.651 0.111 5.87 577.0
2458648.73636 19.556 0.119 6.37 541.0
2458648.85138 19.725 0.112 5.08 539.0
2458649.60267 19.749 0.152 5.90 735.0
2458649.68866 19.538 0.136 6.75 654.0
2458655.53097 19.718 0.079 4.73 449.0
2458655.72228 19.573 0.112 6.49 503.0
2458656.61611 19.669 0.079 4.34 515.0
2458656.69609 19.616 0.093 6.16 347.0
2458656.83228 19.630 0.086 5.00 461.0
2458657.55675 19.803 0.087 4.55 348.0
2458657.65362 19.702 0.088 5.24 323.0
2458657.77534 19.572 0.060 4.04 294.0
2458657.88380 19.684 0.084 4.42 431.0
2458658.55215 19.798 0.094 5.75 265.0
2458658.66851 19.716 0.059 4.00 308.0
2458660.53310 19.690 0.102 6.20 314.0
2458660.57708 19.708 0.072 4.84 258.0
2458660.64314 19.707 0.066 4.36 256.0
2458660.69528 19.606 0.066 4.78 260.0
2458660.74805 19.670 0.072 4.67 290.0
2458660.80136 19.728 0.078 4.12 375.0
2458660.84919 19.753 0.106 5.16 481.0
2458661.52681 19.501 0.091 6.39 366.0
2458661.58787 19.908 0.134 7.40 287.0
2458661.63846 19.635 0.066 4.84 252.0
2458661.70617 19.622 0.072 5.62 254.0
2458662.58456 19.594 0.092 6.26 343.0
2458662.63371 19.820 0.088 5.23 301.0
2458662.68488 19.910 0.139 7.59 287.0
2458662.81415 19.640 0.107 5.93 496.0
2458664.53305 19.741 0.084 5.38 280.0
2458664.59270 19.691 0.063 4.71 221.0
2458664.64300 19.508 0.047 4.00 208.0
2458664.69334 19.666 0.063 4.60 222.0
2458664.74463 19.737 0.065 4.27 297.0
2458664.80018 19.968 0.092 4.54 364.0
2458665.56886 19.628 0.104 6.78 387.0
2458666.50529 19.529 0.121 6.56 549.0
2458666.54611 19.633 0.108 6.16 422.0
2458666.59229 19.773 0.097 5.30 359.0
2458666.63952 19.573 0.083 5.78 302.0
2458666.69325 19.636 0.066 4.66 246.0
2458666.75076 19.827 0.125 7.23 282.0
2458666.81994 19.798 0.124 7.20 300.0
2458667.53105 19.758 0.116 5.55 462.0
2458667.57454 19.601 0.096 5.84 380.0
2458667.62148 19.673 0.082 5.15 312.0
2458667.67050 19.917 0.104 5.24 334.0
2458667.72113 19.612 0.059 4.07 263.0
2458667.76864 19.710 0.068 4.14 287.0
2458667.81450 19.595 0.075 4.91 328.0
2458668.47557 19.528 0.099 5.95 454.0
2458668.55256 19.697 0.101 6.76 301.0
2458668.59911 19.633 0.083 5.83 279.0
2458668.66864 19.593 0.066 5.14 239.0
2458668.71897 19.534 0.057 4.57 230.0
2458668.76732 19.555 0.068 5.45 238.0
2458668.81349 19.577 0.062 4.44 280.0
2458669.50836 19.539 0.102 6.17 449.0
2458669.55351 19.589 0.088 5.44 397.0
2458669.60029 19.726 0.091 5.46 339.0
2458669.66948 19.697 0.079 5.00 306.0
2458669.71976 19.677 0.069 4.54 287.0
2458669.76739 19.592 0.057 3.88 295.0
2458669.81461 19.666 0.076 4.30 378.0
2458670.50850 19.553 0.069 4.70 358.0
2458670.55178 19.670 0.061 3.63 321.0
2458670.59835 19.667 0.055 3.72 263.0
2458670.66707 19.578 0.052 3.61 253.0
2458670.71738 19.660 0.053 3.74 229.0
2458670.76580 19.621 0.056 3.82 261.0
2458670.81200 19.775 0.078 4.29 300.0
2458672.67856 19.774 0.121 7.20 287.0
2458673.59489 19.628 0.070 4.04 368.0
2458673.66022 19.631 0.064 4.16 300.0
2458673.71315 19.963 0.092 4.61 289.0
2458673.75756 19.502 0.072 5.21 325.0
2458674.57825 20.047 0.142 6.40 308.0
2458674.62670 19.559 0.096 6.72 294.0
2458674.67806 19.698 0.067 4.28 270.0
2458674.73117 19.654 0.082 5.26 303.0
2458674.77218 19.691 0.089 5.17 349.0
2458674.82119 19.711 0.136 6.58 490.0
2458675.59828 19.645 0.093 3.94 686.0
2458675.63663 19.705 0.095 4.46 555.0
2458675.67681 19.610 0.071 4.46 375.0
2458675.71617 19.732 0.088 4.68 400.0
2458675.75281 19.698 0.077 4.22 390.0
2458675.79914 19.733 0.079 4.53 324.0
2458675.84036 19.556 0.097 5.96 404.0
2458676.46560 19.526 0.154 6.06 1072.0
2458676.50385 19.821 0.133 5.61 569.0
2458676.54313 19.587 0.080 4.54 457.0
2458676.59022 19.601 0.075 4.27 443.0
2458676.65146 19.606 0.080 4.60 432.0
2458676.67898 19.546 0.075 4.52 429.0
2458676.71621 19.571 0.080 4.57 451.0
2458676.75437 19.573 0.081 4.34 502.0
2458676.79247 19.644 0.099 4.76 566.0
2458681.47035 19.894 0.193 5.79 918.0
2458681.50932 19.462 0.119 5.07 905.0
2458681.54746 19.504 0.138 5.83 885.0
2458681.58275 19.726 0.152 5.54 810.0
2458681.63146 19.629 0.114 4.75 749.0
2458681.66799 19.826 0.142 4.98 775.0
2458681.73065 19.668 0.130 4.87 855.0
2458681.78437 19.369 0.151 6.54 1055.0
2458682.46460 19.818 0.179 4.66 1465.0
2458682.50446 19.456 0.085 4.48 597.0
2458682.54250 19.512 0.081 4.17 565.0
2458682.58172 19.668 0.111 5.34 583.0
2458682.64793 19.712 0.098 4.45 531.0
2458682.70279 19.459 0.085 4.58 549.0
2458682.75559 19.606 0.113 5.23 618.0
2458682.79412 19.572 0.158 6.95 732.0
2458683.46601 19.473 0.119 5.67 794.0
2458683.50806 19.777 0.130 6.38 445.0
2458683.55140 19.764 0.118 5.64 460.0
2458683.59090 19.654 0.113 6.03 450.0
2458683.64038 19.767 0.101 5.16 400.0
2458683.68271 19.594 0.087 5.22 401.0
2458683.72599 19.640 0.140 7.04 476.0
2458683.76736 19.541 0.103 5.68 490.0
2458684.46776 19.746 0.120 5.00 647.0
2458684.51384 19.610 0.108 6.40 363.0
2458684.55210 19.623 0.095 4.92 479.0
2458684.59566 19.556 0.064 3.97 371.0
2458684.64059 19.530 0.070 4.00 436.0
2458684.69858 19.596 0.084 4.85 389.0
2458684.74712 19.661 0.083 4.62 391.0
2458684.78852 19.674 0.085 4.35 465.0
2458685.46658 19.790 0.111 4.33 588.0
2458685.52105 19.802 0.103 5.61 330.0
2458685.59947 19.696 0.070 3.83 373.0
2458685.68533 19.768 0.084 4.92 341.0
2458688.52100 19.547 0.108 7.03 341.0
2458688.56896 19.455 0.075 5.69 303.0
2458688.62735 19.728 0.091 6.02 244.0
2458688.66734 19.635 0.069 5.04 243.0
2458688.75093 19.745 0.103 6.13 306.0
2458689.46905 19.665 0.150 6.60 610.0
2458689.51625 19.906 0.131 6.24 346.0
2458689.55448 19.606 0.091 5.93 318.0
2458689.60938 19.684 0.077 5.18 265.0
2458689.66161 19.818 0.102 5.99 264.0
2458689.71360 19.664 0.078 5.47 262.0
2458689.75883 19.609 0.100 6.18 347.0
2458690.46676 19.596 0.155 5.99 855.0
2458690.50487 19.701 0.106 5.91 367.0
2458690.55148 19.824 0.128 6.43 341.0
2458690.60123 19.645 0.076 4.64 306.0
2458690.65590 19.530 0.057 4.00 282.0
2458690.70193 19.701 0.063 3.87 270.0
2458690.74007 19.588 0.067 4.69 282.0
2458690.78439 19.729 0.096 5.60 348.0
2458691.46463 19.659 0.162 4.75 1450.0
2458691.50277 19.598 0.058 4.06 317.0
2458691.54078 19.653 0.054 3.90 249.0
2458691.58027 19.675 0.063 4.50 239.0
2458691.62692 19.546 0.052 3.80 266.0
2458691.67723 19.734 0.072 4.15 325.0
2458691.72836 19.712 0.082 4.85 325.0
2458691.76629 19.708 0.132 7.35 351.0
2458692.46496 19.725 0.161 4.65 1299.0
2458692.50536 19.390 0.066 4.96 381.0
2458692.54975 19.622 0.073 4.64 417.0
2458692.66204 19.620 0.072 4.56 368.0
2458692.70601 19.621 0.077 4.89 310.0
2458692.75205 19.667 0.098 5.59 382.0
2458693.50638 19.859 0.121 6.42 299.0
2458693.54514 19.613 0.087 6.05 277.0
2458693.64025 19.607 0.081 6.13 271.0
2458693.68117 19.662 0.079 5.29 276.0
2458693.74676 19.522 0.077 5.22 343.0
2458694.46930 19.813 0.137 5.35 616.0
2458694.50957 19.639 0.079 5.29 327.0
2458694.54819 19.764 0.077 4.30 320.0
2458694.58929 19.588 0.062 4.45 285.0
2458694.62780 19.674 0.058 3.88 257.0
2458694.66615 19.579 0.054 3.70 249.0
2458694.75761 19.737 0.066 3.62 307.0
2458695.46892 19.817 0.108 4.22 699.0
2458695.50746 19.677 0.071 4.62 307.0
2458695.54821 19.546 0.068 4.98 289.0
2458695.59241 19.692 0.053 3.47 259.0
2458695.64914 19.692 0.052 3.66 227.0
2458695.69559 19.682 0.068 4.73 248.0
2458695.74432 19.628 0.065 4.20 307.0
2458697.50878 19.643 0.117 6.75 352.0
2458697.58096 20.019 0.149 6.70 301.0
2458697.65314 19.706 0.112 6.39 313.0
2458697.71109 19.725 0.093 5.71 270.0
2458698.46884 19.746 0.125 5.07 741.0
2458698.50702 19.866 0.087 5.08 271.0
2458698.54715 19.794 0.079 4.70 258.0
2458698.60117 19.717 0.059 3.79 244.0
2458698.64379 19.670 0.060 3.95 228.0
2458698.68761 19.838 0.081 4.67 253.0
2458698.73821 19.644 0.064 3.85 297.0
2458699.47163 19.522 0.080 3.83 640.0
2458699.51003 19.638 0.082 4.91 417.0
2458699.56392 19.604 0.055 4.16 250.0
2458699.61600 19.751 0.064 3.89 247.0
2458699.65961 19.667 0.062 3.97 262.0
2458699.69792 19.634 0.071 4.69 298.0
2458699.74319 19.841 0.075 3.84 291.0
2458700.47025 19.715 0.106 4.02 736.0
2458700.50978 19.557 0.055 3.73 291.0
2458700.57011 19.698 0.059 3.67 280.0
2458700.61041 19.822 0.081 4.22 304.0
2458700.66522 19.530 0.066 4.40 336.0
2458700.70874 19.646 0.076 4.51 317.0
2458700.74810 19.779 0.092 4.63 381.0
2458701.47123 19.725 0.104 4.33 593.0
2458701.51140 19.665 0.073 4.29 318.0
2458701.57078 19.696 0.066 3.96 293.0
2458701.62798 19.643 0.071 4.08 337.0
2458701.66624 19.741 0.077 4.36 307.0
2458701.71751 19.650 0.081 4.80 329.0
2458701.75565 19.551 0.087 4.64 474.0
2458702.47074 19.885 0.175 6.18 632.0
2458702.51129 19.947 0.104 4.95 326.0
2458702.58489 19.808 0.083 4.49 300.0
2458702.62347 19.562 0.063 4.34 293.0
2458702.67115 19.634 0.066 4.40 299.0
2458702.72701 19.736 0.072 4.28 300.0
2458703.47192 19.628 0.133 6.01 634.0
2458703.51268 19.693 0.115 5.21 600.0
2458703.56994 19.733 0.105 5.31 504.0
2458704.50515 19.535 0.125 6.88 494.0
2458704.62719 19.667 0.122 6.05 549.0
2458708.57809 19.616 0.065 3.23 555.0
2458708.60765 19.576 0.071 3.85 522.0
2458708.70744 19.392 0.094 4.01 1035.0
2458709.52908 19.632 0.089 3.29 1187.0
2458710.47082 19.924 0.145 4.95 696.0
2458710.51170 19.624 0.105 4.38 850.0
2458711.46982 19.676 0.140 4.72 1135.0
2458711.50973 19.654 0.126 4.59 984.0
2458711.53480 19.892 0.160 4.65 1045.0
2458711.58268 19.901 0.161 5.81 620.0
2458711.62215 19.544 0.097 5.50 520.0
2458711.66306 19.539 0.106 5.34 611.0
2458711.70669 19.587 0.180 7.04 874.0
2458712.48633 19.524 0.098 6.84 345.0
2458712.52656 19.625 0.106 6.39 380.0
2458712.57942 19.820 0.136 6.86 379.0
2458712.60215 19.869 0.148 6.99 406.0
2458712.64335 19.489 0.106 6.73 434.0
2458713.51132 19.539 0.069 4.89 313.0
2458713.55479 19.649 0.085 4.84 378.0
2458713.59671 19.611 0.089 5.17 411.0
2458713.63601 19.848 0.117 5.54 381.0
2458713.67681 19.858 0.129 5.83 428.0
2458713.71517 19.970 0.154 6.03 457.0
2458714.47331 19.653 0.115 5.77 535.0
2458714.51658 19.682 0.094 5.83 320.0
2458714.56305 19.639 0.092 5.66 347.0
2458714.60776 19.803 0.116 4.94 645.0
2458715.48882 19.674 0.077 4.93 328.0
2458715.53167 19.587 0.102 7.25 284.0
2458715.58703 19.641 0.067 4.12 315.0
2458715.62879 19.701 0.091 5.63 325.0
2458715.66835 19.468 0.061 4.36 312.0
2458715.70979 19.648 0.086 4.86 431.0
2458716.47731 19.490 0.058 4.00 381.0
2458716.52809 19.672 0.061 3.87 281.0
2458716.57940 19.791 0.070 4.05 266.0
2458716.62438 19.672 0.061 3.86 281.0
2458716.66945 19.542 0.066 4.36 323.0
2458716.70915 19.646 0.075 3.88 391.0
2458717.47037 19.542 0.177 6.11 1222.0
2458717.51245 19.719 0.103 6.37 295.0
2458717.55661 19.749 0.102 6.29 269.0
2458717.59771 19.723 0.092 5.41 287.0
2458717.64774 19.516 0.095 7.05 288.0
2458717.68920 19.571 0.101 6.74 342.0
2458718.47825 19.729 0.077 4.26 387.0
2458718.54220 19.752 0.064 3.89 265.0
2458718.58223 19.636 0.058 4.04 228.0
2458718.62348 19.597 0.059 3.75 268.0
2458718.69124 19.599 0.068 4.09 344.0
2458719.51238 19.608 0.097 6.30 328.0
2458719.55531 19.878 0.107 5.41 324.0
2458719.60415 19.621 0.085 5.73 318.0
2458719.62982 19.640 0.091 5.97 317.0
2458719.66873 19.484 0.079 6.05 322.0
2458721.47865 19.622 0.082 5.13 373.0
2458721.52240 19.735 0.076 5.08 274.0
2458721.57148 19.746 0.072 4.32 289.0
2458721.62192 19.707 0.077 4.47 279.0
2458721.66663 19.646 0.089 5.64 295.0
2458722.47161 19.534 0.118 4.73 1091.0
2458722.52733 19.629 0.060 4.06 305.0
2458722.57550 19.737 0.078 5.07 270.0
2458722.62409 19.625 0.061 4.37 241.0
2458722.67445 19.675 0.093 6.10 287.0
2458723.47563 19.537 0.085 4.78 555.0
2458723.52693 19.640 0.073 4.51 354.0
2458723.57992 19.469 0.070 5.04 363.0
2458723.61984 19.638 0.074 4.72 358.0
2458723.65884 19.654 0.085 5.40 328.0
2458723.69719 19.628 0.078 5.05 353.0
2458724.47157 19.579 0.127 4.45 1275.0
2458724.52537 19.737 0.075 4.48 295.0
2458724.56948 19.699 0.068 4.51 257.0
2458724.62064 19.745 0.073 4.44 281.0
2458724.66051 19.711 0.072 4.63 278.0
2458725.47725 19.983 0.140 5.42 524.0
2458725.52867 19.712 0.078 4.52 352.0
2458725.56094 19.657 0.074 4.91 306.0
2458725.61468 19.704 0.085 5.19 279.0
2458725.65541 19.648 0.073 4.56 299.0
2458726.47128 19.489 0.194 6.76 1414.0
2458726.51645 19.640 0.079 5.58 261.0
2458726.56106 19.488 0.070 5.58 266.0
2458726.61448 19.770 0.085 5.36 265.0
2458726.65354 19.559 0.062 4.85 250.0
2458727.49757 19.729 0.133 7.40 335.0
2458727.55180 19.928 0.165 7.64 358.0
2458727.58977 19.615 0.092 4.92 368.0
2458727.63524 19.608 0.097 5.73 371.0
2458727.67996 19.870 0.141 6.34 396.0
2458728.47919 19.473 0.108 6.24 537.0
2458728.52192 19.676 0.106 5.96 379.0
2458728.57343 19.916 0.107 5.65 324.0
2458728.61641 19.734 0.087 5.02 329.0
2458728.65488 19.582 0.080 5.05 337.0
2458729.47118 19.482 0.142 5.68 1077.0
2458729.51808 19.845 0.121 7.11 286.0
2458729.56071 19.538 0.071 5.01 309.0
2458729.60524 19.537 0.067 4.29 342.0
2458729.65364 19.703 0.086 4.91 331.0
2458730.47420 19.884 0.169 6.38 626.0
2458730.51839 19.860 0.119 6.63 286.0
2458730.56225 19.622 0.098 6.59 308.0
2458730.60207 19.584 0.080 5.46 304.0
2458730.64060 19.810 0.111 6.13 305.0
2458731.50684 19.677 0.121 7.23 341.0
2458731.57761 19.854 0.116 6.19 340.0
2458731.62057 19.475 0.095 6.68 361.0
2458736.58680 19.502 0.138 7.66 542.0
2458736.62762 19.779 0.139 5.64 622.0
2458737.59906 19.729 0.162 7.07 591.0
2458737.63862 19.544 0.134 6.49 645.0
2458738.48204 19.731 0.147 6.33 658.0
2458738.52514 19.650 0.096 4.89 533.0
2458738.56863 19.672 0.126 5.75 582.0
2458738.60760 19.743 0.161 6.49 659.0
2458738.64867 19.659 0.185 7.35 788.0
2458739.48240 19.433 0.109 6.23 568.0
2458739.52354 19.543 0.090 5.52 470.0
2458739.61841 19.688 0.153 6.74 591.0
2458740.52137 19.739 0.144 6.96 482.0
2458740.56597 19.844 0.167 7.02 517.0
2458741.47726 19.710 0.198 6.85 1008.0
2458741.52340 19.415 0.087 5.92 446.0
2458741.56522 19.760 0.115 5.60 459.0
2458741.61963 19.399 0.097 6.06 531.0
2458742.52104 19.540 0.100 5.90 445.0
2458742.56488 19.750 0.109 5.15 465.0
2458742.61866 19.758 0.142 6.23 529.0
2458745.58965 19.666 0.121 7.15 329.0
2458745.60395 19.409 0.111 8.03 348.0
2458745.62383 19.573 0.130 7.51 417.0
2458746.53310 19.726 0.095 5.67 316.0
2458746.54691 19.665 0.106 6.78 305.0
2458746.56097 19.542 0.097 7.03 297.0
2458746.61085 20.005 0.144 6.68 324.0
2458746.62486 19.683 0.120 7.06 342.0
2458747.49530 19.632 0.124 8.37 306.0
2458747.52382 19.785 0.129 7.46 287.0
2458747.56254 19.611 0.115 7.60 304.0
2458747.57720 19.717 0.098 6.09 289.0
2458748.47883 20.012 0.210 5.47 1187.0
2458748.49287 19.765 0.105 5.87 371.0
2458748.56670 19.629 0.112 6.55 377.0
2458748.60527 19.730 0.118 6.19 411.0
2458748.61908 19.525 0.107 6.65 424.0
2458750.53341 19.662 0.091 5.26 394.0
2458750.54739 19.763 0.110 5.95 378.0
2458750.56132 19.839 0.120 5.96 366.0
2458750.60408 19.551 0.079 4.95 360.0
2458750.61794 19.582 0.099 6.31 374.0
2458752.55364 19.569 0.080 5.13 371.0
2458752.56734 19.754 0.111 6.09 363.0
2458752.60555 19.548 0.098 6.48 366.0
2458753.49246 19.573 0.100 6.69 397.0
2458753.53694 19.880 0.127 6.18 355.0
2458753.58095 19.722 0.117 6.33 371.0
2458754.48157 19.822 0.165 6.09 983.0
2458754.52145 19.611 0.103 6.41 412.0
2458754.56602 19.637 0.122 6.88 414.0
2458754.60493 19.575 0.101 6.15 412.0
2458755.47918 19.602 0.140 4.79 1473.0
2458755.52790 19.622 0.065 3.88 347.0
2458755.56874 19.696 0.082 4.01 352.0
2458755.60467 19.777 0.092 4.04 389.0
2458757.48733 19.642 0.111 6.72 417.0
2458757.53066 19.676 0.109 6.15 364.0
2458757.55092 19.679 0.126 7.22 349.0
2458757.59523 19.708 0.110 6.23 348.0
2458759.51481 19.792 0.166 7.54 467.0
2458759.54676 19.484 0.139 7.03 634.0
2458759.56668 19.768 0.177 7.09 651.0
2458763.50398 19.948 0.174 5.57 750.0
2458763.51804 19.675 0.111 5.14 598.0
2458763.53193 19.783 0.136 5.63 597.0
2458764.52581 19.575 0.119 7.08 470.0
2458764.56960 19.786 0.143 6.36 532.0
2458766.48237 19.530 0.151 5.60 1179.0
2458766.53152 19.502 0.137 6.31 738.0
2458768.48190 19.662 0.179 6.23 1055.0
2458768.53750 19.922 0.168 5.36 599.0
2458768.55548 19.966 0.180 5.65 651.0
2458769.48248 19.504 0.165 6.90 1073.0
2458772.51757 19.986 0.180 7.35 452.0
2458773.49123 19.526 0.166 7.23 841.0
2458773.54304 19.480 0.132 7.26 566.0
2458774.49547 19.589 0.155 7.83 576.0
2458775.49924 19.728 0.158 7.87 501.0
2458776.51515 19.303 0.113 7.57 525.0
2458781.49556 19.580 0.124 5.42 680.0
2458782.52600 19.598 0.121 6.86 562.0
2458784.52237 19.536 0.135 8.02 491.0
2458787.50551 19.582 0.147 6.61 789.0
2458886.87182 19.722 0.101 5.73 378.0
2458887.87313 19.761 0.124 5.23 681.0
2458888.86941 19.694 0.143 5.85 802.0
2458889.86578 19.624 0.104 4.86 690.0
2458890.86416 19.646 0.092 4.85 558.0
2458892.86749 19.948 0.126 4.58 701.0
2458893.85539 19.645 0.095 5.01 539.0
2458909.84372 19.590 0.064 5.05 275.0
2458909.88717 19.776 0.075 5.16 279.0
2458910.83483 19.701 0.109 6.82 316.0
2458911.82163 19.486 0.067 5.31 325.0
2458911.85610 19.661 0.084 5.70 306.0
2458911.89842 19.720 0.121 5.77 579.0
2458912.82821 19.636 0.079 5.78 327.0
2458912.87080 19.689 0.079 5.56 285.0
2458913.79130 19.596 0.105 6.58 401.0
2458913.84180 19.762 0.101 6.37 313.0
2458913.87642 19.542 0.077 6.31 284.0
2458914.84872 19.706 0.080 5.14 332.0
2458914.88310 19.649 0.081 5.29 327.0
2458915.82887 19.727 0.092 5.32 378.0
2458915.86370 19.733 0.073 5.09 275.0
2458915.90617 19.690 0.118 5.75 684.0
2458916.82331 19.459 0.072 4.40 505.0
2458916.86682 19.598 0.081 4.77 413.0
2458917.78764 19.816 0.135 5.12 793.0
2458917.83483 19.474 0.087 4.86 628.0
2458917.87154 19.799 0.112 5.50 546.0
2458918.84554 19.676 0.093 4.84 578.0
2458918.88888 19.698 0.094 5.14 484.0
2458919.79314 19.777 0.130 5.57 685.0
2458919.83813 19.602 0.091 5.19 553.0
2458919.87329 19.770 0.104 5.31 486.0
2458920.79434 19.419 0.093 5.60 633.0
2458920.82938 19.917 0.125 5.27 562.0
2458920.87656 19.679 0.088 4.86 484.0
2458920.91096 19.681 0.107 5.10 643.0
2458921.81791 19.723 0.097 4.97 547.0
2458921.85464 19.610 0.080 4.56 511.0
2458921.89876 19.495 0.074 4.87 528.0
2459795.58468 19.766 0.090 5.77 274.0
2459795.63099 19.683 0.065 4.84 253.0
2459795.66780 19.661 0.103 7.06 294.0
2459795.71260 19.563 0.103 7.19 339.0
2459795.74725 19.602 0.126 7.47 420.0
2459796.52391 19.825 0.119 6.52 347.0
2459796.65458 19.797 0.095 5.54 309.0
2459796.69024 19.499 0.076 6.16 306.0
2459796.73566 19.718 0.094 6.07 293.0
2459797.56692 19.876 0.139 6.43 470.0
2459797.61073 19.666 0.121 6.91 407.0
2459797.64649 19.579 0.111 6.25 401.0
2459797.70285 19.723 0.110 6.12 460.0
2459797.74548 19.961 0.146 5.76 427.0
2459798.50716 19.678 0.181 7.47 725.0
2459798.54891 19.367 0.135 6.99 953.0
2459804.50797 19.522 0.089 5.01 574.0
2459804.55273 19.864 0.117 5.21 472.0
2459804.58878 19.813 0.137 6.21 501.0
2459804.63267 19.509 0.110 6.81 527.0
2459804.66765 19.682 0.135 6.69 597.0
2459804.71525 19.840 0.208 7.83 693.0
2459805.53235 19.856 0.165 6.73 539.0
2459805.57692 19.561 0.085 5.04 467.0
2459805.61180 19.649 0.097 5.51 463.0
2459805.65421 19.769 0.112 5.78 472.0
2459805.68904 19.662 0.110 5.90 513.0
2459805.73139 19.540 0.122 6.57 573.0
2459806.57745 19.561 0.124 7.47 454.0
2459806.63771 19.794 0.133 6.76 382.0
2459806.67548 19.418 0.105 7.07 443.0
2459807.49340 19.699 0.092 5.72 313.0
2459807.55540 19.707 0.084 5.45 294.0
2459807.59437 19.718 0.088 5.82 293.0
2459807.68085 19.708 0.089 5.44 360.0
2459807.71583 19.824 0.122 6.32 391.0
2459808.48715 19.636 0.108 6.77 334.0
2459808.52193 19.439 0.074 6.08 288.0
2459808.63471 19.735 0.091 5.61 261.0
2459808.66992 19.530 0.093 6.86 341.0
2459808.71796 19.643 0.096 5.56 371.0
2459809.57009 19.417 0.086 7.25 277.0
2459809.61391 19.499 0.079 6.18 263.0
2459809.65102 19.978 0.129 6.57 272.0
2459810.48696 19.592 0.067 4.86 289.0
2459810.54370 19.758 0.072 4.59 271.0
2459810.68070 19.672 0.072 5.41 285.0
2459811.48577 19.799 0.120 6.61 310.0
2459811.52996 19.728 0.102 7.16 256.0
2459811.67089 19.753 0.080 4.88 268.0
2459811.70965 19.793 0.088 4.45 336.0
2459812.49268 19.698 0.124 7.58 297.0
2459812.54389 19.732 0.106 6.64 266.0
2459812.69056 19.624 0.077 5.08 258.0
2459813.49170 19.709 0.122 7.23 322.0
2459813.66469 19.639 0.098 6.92 276.0
2459813.70340 19.593 0.088 6.60 278.0
2459814.49392 19.598 0.089 6.07 313.0
2459814.55748 19.498 0.068 5.42 282.0
2459814.59249 19.640 0.089 6.39 290.0
2459814.69038 19.633 0.118 7.18 360.0
2459815.48040 19.600 0.096 5.22 500.0
2459815.54437 19.597 0.080 5.59 304.0
2459815.57899 19.796 0.099 5.96 309.0
2459815.70406 19.568 0.076 4.99 346.0
2459816.50036 19.649 0.109 6.85 302.0
2459816.54595 19.657 0.100 6.56 296.0
2459816.58198 19.561 0.073 5.46 287.0
2459817.48644 19.769 0.102 5.49 365.0
2459817.54453 19.924 0.092 4.85 329.0
2459817.60045 19.786 0.100 6.06 322.0
2459817.65575 19.781 0.096 5.79 358.0
2459818.51963 19.936 0.162 7.39 357.0
2459818.57566 19.296 0.087 7.67 388.0
2459819.49790 19.569 0.064 4.24 405.0
2459819.56859 19.494 0.070 5.48 348.0
2459819.67314 19.621 0.076 4.72 444.0
2459820.52292 19.573 0.090 6.05 340.0
2459820.66024 19.738 0.088 5.11 322.0
2459821.49655 19.765 0.110 6.23 358.0
2459821.54649 19.704 0.080 5.80 261.0
2459821.68209 19.464 0.078 5.59 369.0
2459822.52306 19.676 0.086 5.83 320.0
2459822.58258 19.917 0.127 7.06 324.0
2459823.58409 19.655 0.103 6.77 364.0
2459823.66925 19.789 0.145 8.13 379.0
2459824.55758 19.621 0.128 7.55 462.0
2459824.67056 19.592 0.085 5.43 384.0
2459825.64868 19.535 0.128 7.35 563.0
2459831.49143 19.492 0.117 6.48 641.0
2459831.54080 19.538 0.112 6.65 577.0
2459831.60916 19.614 0.133 6.68 669.0
2459832.50080 19.347 0.135 8.38 632.0
2459832.55054 19.680 0.133 6.47 625.0
2459834.49099 19.836 0.116 5.47 467.0
2459834.54700 19.673 0.112 6.00 525.0
2459834.59447 19.667 0.120 6.25 580.0
2459834.64509 19.635 0.119 5.96 662.0
2459835.57523 19.537 0.122 7.25 477.0
2459835.62275 19.423 0.092 6.56 411.0
2459836.49265 19.872 0.193 8.43 504.0
2459837.62945 19.620 0.088 5.25 463.0
2459838.52014 19.686 0.107 6.71 370.0
2459838.58031 19.870 0.115 5.90 382.0
2459838.62793 19.681 0.107 6.41 412.0
2459840.52334 19.745 0.112 7.06 319.0
2459840.57093 19.862 0.125 6.98 345.0
2459840.63492 19.694 0.127 7.25 398.0
2459841.53558 19.875 0.114 6.22 378.0
2459841.58250 19.800 0.107 6.01 420.0
2459841.62678 19.860 0.138 6.70 450.0
2459843.58803 19.608 0.109 6.50 379.0
2459844.51818 19.424 0.071 5.93 356.0
2459844.57071 19.898 0.118 6.17 391.0
2459844.61819 19.611 0.116 7.10 437.0
2459845.52983 19.776 0.109 6.81 328.0
2459845.57876 19.657 0.088 6.18 343.0
2459846.56943 19.755 0.151 8.38 376.0
2459848.55542 19.763 0.129 6.90 433.0
2459848.60212 19.746 0.122 6.52 444.0
2459849.61125 19.891 0.140 6.82 386.0
2459851.53393 19.525 0.116 7.70 416.0
2459852.50154 19.660 0.133 7.61 404.0
2459852.54600 19.667 0.118 7.18 419.0
2459852.59956 19.689 0.104 5.55 455.0
2459856.56730 20.031 0.233 6.81 797.0
2459857.55929 19.916 0.228 7.91 748.0
2459859.50907 19.823 0.115 5.23 607.0
2459859.55827 19.753 0.120 5.52 689.0
2459860.49772 19.936 0.244 7.79 812.0
2459863.52359 19.805 0.154 6.70 625.0
2459864.51931 19.435 0.110 6.65 556.0
2459864.56353 19.967 0.180 5.38 850.0
2459866.50433 19.861 0.154 5.64 695.0
2459866.55352 19.789 0.128 5.53 655.0
2459868.50397 19.795 0.170 6.26 698.0
2459869.51508 19.603 0.102 5.62 482.0
2459870.52346 19.609 0.119 7.13 465.0
2459875.50375 19.743 0.185 7.77 801.0
2459877.51544 19.688 0.147 7.35 592.0
2459987.87217 19.566 0.100 5.11 709.0
2459996.85637 19.569 0.084 5.66 419.0
2460000.87908 19.658 0.075 4.45 441.0
2460004.85880 19.602 0.062 4.37 331.0
2460008.82647 19.618 0.097 4.95 587.0
2460013.79416 19.566 0.098 5.64 549.0
2460020.84191 19.796 0.089 5.07 344.0
2460023.79036 19.618 0.071 5.31 264.0
2460025.87856 19.701 0.067 4.40 317.0
2460028.78091 19.599 0.094 6.40 343.0
2460030.84257 19.845 0.080 4.73 306.0
2460033.75697 19.594 0.091 6.52 359.0
2460035.82580 19.682 0.091 5.81 318.0
2460037.90581 19.676 0.073 4.63 302.0
2460040.75591 19.402 0.085 5.10 680.0
2460042.79479 19.775 0.103 4.79 594.0
2460048.74689 19.636 0.076 5.08 343.0
2460051.74706 19.670 0.086 5.90 288.0
2460054.71329 19.553 0.066 5.05 292.0
2460057.69499 19.594 0.098 6.82 338.0
2460059.76887 19.690 0.081 5.51 328.0
2460061.81353 19.459 0.054 4.17 338.0
2460063.82506 19.661 0.070 4.39 382.0
2460067.68319 19.669 0.103 5.46 508.0
2460069.66436 19.953 0.218 6.61 961.0
2460070.90845 19.657 0.158 5.35 1382.0
2460076.80510 19.614 0.075 4.86 367.0
2460086.68656 19.513 0.079 5.74 357.0
2460087.72842 19.662 0.064 4.15 333.0
2460088.67084 19.627 0.091 5.84 353.0
2460089.84775 19.758 0.102 5.30 412.0
2460091.90709 19.597 0.102 5.47 583.0
2460093.90474 19.470 0.119 7.05 558.0
2460095.90628 19.697 0.120 5.92 489.0
2460097.59459 19.723 0.127 4.88 755.0
2460104.65656 19.739 0.093 4.71 403.0
2460105.78944 19.597 0.078 5.08 365.0
2460107.75632 19.618 0.104 6.70 312.0
2460109.65964 19.729 0.136 7.74 353.0
2460111.53498 19.717 0.115 5.80 430.0
2460112.63869 19.890 0.107 5.22 344.0
2460113.77597 19.595 0.089 5.48 391.0
2460118.69254 19.673 0.103 6.18 331.0
2460120.57355 19.775 0.101 5.55 351.0
2460122.50219 19.661 0.111 5.35 521.0
2460123.72924 19.782 0.091 4.71 429.0
2460125.51342 19.811 0.178 5.83 924.0
2460130.52211 19.463 0.136 5.81 1056.0
2460131.79869 19.541 0.160 6.72 1004.0
2460134.54591 19.725 0.111 6.06 407.0
2460139.73626 19.618 0.078 4.78 374.0
2460141.65850 19.848 0.092 5.05 302.0
2460143.67759 19.690 0.077 5.03 304.0
2460149.57647 19.683 0.076 4.73 345.0
2460157.68233 19.693 0.107 4.16 920.0
2460159.61128 19.738 0.089 4.49 479.0
2460161.57601 19.615 0.079 5.21 335.0
2460167.65499 19.652 0.102 7.22 275.0
2460169.73285 19.695 0.094 5.69 322.0
2460172.49524 19.514 0.074 5.16 350.0
2460175.55901 19.745 0.120 6.33 412.0
2460179.65440 19.555 0.095 5.86 414.0
2460185.60221 19.909 0.171 6.06 683.0
2460188.63171 19.545 0.112 5.33 804.0
2460201.64074 19.794 0.116 5.86 442.0
2460204.52492 19.651 0.133 7.21 415.0
2460212.57366 19.586 0.109 5.52 656.0
2460218.58299 19.881 0.183 6.69 693.0
2460225.57233 19.691 0.138 6.87 521.0
2460230.53403 19.560 0.154 7.56 598.0
2460354.87760 19.666 0.094 5.49 469.0
2460365.85462 19.466 0.107 6.06 640.0
2460370.85891 19.598 0.079 4.40 504.0
2460377.84188 19.765 0.089 4.68 402.0
2460380.85383 19.766 0.101 4.80 472.0
2460383.82566 19.842 0.096 5.11 341.0
2460390.78358 19.629 0.087 5.13 498.0
2460392.84039 19.726 0.086 4.47 451.0
2460395.75474 19.744 0.108 4.68 673.0
2460397.74681 19.498 0.113 5.82 701.0
2460403.82742 19.662 0.074 4.37 332.0
2460406.74235 19.713 0.097 5.21 389.0
2460409.78265 19.630 0.076 4.88 368.0
2460416.89911 19.972 0.135 6.43 354.0
2460419.89522 19.683 0.083 4.60 378.0
2460424.76942 19.865 0.173 6.49 682.0
2460433.73126 19.541 0.097 6.08 396.0
2460435.79716 19.713 0.092 5.60 347.0
2460440.72756 19.782 0.123 6.17 437.0
2460448.78732 19.695 0.096 5.45 401.0
2460450.68595 19.667 0.089 5.10 430.0
2460458.83230 19.817 0.087 4.33 413.0
2460460.84828 19.655 0.080 4.44 446.0
2460463.66630 19.695 0.078 5.37 266.0
2460467.73698 19.588 0.074 4.69 456.0
2460469.91075 19.535 0.102 6.08 507.0
2460476.89295 19.568 0.142 7.41 629.0
2460478.86343 19.785 0.158 7.63 461.0
2460485.65693 19.628 0.108 5.26 656.0
2460487.65090 19.908 0.149 5.71 725.0
2460490.53877 19.511 0.090 5.29 516.0
2460491.82170 19.932 0.149 6.64 419.0
2460495.60549 19.641 0.096 6.45 281.0
2460497.66868 19.680 0.073 5.23 270.0
2460499.48977 19.597 0.109 6.52 403.0
2460500.84651 19.620 0.115 6.34 490.0
2460503.49902 19.548 0.109 6.53 450.0
2460505.53047 19.730 0.115 6.07 443.0
2460506.81194 19.857 0.120 6.46 341.0
2460513.73412 19.598 0.147 6.35 813.0
2460516.75875 19.531 0.094 5.81 428.0
2460518.72857 19.646 0.097 5.67 399.0
2460521.67239 19.909 0.084 4.54 298.0
2460530.65320 19.599 0.110 7.06 341.0
2460534.48563 19.672 0.091 5.79 357.0
2460542.61794 19.676 0.132 5.82 699.0
2460547.59751 19.588 0.072 5.14 308.0
2460555.49643 19.678 0.068 4.37 343.0
2460558.57128 19.627 0.072 4.81 342.0
2460561.50275 19.658 0.087 5.06 405.0
2460567.58171 19.506 0.116 6.15 668.0
2460570.61740 19.395 0.122 6.14 867.0
2460574.59801 19.781 0.127 5.99 488.0
2460580.59650 19.602 0.109 6.46 401.0
2460585.53893 19.669 0.108 6.17 393.0
2460596.55130 19.438 0.131 5.80 1151.0
2460597.56328 19.495 0.122 6.11 837.0
2460598.53431 19.940 0.189 6.52 775.0
2460599.54922 19.617 0.104 4.66 780.0
2460600.53634 19.878 0.166 5.45 1016.0
2460601.54901 19.538 0.118 5.26 992.0
2460610.52617 19.621 0.128 6.09 658.0
2460716.88707 19.660 0.153 5.11 1318.0
2460724.88518 19.575 0.125 6.99 504.0
2460734.84965 19.594 0.097 6.23 369.0
2460737.84532 19.891 0.104 5.15 411.0
2460740.83330 19.551 0.076 5.83 289.0
2460742.89947 19.625 0.070 4.53 336.0
2460745.81875 19.682 0.081 4.51 412.0
2460748.80886 19.740 0.084 4.39 406.0
2460750.80140 19.530 0.090 5.15 582.0
2460752.79673 19.505 0.095 5.47 585.0
2460759.78707 19.655 0.110 6.48 403.0
2460762.77803 19.736 0.107 6.15 347.0
2460763.91490 19.686 0.082 4.61 441.0
2460765.92254 19.454 0.087 4.40 780.0
2460768.76333 19.611 0.080 5.23 358.0
2460770.76164 19.439 0.062 4.72 337.0
2460772.74869 19.767 0.110 6.03 388.0
2460774.75841 19.639 0.098 5.97 393.0
2460777.74236 19.524 0.094 5.34 578.0
2460778.92329 19.390 0.107 4.99 1056.0
2460780.84015 19.488 0.077 4.38 625.0
2460786.88374 19.700 0.100 5.33 439.0
2460788.76650 19.603 0.073 4.82 334.0
2460789.90865 19.819 0.091 4.82 355.0
2460791.77113 19.617 0.073 4.99 334.0
2460792.90947 19.554 0.075 5.21 357.0
2460794.72454 19.525 0.066 5.17 291.0
2460795.92157 19.837 0.156 7.56 419.0
2460798.79859 19.618 0.071 4.90 329.0
2460799.92101 19.669 0.104 5.47 492.0
2460801.68145 19.604 0.101 6.32 388.0
2460805.68831 19.796 0.129 6.13 535.0
2460806.78912 19.629 0.106 5.73 528.0
2460807.89403 19.544 0.098 4.33 811.0
2460814.77338 19.569 0.071 4.51 436.0
2460815.88982 19.513 0.067 4.05 421.0
2460817.70746 19.538 0.064 4.77 325.0
2460818.80504 19.640 0.073 4.91 330.0
2460819.91160 19.557 0.084 5.28 449.0
2460821.72263 19.574 0.072 5.34 296.0
2460823.69659 19.507 0.084 6.52 293.0
2460824.73796 19.480 0.060 4.64 338.0
2460825.79722 19.385 0.060 4.63 381.0
2460827.80709 19.453 0.051 3.95 317.0
2460829.73572 19.506 0.052 4.28 286.0
2460831.80124 19.316 0.061 5.32 325.0
2460833.59642 19.073 0.088 7.14 539.0
2460834.77846 19.258 0.068 5.13 513.0
2460835.74876 19.261 0.079 4.72 863.0
2460841.86806 19.191 0.115 7.26 846.0
2460843.82010 18.970 0.066 6.51 479.0
2460845.71541 18.907 0.050 6.06 358.0
2460846.74162 18.796 0.040 5.20 344.0
2460847.74834 18.841 0.048 5.77 367.0
2460848.76757 18.739 0.044 5.56 394.0
2460850.65730 18.542 0.026 4.62 301.0
2460851.65669 18.386 0.030 5.76 326.0
2460853.83050 18.188 0.030 6.70 385.0
2460854.84688 18.033 0.027 6.69 366.0
2460856.58192 17.697 0.016 5.49 330.0
2460857.85667 17.358 0.019 7.80 436.0
2460859.62396 16.671 0.007 4.70 279.0
2460860.63423 16.246 0.005 4.37 312.0
2460861.73673 16.448 0.007 5.85 381.0
2460868.55261 18.223 0.037 5.73 725.0
2460869.65231 18.353 0.036 6.17 482.0
2460870.78896 18.522 0.041 6.56 435.0
2460872.79974 18.836 0.063 7.04 478.0
2460874.52907 18.793 0.035 5.33 307.0
2460875.65649 18.947 0.038 4.60 295.0
2460876.79666 18.920 0.045 5.16 373.0
2460879.51000 19.161 0.050 5.01 347.0
2460880.75837 19.203 0.076 6.97 401.0
2460882.67002 19.084 0.055 5.87 407.0
2460885.72477 19.323 0.059 5.90 338.0
2460895.66417 19.357 0.101 5.93 759.0
2460898.55142 19.437 0.078 5.48 385.0
2460899.69538 19.475 0.081 5.49 431.0
2460901.57225 19.591 0.093 6.11 372.0
2460904.58197 19.440 0.078 6.03 341.0
2460911.68428 19.537 0.130 7.90 448.0
2460914.48169 19.884 0.136 6.52 408.0
2460915.69498 19.466 0.077 6.05 322.0
2460924.63792 19.903 0.206 7.51 761.0
2460925.51876 19.654 0.140 7.03 571.0
2460925.56585 19.516 0.121 6.87 609.0
2460925.61292 19.959 0.195 7.11 700.0
2460926.51940 19.438 0.115 7.01 612.0
2460926.56635 19.811 0.190 7.75 669.0
2460926.61747 19.803 0.203 8.09 776.0
2460927.51533 19.651 0.088 5.03 504.0
2460927.56274 19.547 0.100 6.02 540.0
2460927.61011 19.613 0.107 5.95 580.0
2460928.51763 19.696 0.085 5.49 355.0
2460928.56455 19.749 0.106 5.77 452.0
2460928.61192 19.811 0.135 6.08 528.0
2460929.54334 19.526 0.067 4.78 346.0
2460929.59025 19.643 0.086 4.90 425.0
2460929.63714 19.613 0.103 5.67 523.0
2460930.52013 19.688 0.084 5.18 391.0
2460930.56714 19.593 0.082 5.27 425.0
2460930.61400 19.705 0.120 6.41 520.0
2460931.53168 19.796 0.105 5.92 343.0
2460931.58381 19.438 0.093 6.96 370.0
2460932.55433 19.628 0.094 6.25 363.0
2460932.60152 19.744 0.132 7.53 410.0
2460933.54605 19.636 0.099 5.90 454.0
2460933.59369 19.730 0.124 6.13 565.0
2460934.54694 19.688 0.086 4.65 470.0
2460934.59510 19.926 0.130 5.60 496.0
2460937.50163 19.845 0.139 6.70 415.0
2460942.57817 19.575 0.090 6.55 341.0
2460950.50698 19.448 0.125 7.02 618.0
2460954.51424 19.560 0.120 6.17 600.0
2460958.53242 19.586 0.122 6.57 493.0
2460967.50570 19.804 0.120 5.60 498.0
