2457792.87770 19.008 0.083 6.91 806.0
2457793.88447 19.076 0.076 5.32 902.0
2457794.89148 19.033 0.105 6.37 1350.0
2457797.86414 18.813 0.077 6.56 942.0
2457799.85942 18.953 0.090 7.57 721.0
2457801.84668 18.848 0.077 6.66 855.0
2457802.89497 18.960 0.089 6.43 1112.0
2457808.87730 19.094 0.049 4.78 416.0
2457809.87208 19.006 0.062 6.35 455.0
2457810.86701 19.041 0.047 4.60 437.0
2457813.81638 18.997 0.064 5.88 615.0
2457814.88878 18.866 0.037 4.22 411.0
2457816.81463 19.007 0.069 6.82 479.0
2457817.81105 19.010 0.053 4.97 539.0
2457817.90153 18.929 0.045 3.93 700.0
2457818.88762 19.038 0.044 4.19 416.0
2457819.87411 19.064 0.046 4.52 390.0
2457820.87682 19.018 0.045 4.40 446.0
2457821.87450 18.943 0.053 5.16 480.0
2457822.87024 18.952 0.049 4.95 476.0
2457823.85551 18.960 0.050 4.39 625.0
2457824.85160 18.888 0.065 6.03 658.0
2457825.84330 18.884 0.051 5.01 615.0
2457826.80161 18.991 0.068 5.49 744.0
2457826.89153 19.042 0.056 4.73 590.0
2457827.86655 19.020 0.046 4.11 508.0
2457828.83597 18.981 0.054 5.00 575.0
2457829.81729 19.090 0.100 7.05 747.0
2457830.82803 19.078 0.077 5.00 999.0
2457830.90971 19.140 0.071 4.26 1053.0
2457834.88326 19.027 0.067 5.31 663.0
2457835.85044 18.886 0.053 6.28 380.0
2457836.80319 18.902 0.065 7.50 384.0
2457836.91594 18.817 0.068 5.93 857.0
2457837.84817 18.980 0.044 5.11 348.0
2457838.78594 19.019 0.057 5.88 420.0
2457838.90513 19.092 0.045 4.49 385.0
2457839.85272 19.074 0.037 3.85 315.0
2457840.77764 19.150 0.061 6.07 364.0
2457840.89754 18.999 0.037 4.28 335.0
2457841.83593 19.077 0.054 5.64 346.0
2457842.75288 18.952 0.068 7.73 387.0
2457842.86111 19.047 0.053 5.60 381.0
2457843.78466 19.032 0.051 5.69 335.0
2457843.90341 19.062 0.046 5.11 318.0
2457844.82158 19.106 0.067 6.70 346.0
2457845.73030 18.928 0.060 6.94 408.0
2457845.84552 19.013 0.040 4.48 340.0
2457846.77634 19.095 0.050 5.39 341.0
2457846.88402 19.048 0.042 4.63 346.0
2457847.78683 18.965 0.043 4.87 353.0
2457847.90734 18.928 0.037 4.25 335.0
2457848.80044 19.052 0.044 4.86 324.0
2457848.92128 19.009 0.049 4.71 492.0
2457849.81359 18.988 0.037 4.06 347.0
2457850.71830 18.983 0.066 5.95 575.0
2457850.82625 18.963 0.042 4.78 371.0
2457851.73579 18.968 0.068 6.15 616.0
2457851.84383 19.058 0.050 4.93 429.0
2457852.84156 19.043 0.056 5.83 421.0
2457853.90593 19.005 0.060 6.13 440.0
2457854.76682 18.984 0.055 4.89 625.0
2457854.88808 18.976 0.049 4.60 525.0
2457855.79691 18.973 0.059 5.02 639.0
2457855.91937 19.009 0.054 4.36 660.0
2457856.80752 18.995 0.068 6.09 585.0
2457857.84438 18.766 0.078 7.07 870.0
2457857.90892 19.170 0.072 4.78 716.0
2457858.90950 18.972 0.053 4.90 570.0
2457862.76605 19.013 0.073 7.18 472.0
2457862.87785 19.006 0.061 6.20 442.0
2457863.83783 18.983 0.044 4.82 408.0
2457864.81473 19.018 0.036 3.90 354.0
2457865.67608 19.064 0.053 5.61 415.0
2457865.78344 19.003 0.038 3.97 376.0
2457865.92325 19.036 0.049 3.99 564.0
2457866.77991 18.951 0.037 4.05 378.0
2457866.91336 18.981 0.037 3.52 410.0
2457867.78364 19.048 0.041 4.38 350.0
2457867.91514 19.077 0.045 4.49 360.0
2457868.86277 18.974 0.069 7.09 427.0
2457869.73075 19.017 0.046 5.18 376.0
2457869.86058 19.017 0.039 4.03 372.0
2457870.74194 19.027 0.035 3.76 332.0
2457870.87204 19.044 0.039 3.87 347.0
2457871.75617 19.009 0.039 3.92 390.0
2457871.89723 19.005 0.041 3.94 394.0
2457872.75612 19.022 0.038 3.74 392.0
2457872.90464 19.010 0.038 3.61 406.0
2457873.73570 19.086 0.043 4.08 379.0
2457873.86705 19.047 0.046 4.28 408.0
2457874.69589 18.942 0.053 5.88 454.0
2457874.82456 19.092 0.057 5.67 372.0
2457874.93617 18.912 0.085 5.28 1416.0
2457875.90264 18.977 0.045 4.24 725.0
2457876.70799 18.978 0.054 5.68 498.0
2457876.84601 19.002 0.043 4.13 424.0
2457877.66983 19.036 0.052 5.19 503.0
2457877.79893 18.953 0.034 3.62 381.0
2457878.66203 19.012 0.054 5.20 619.0
2457878.83084 18.929 0.035 3.76 398.0
2457879.66407 18.892 0.064 7.01 562.0
2457879.77490 18.977 0.070 6.60 519.0
2457880.69615 18.864 0.063 6.93 512.0
2457880.81754 18.893 0.046 4.77 492.0
2457881.77173 18.974 0.074 6.62 602.0
2457881.88626 18.867 0.062 6.05 555.0
2457882.76054 18.960 0.056 5.58 528.0
2457882.89265 19.133 0.062 4.65 622.0
2457889.93041 18.878 0.086 6.19 1070.0
2457890.81386 18.849 0.072 6.72 626.0
2457893.64557 18.982 0.074 7.56 479.0
2457893.76250 18.959 0.052 5.42 447.0
2457893.88368 18.925 0.045 4.79 443.0
2457894.62929 18.905 0.056 6.73 499.0
2457894.75539 18.941 0.036 4.17 362.0
2457894.86551 18.959 0.045 4.41 430.0
2457895.62622 19.026 0.057 5.86 564.0
2457897.67024 19.004 0.054 5.77 403.0
2457900.91713 19.006 0.067 6.75 456.0
2457901.60567 18.933 0.072 7.68 484.0
2457901.73492 18.944 0.045 5.08 475.0
2457902.59989 18.940 0.076 8.15 462.0
2457902.71480 18.952 0.042 4.93 364.0
2457902.83697 18.857 0.058 6.49 437.0
2457903.76480 18.958 0.063 7.25 360.0
2457903.88339 19.005 0.056 5.57 456.0
2457904.62529 19.034 0.057 6.15 416.0
2457904.74075 19.032 0.037 4.20 322.0
2457904.86304 18.990 0.041 4.35 385.0
2457905.59052 18.985 0.061 6.68 464.0
2457905.70879 18.972 0.036 3.86 335.0
2457905.83005 18.933 0.039 3.96 429.0
2457905.94290 18.969 0.065 4.51 943.0
2457906.64913 18.966 0.042 4.43 417.0
2457906.77959 19.008 0.042 3.98 431.0
2457906.88934 18.962 0.048 4.06 577.0
2457907.65858 19.047 0.055 4.75 572.0
2457907.75384 19.006 0.044 4.05 517.0
2457908.60373 18.960 0.069 6.31 651.0
2457908.72109 18.911 0.040 4.15 466.0
2457908.84172 18.939 0.042 4.44 422.0
2457908.93623 19.026 0.067 5.34 716.0
2457909.64452 19.087 0.055 4.72 515.0
2457909.76534 19.051 0.054 3.98 640.0
2457909.86826 18.998 0.044 3.84 552.0
2457910.56599 18.830 0.067 6.62 744.0
2457910.66020 19.022 0.051 4.52 522.0
2457910.79216 19.044 0.046 3.71 534.0
2457910.90984 19.034 0.052 4.49 574.0
2457911.62657 19.042 0.074 6.20 645.0
2457911.76038 18.966 0.086 7.19 644.0
2457917.60749 18.983 0.063 5.72 594.0
2457917.72410 19.002 0.047 4.09 541.0
2457917.83389 19.155 0.076 5.26 684.0
2457918.57614 19.056 0.072 7.08 736.0
2457922.58570 19.073 0.074 6.61 523.0
2457922.71643 18.974 0.055 5.75 425.0
2457923.58780 18.999 0.061 6.04 505.0
2457923.72475 18.856 0.061 6.92 430.0
2457923.83338 18.933 0.057 5.59 470.0
2457924.61756 19.021 0.050 5.43 395.0
2457924.74449 19.070 0.045 3.85 389.0
2457924.85196 19.019 0.046 3.96 501.0
2457925.64157 19.033 0.042 4.54 359.0
2457925.77779 18.985 0.048 5.31 359.0
2457925.89727 19.033 0.071 6.44 587.0
2457926.68080 18.979 0.047 5.37 352.0
2457926.81522 19.029 0.062 6.21 429.0
2457928.65694 18.870 0.048 5.80 406.0
2457932.69770 18.990 0.067 7.07 412.0
2457932.81862 18.988 0.052 5.57 412.0
2457933.67961 19.121 0.065 6.82 319.0
2457933.80628 19.055 0.069 7.30 370.0
2457934.50386 18.932 0.061 6.35 544.0
2457934.61064 18.987 0.051 5.64 383.0
2457934.73360 19.043 0.042 4.40 356.0
2457934.84151 18.972 0.056 6.14 375.0
2457935.59168 19.019 0.050 5.31 396.0
2457935.71411 18.920 0.040 4.37 342.0
2457935.82330 18.991 0.037 4.13 326.0
2457935.88784 19.050 0.047 4.54 408.0
2457936.57489 19.044 0.052 5.56 387.0
2457936.71088 18.970 0.044 5.07 341.0
2457936.83077 18.967 0.050 5.85 329.0
2457937.51627 18.752 0.052 6.17 581.0
2457937.62695 19.063 0.047 4.94 382.0
2457937.75907 19.026 0.055 5.81 384.0
2457938.53957 18.942 0.066 6.07 574.0
2457938.65705 18.856 0.062 6.96 487.0
2457944.50853 18.975 0.082 6.31 863.0
2457944.54921 19.012 0.064 5.00 806.0
2457944.60061 18.905 0.057 4.96 715.0
2457944.64991 18.915 0.053 4.26 727.0
2457944.71122 18.941 0.056 4.61 669.0
2457944.75949 18.971 0.059 4.86 690.0
2457944.81170 18.909 0.082 6.31 855.0
2457944.84224 18.891 0.116 7.34 1458.0
2457945.54799 18.957 0.056 5.18 594.0
2457945.65949 19.008 0.047 4.48 474.0
2457945.77045 19.094 0.052 4.32 563.0
2457946.48331 19.039 0.065 6.78 424.0
2457946.60282 19.025 0.056 5.24 467.0
2457946.73195 18.987 0.054 5.47 447.0
2457946.84011 18.889 0.064 6.00 602.0
2457947.58600 19.002 0.049 5.33 399.0
2457947.74682 18.925 0.060 6.33 442.0
2457948.48212 19.089 0.071 6.94 423.0
2457948.60689 18.919 0.038 4.50 357.0
2457948.74524 19.002 0.047 4.52 458.0
2457948.84726 18.825 0.054 5.89 571.0
2457949.65033 18.885 0.052 5.85 459.0
2457952.67513 19.027 0.046 4.80 353.0
2457952.79846 18.969 0.060 6.74 363.0
2457953.56824 19.111 0.052 5.30 351.0
2457953.69917 18.970 0.041 5.12 295.0
2457953.81684 18.992 0.052 5.68 392.0
2457954.57457 19.003 0.037 4.01 337.0
2457954.73233 19.051 0.045 4.59 432.0
2457955.77543 18.940 0.042 4.68 338.0
2457956.57022 18.995 0.041 4.61 361.0
2457956.70322 18.931 0.042 4.76 347.0
2457957.54382 18.799 0.047 6.11 402.0
2457957.74588 19.036 0.052 6.02 353.0
2457958.63981 18.906 0.054 6.53 347.0
2457958.75346 18.986 0.047 5.29 348.0
2457959.50129 18.934 0.042 5.09 383.0
2457959.61594 19.043 0.041 4.51 338.0
2457959.73160 19.054 0.041 4.50 326.0
2457960.48773 18.982 0.060 6.57 418.0
2457960.62032 18.928 0.042 5.31 364.0
2457960.74115 18.948 0.046 5.60 370.0
2457961.57144 18.918 0.045 5.50 422.0
2457961.66594 19.105 0.047 4.73 369.0
2457962.50076 19.003 0.042 4.43 381.0
2457962.76349 18.961 0.046 5.09 472.0
2457964.56089 19.003 0.049 4.75 431.0
2457964.67588 18.900 0.052 5.45 473.0
2457965.65782 19.033 0.050 4.96 397.0
2457966.53077 19.000 0.069 6.79 461.0
2457966.61750 18.862 0.059 7.26 367.0
2457966.72880 19.044 0.061 6.36 378.0
2457967.65727 19.186 0.082 6.79 472.0
2457967.72522 18.898 0.057 6.00 486.0
2457971.54239 18.957 0.069 5.33 841.0
2457971.59222 18.967 0.071 5.46 736.0
2457971.63053 19.033 0.067 4.78 804.0
2457971.67960 19.004 0.068 4.58 952.0
2457971.72153 18.990 0.068 4.76 879.0
2457972.51387 18.861 0.077 6.34 742.0
2457972.55058 18.896 0.076 6.16 721.0
2457972.60307 18.882 0.061 5.04 684.0
2457972.64745 18.893 0.069 5.74 696.0
2457972.70983 18.992 0.068 4.83 791.0
2457972.74623 19.145 0.108 6.02 965.0
2457973.63517 18.864 0.060 5.67 658.0
2457974.50021 18.894 0.051 5.04 546.0
2457974.61573 18.873 0.052 5.20 509.0
2457974.72975 18.914 0.055 4.60 645.0
2457979.47732 19.016 0.051 4.89 507.0
2457979.61177 18.969 0.037 3.71 411.0
2457980.54758 19.066 0.067 6.31 465.0
2457980.66012 18.923 0.058 5.69 477.0
2457981.60143 19.024 0.047 4.46 404.0
2457982.49261 19.050 0.055 5.20 432.0
2457982.62273 19.061 0.058 5.63 405.0
2457983.55023 18.911 0.046 4.88 382.0
2457983.66220 19.027 0.042 4.75 346.0
2457984.57575 18.976 0.053 5.47 381.0
2457985.50407 18.988 0.066 6.60 448.0
2457985.62148 18.945 0.063 6.92 394.0
2457986.59886 19.037 0.044 4.70 363.0
2457987.51873 19.026 0.039 3.80 379.0
2457987.64808 18.922 0.035 3.63 389.0
2457990.57881 18.922 0.047 4.96 415.0
2457991.49649 19.044 0.051 5.07 426.0
2457991.62979 19.019 0.055 5.78 378.0
2457992.54584 18.958 0.040 4.33 387.0
2457993.48047 18.887 0.051 5.24 524.0
2457993.59316 19.104 0.054 5.29 380.0
2457994.52700 18.958 0.055 5.52 472.0
2457994.63813 18.875 0.051 5.61 454.0
2458000.48141 18.998 0.066 5.42 656.0
2458000.53583 18.916 0.073 6.93 568.0
2458000.57697 19.016 0.078 6.59 623.0
2458000.63288 18.953 0.068 5.63 724.0
2458001.56104 18.962 0.046 4.13 562.0
2458002.53184 19.131 0.138 6.33 1552.0
2458003.55284 18.860 0.075 7.01 581.0
2458004.56390 18.952 0.063 6.23 493.0
2458007.51680 19.089 0.066 6.20 449.0
2458008.53623 18.934 0.054 5.68 406.0
2458010.56657 19.051 0.058 5.54 450.0
2458012.50105 19.023 0.053 4.94 486.0
2458013.50519 18.919 0.041 4.07 447.0
2458014.52417 18.999 0.046 4.60 423.0
2458015.51197 19.073 0.075 7.14 429.0
2458016.52984 19.081 0.061 5.84 443.0
2458017.55480 18.902 0.043 4.67 444.0
2458019.48571 19.062 0.053 4.36 497.0
2458020.53286 18.978 0.055 5.19 438.0
2458026.51275 19.034 0.083 4.16 1681.0
2458026.55596 19.067 0.081 4.65 1254.0
2458030.48788 19.131 0.061 4.04 736.0
2458035.56523 18.946 0.063 5.77 528.0
2458037.54900 19.067 0.087 6.90 557.0
2458039.53335 18.970 0.064 6.08 503.0
2458041.50700 18.999 0.056 5.42 491.0
2458049.52856 19.034 0.045 3.69 726.0
2458056.50287 19.079 0.099 6.50 816.0
2458161.85812 19.059 0.071 6.20 609.0
2458162.86656 18.977 0.048 5.22 501.0
2458163.88845 19.071 0.071 5.06 918.0
2458164.87802 19.039 0.056 5.68 511.0
2458165.87529 19.104 0.054 4.77 497.0
2458166.85829 18.872 0.062 6.71 514.0
2458167.84266 19.022 0.060 5.83 527.0
2458167.88253 19.007 0.051 5.33 454.0
2458168.86365 18.972 0.054 5.75 453.0
2458169.84142 19.008 0.068 6.56 503.0
2458169.88643 18.967 0.054 5.29 497.0
2458170.86027 19.021 0.045 4.45 459.0
2458171.83508 19.055 0.061 5.38 543.0
2458171.86927 19.005 0.049 4.76 467.0
2458172.84062 19.005 0.051 5.39 488.0
2458172.87965 19.067 0.056 4.96 508.0
2458173.85040 18.896 0.048 5.20 595.0
2458173.89112 19.026 0.046 4.08 524.0
2458174.86127 19.000 0.053 4.72 591.0
2458174.90013 19.047 0.058 3.74 996.0
2458175.85991 19.042 0.052 5.28 464.0
2458175.89904 18.972 0.058 4.35 863.0
2458176.85293 18.982 0.049 4.76 507.0
2458176.89255 18.939 0.044 4.36 487.0
2458181.84598 19.007 0.057 4.56 714.0
2458181.88768 18.859 0.048 4.42 616.0
2458182.89643 18.956 0.047 4.05 584.0
2458183.90143 18.981 0.056 4.70 701.0
2458184.87004 18.918 0.056 4.87 624.0
2458185.82832 19.193 0.098 6.44 788.0
2458185.87817 18.936 0.066 5.74 674.0
2458189.78764 18.946 0.051 5.50 482.0
2458190.89781 19.046 0.042 4.20 387.0
2458191.88456 18.949 0.052 5.63 405.0
2458192.87489 19.040 0.053 5.36 417.0
2458193.85125 19.082 0.054 5.86 368.0
2458194.81403 18.889 0.048 5.74 384.0
2458195.78778 18.905 0.058 6.70 446.0
2458195.90646 19.076 0.041 3.79 418.0
2458196.87398 18.981 0.045 5.00 361.0
2458197.81759 18.908 0.043 5.09 400.0
2458198.77405 19.046 0.047 5.13 424.0
2458198.88999 18.872 0.044 4.45 459.0
2458199.82628 18.942 0.042 4.94 379.0
2458200.81622 19.025 0.046 4.97 417.0
2458201.76036 18.925 0.074 7.93 494.0
2458201.86669 18.990 0.046 5.21 359.0
2458202.79424 18.970 0.048 4.99 462.0
2458202.91071 18.990 0.043 4.08 455.0
2458203.84334 18.938 0.037 3.95 387.0
2458204.77505 18.840 0.054 5.86 525.0
2458204.89083 18.948 0.043 5.02 362.0
2458205.82036 19.106 0.065 6.10 424.0
2458206.75607 19.000 0.061 5.81 648.0
2458206.86254 19.053 0.039 3.77 416.0
2458207.78240 19.076 0.059 4.97 613.0
2458207.88980 19.019 0.041 3.88 439.0
2458208.80921 18.927 0.049 4.16 687.0
2458209.73298 19.046 0.078 6.21 869.0
2458209.83743 18.915 0.049 4.84 582.0
2458210.74138 19.127 0.083 6.00 813.0
2458210.85027 19.078 0.049 4.04 571.0
2458211.75706 18.889 0.056 5.45 677.0
2458211.86393 18.910 0.042 4.05 568.0
2458212.76408 19.069 0.067 5.16 766.0
2458212.85714 18.988 0.044 3.55 630.0
2458217.80544 19.088 0.064 6.26 444.0
2458220.73058 19.031 0.066 7.29 373.0
2458220.82460 19.024 0.049 5.72 328.0
2458221.74614 18.906 0.053 6.56 348.0
2458221.85795 19.004 0.039 4.18 349.0
2458222.74875 18.971 0.040 4.67 356.0
2458222.88978 18.980 0.047 4.79 398.0
2458223.86364 18.984 0.049 5.10 374.0
2458224.74322 18.963 0.051 5.18 435.0
2458224.88027 19.036 0.045 4.72 402.0
2458226.81361 18.924 0.056 6.73 371.0
2458227.69834 19.065 0.063 6.36 416.0
2458227.83839 19.023 0.038 3.97 333.0
2458228.74943 19.032 0.049 5.21 396.0
2458228.89264 19.093 0.043 4.45 343.0
2458229.77793 19.058 0.041 4.46 330.0
2458229.89370 19.067 0.042 4.33 362.0
2458230.76346 18.982 0.045 5.25 378.0
2458230.89922 19.009 0.038 4.19 340.0
2458232.90187 18.959 0.042 4.40 370.0
2458233.84903 18.943 0.038 4.59 362.0
2458236.71562 18.980 0.049 4.30 629.0
2458238.71171 19.004 0.072 5.69 822.0
2458238.83056 18.893 0.048 4.25 684.0
2458244.68616 19.043 0.062 5.73 545.0
2458244.80673 18.909 0.042 4.18 519.0
2458245.74126 18.960 0.062 5.71 548.0
2458245.85247 18.806 0.060 5.92 597.0
2458246.70937 19.099 0.062 5.87 441.0
2458246.82629 19.121 0.056 4.83 506.0
2458247.74121 18.994 0.045 4.79 404.0
2458247.87203 19.110 0.066 5.47 535.0
2458248.74246 19.032 0.058 5.77 430.0
2458249.70886 19.000 0.062 6.67 413.0
2458249.82103 18.988 0.046 5.07 402.0
2458250.64836 19.040 0.047 5.38 394.0
2458250.76352 19.046 0.038 4.10 352.0
2458250.89558 19.033 0.042 4.09 409.0
2458251.68745 18.985 0.058 6.52 390.0
2458251.81662 19.158 0.071 6.43 414.0
2458251.94144 18.792 0.072 4.64 1510.0
2458253.63494 19.014 0.065 6.90 447.0
2458253.74481 19.025 0.042 4.53 374.0
2458254.63086 19.075 0.054 5.04 487.0
2458254.76165 18.991 0.035 3.58 402.0
2458254.91230 18.996 0.038 3.52 470.0
2458255.70525 18.999 0.047 5.03 364.0
2458255.85941 18.908 0.044 4.56 432.0
2458256.63658 18.918 0.059 6.64 433.0
2458256.75840 19.034 0.052 5.39 392.0
2458256.88816 18.969 0.047 4.48 472.0
2458257.69779 18.971 0.047 5.24 382.0
2458257.81052 18.977 0.052 5.85 375.0
2458258.65611 18.960 0.045 5.24 379.0
2458258.79921 18.882 0.037 4.25 350.0
2458258.93067 19.097 0.041 3.31 504.0
2458259.76338 19.012 0.047 4.73 445.0
2458259.88793 18.950 0.051 4.76 525.0
2458260.75278 18.939 0.033 3.47 445.0
2458261.67468 18.996 0.046 4.07 450.0
2458261.83160 18.932 0.038 4.14 373.0
2458262.66113 19.006 0.046 5.00 396.0
2458262.77762 19.007 0.037 4.03 351.0
2458263.70227 18.965 0.039 4.13 430.0
2458263.83479 18.969 0.032 3.62 304.0
2458264.71610 19.006 0.043 3.79 548.0
2458264.83667 19.005 0.045 3.78 568.0
2458265.61365 19.004 0.074 5.83 728.0
2458265.73049 19.062 0.051 4.39 549.0
2458265.88104 19.030 0.050 4.06 582.0
2458266.73424 19.007 0.061 5.19 643.0
2458272.72155 19.005 0.050 4.68 493.0
2458272.83824 18.976 0.052 4.81 533.0
2458272.94391 19.036 0.081 5.22 1004.0
2458273.69138 18.925 0.037 4.04 401.0
2458273.82730 19.031 0.051 4.92 440.0
2458273.91714 18.912 0.048 5.00 481.0
2458274.66962 19.096 0.063 6.35 387.0
2458274.79702 18.945 0.051 5.16 474.0
2458274.91219 18.960 0.079 6.62 750.0
2458275.67135 19.067 0.049 4.95 374.0
2458275.80654 18.970 0.042 4.05 455.0
2458275.92333 19.027 0.060 4.94 675.0
2458276.66802 19.099 0.047 4.92 355.0
2458276.79599 19.019 0.040 3.96 394.0
2458277.59999 18.977 0.050 5.31 446.0
2458277.73398 19.036 0.039 4.41 328.0
2458277.85034 18.987 0.045 4.43 447.0
2458278.55080 18.970 0.060 6.19 519.0
2458278.68530 18.895 0.043 4.94 494.0
2458282.56782 18.957 0.051 5.45 439.0
2458282.69055 19.066 0.036 4.15 301.0
2458282.83238 18.946 0.042 4.50 390.0
2458283.54153 18.970 0.063 6.40 500.0
2458283.64257 18.916 0.045 5.40 355.0
2458283.77805 18.981 0.039 4.13 389.0
2458283.89077 19.002 0.059 5.76 471.0
2458284.61301 19.063 0.049 5.47 340.0
2458284.74705 18.921 0.037 4.83 322.0
2458284.85876 18.997 0.049 5.12 390.0
2458285.76141 18.930 0.048 5.54 366.0
2458286.57978 18.997 0.043 5.31 319.0
2458286.71480 19.062 0.039 4.36 297.0
2458286.85502 18.983 0.039 4.06 365.0
2458287.56751 19.015 0.046 5.14 373.0
2458287.70591 19.039 0.048 6.07 301.0
2458287.84790 19.018 0.036 4.03 315.0
2458288.54352 18.967 0.050 5.70 409.0
2458288.66987 19.018 0.039 4.49 309.0
2458288.80758 19.014 0.043 4.60 332.0
2458289.53994 18.948 0.057 6.14 502.0
2458289.66672 19.020 0.038 4.18 355.0
2458289.81178 18.984 0.049 5.28 378.0
2458290.53282 19.011 0.067 5.74 663.0
2458290.66789 18.943 0.042 4.52 401.0
2458290.80826 18.976 0.051 5.11 434.0
2458291.57587 18.909 0.057 5.21 800.0
2458291.72428 19.029 0.050 4.18 526.0
2458291.85803 18.916 0.047 4.78 470.0
2458292.58713 19.063 0.070 6.35 457.0
2458292.71812 18.947 0.051 4.77 523.0
2458292.86850 19.050 0.052 4.54 498.0
2458293.59350 18.876 0.060 5.98 545.0
2458293.73716 19.049 0.062 5.58 521.0
2458294.62038 19.045 0.095 7.39 649.0
2458294.77311 19.064 0.095 7.39 721.0
2458299.52851 18.959 0.094 6.46 1120.0
2458301.60046 18.783 0.075 7.76 580.0
2458301.71056 18.933 0.075 7.58 579.0
2458301.83539 18.877 0.084 7.52 759.0
2458303.64051 19.045 0.076 7.89 384.0
2458304.61801 19.029 0.076 7.66 428.0
2458304.74091 19.069 0.084 7.44 508.0
2458305.64498 19.040 0.066 7.31 349.0
2458305.76562 19.022 0.067 6.95 406.0
2458306.67242 19.014 0.067 7.09 394.0
2458306.76135 18.977 0.066 7.11 409.0
2458307.48437 18.924 0.066 6.82 570.0
2458307.59053 19.028 0.046 4.88 412.0
2458307.71546 19.110 0.048 4.79 361.0
2458307.83576 19.079 0.061 5.64 463.0
2458308.54958 19.077 0.048 5.54 319.0
2458308.66977 18.986 0.040 4.53 307.0
2458308.78978 18.966 0.058 5.63 460.0
2458309.52398 18.930 0.044 5.70 381.0
2458309.66529 19.035 0.039 4.22 337.0
2458309.76831 18.997 0.040 3.99 390.0
2458310.48859 18.984 0.058 5.81 442.0
2458310.57953 19.035 0.049 5.18 407.0
2458310.66943 18.970 0.043 4.82 404.0
2458310.76288 19.067 0.051 5.36 384.0
2458311.50216 18.959 0.067 7.47 403.0
2458311.61476 19.064 0.047 5.37 320.0
2458311.74589 18.991 0.042 4.36 390.0
2458312.47038 18.812 0.070 6.92 679.0
2458312.58433 18.892 0.042 5.28 354.0
2458312.72515 18.968 0.037 4.22 333.0
2458313.47880 19.137 0.061 5.47 537.0
2458313.58304 19.023 0.036 4.26 313.0
2458313.70548 19.028 0.039 3.91 360.0
2458313.81428 18.973 0.042 3.81 463.0
2458314.55016 19.089 0.051 4.97 417.0
2458314.67176 18.964 0.040 4.18 390.0
2458314.78977 18.951 0.043 4.93 363.0
2458316.54919 18.792 0.052 6.38 434.0
2458316.66569 19.020 0.057 5.91 371.0
2458320.48920 18.971 0.056 5.58 518.0
2458320.60866 18.926 0.046 5.58 419.0
2458320.73068 19.099 0.049 4.96 376.0
2458321.52253 18.943 0.058 5.10 625.0
2458328.48692 18.993 0.075 5.94 697.0
2458328.59998 18.977 0.056 5.10 609.0
2458328.71263 19.059 0.072 5.48 701.0
2458329.51123 19.005 0.058 5.36 535.0
2458329.62309 19.124 0.070 5.87 566.0
2458329.73145 18.907 0.047 4.25 595.0
2458330.54296 19.034 0.046 4.73 478.0
2458331.52799 19.030 0.038 4.12 345.0
2458331.65140 18.933 0.043 4.98 406.0
2458332.52851 18.955 0.047 5.01 429.0
2458332.65264 19.023 0.052 5.05 476.0
2458333.50988 19.089 0.056 5.19 478.0
2458333.64361 18.975 0.037 4.15 343.0
2458334.55276 19.006 0.043 4.44 440.0
2458334.67610 19.007 0.042 4.40 371.0
2458335.68808 19.079 0.059 5.99 374.0
2458336.57150 19.033 0.038 4.30 311.0
2458336.74514 18.968 0.044 4.55 382.0
2458338.57521 18.948 0.049 5.71 381.0
2458339.47446 19.007 0.053 4.97 517.0
2458339.61414 19.030 0.036 4.02 295.0
2458340.51215 18.950 0.040 4.17 382.0
2458340.72984 19.037 0.046 4.96 333.0
2458341.58732 19.003 0.040 4.34 339.0
2458342.49402 19.030 0.056 5.63 405.0
2458342.65310 19.020 0.055 5.53 387.0
2458344.50745 18.954 0.046 4.74 423.0
2458344.63845 19.003 0.051 5.26 408.0
2458345.54022 18.948 0.057 5.81 474.0
2458345.70657 19.055 0.039 3.91 322.0
2458346.58806 18.982 0.043 4.68 334.0
2458347.49246 18.998 0.050 5.41 355.0
2458347.62880 19.053 0.043 4.23 330.0
2458348.55257 19.012 0.064 5.69 460.0
2458349.51820 18.916 0.067 6.82 455.0
2458349.72615 18.921 0.069 5.31 967.0
2458355.52761 19.015 0.060 5.07 567.0
2458355.69216 19.017 0.067 5.51 716.0
2458356.66009 18.996 0.047 3.98 606.0
2458357.56669 19.026 0.044 3.52 528.0
2458358.53545 18.950 0.055 5.06 532.0
2458358.69920 18.956 0.065 5.61 625.0
2458359.60335 18.960 0.051 4.60 516.0
2458360.54822 18.991 0.056 5.52 435.0
2458360.68140 19.176 0.092 6.37 631.0
2458363.53050 19.041 0.055 5.49 414.0
2458364.48553 19.047 0.053 4.93 476.0
2458364.64498 19.070 0.038 4.34 341.0
2458366.56090 18.987 0.039 3.99 362.0
2458367.57143 19.021 0.037 3.58 370.0
2458368.52512 19.013 0.044 4.27 380.0
2458369.48302 18.991 0.053 4.70 480.0
2458369.64350 18.982 0.043 4.23 408.0
2458370.63757 19.005 0.047 4.58 418.0
2458371.58889 18.938 0.043 4.79 371.0
2458372.55987 19.014 0.044 4.22 391.0
2458373.53900 19.109 0.062 5.49 387.0
2458375.56936 19.069 0.061 5.84 406.0
2458376.50126 18.951 0.064 6.77 432.0
2458376.62833 19.003 0.068 6.79 436.0
2458377.56046 18.984 0.068 5.52 819.0
2458382.51803 19.008 0.047 3.69 585.0
2458382.62559 18.929 0.045 3.43 710.0
2458383.56471 19.036 0.075 5.79 660.0
2458384.51522 19.040 0.062 4.60 616.0
2458384.60751 18.937 0.055 4.34 707.0
2458385.53824 19.023 0.040 3.11 577.0
2458385.62901 18.901 0.040 3.64 692.0
2458387.53979 18.928 0.071 4.25 1208.0
2458392.52015 18.937 0.065 6.44 470.0
2458393.50477 18.831 0.052 6.28 404.0
2458393.59658 18.797 0.060 7.07 444.0
2458394.57332 18.934 0.051 5.44 393.0
2458398.52060 19.048 0.057 5.43 413.0
2458401.52050 18.861 0.056 6.02 460.0
2458404.55448 18.996 0.075 6.58 570.0
2458409.57138 19.153 0.107 7.38 784.0
2458411.56439 19.027 0.088 6.33 821.0
2458413.55777 18.815 0.071 5.74 912.0
2458415.51445 18.849 0.088 6.84 858.0
2458418.53214 18.953 0.085 7.37 594.0
2458423.51930 19.063 0.091 7.59 593.0
2458425.52239 18.972 0.058 4.99 543.0
2458530.87239 18.959 0.047 4.72 498.0
2458532.87341 18.984 0.063 5.87 611.0
2458534.87230 19.156 0.074 5.37 696.0
2458535.87754 19.094 0.075 5.99 639.0
2458536.86490 18.929 0.055 5.04 637.0
2458537.85238 19.063 0.068 6.04 538.0
2458538.88394 18.993 0.050 5.18 531.0
2458539.86373 18.915 0.048 4.75 553.0
2458540.84628 18.969 0.081 5.09 1246.0
2458540.88652 19.098 0.072 4.52 935.0
2458544.88692 19.017 0.042 4.89 372.0
2458546.86436 19.080 0.050 5.24 387.0
2458546.90417 19.009 0.058 4.69 758.0
2458547.87387 19.040 0.043 4.47 386.0
2458548.81970 19.006 0.047 4.60 501.0
2458548.87765 19.013 0.042 4.06 460.0
2458549.81518 19.150 0.070 6.53 425.0
2458549.86538 18.984 0.046 5.26 396.0
2458550.82890 19.017 0.044 4.80 386.0
2458550.87805 18.990 0.041 4.74 383.0
2458551.83916 18.921 0.057 7.11 386.0
2458551.88795 18.926 0.055 6.27 384.0
2458552.86031 19.014 0.060 6.55 386.0
2458552.90909 19.093 0.107 7.00 997.0
2458553.84260 19.061 0.070 7.02 422.0
2458554.81209 19.021 0.059 5.98 431.0
2458554.86371 18.862 0.037 4.55 395.0
2458554.90382 19.016 0.053 5.78 459.0
2458555.82489 19.015 0.044 4.82 396.0
2458555.87239 19.085 0.042 4.03 389.0
2458556.79632 18.935 0.049 5.42 414.0
2458556.83637 18.957 0.044 5.07 382.0
2458556.88662 18.928 0.040 4.92 389.0
2458557.79800 18.988 0.062 6.52 409.0
2458557.85367 19.133 0.048 4.79 371.0
2458557.89600 18.962 0.046 5.15 385.0
2458558.80681 19.025 0.049 5.22 430.0
2458558.84627 18.984 0.046 5.01 408.0
2458558.89550 18.998 0.047 5.43 385.0
2458559.79061 18.968 0.053 5.78 426.0
2458559.84029 19.002 0.040 4.30 369.0
2458559.88063 18.958 0.035 3.83 362.0
2458560.80035 19.090 0.051 4.45 546.0
2458560.84010 19.011 0.040 4.24 393.0
2458560.88902 18.927 0.036 4.05 406.0
2458561.79416 18.973 0.063 5.86 618.0
2458561.84638 19.147 0.064 5.08 518.0
2458561.88557 19.026 0.060 6.05 412.0
2458562.79092 18.918 0.067 6.11 697.0
2458562.83220 18.890 0.064 6.07 685.0
2458562.88822 18.960 0.057 5.20 595.0
2458563.77281 19.065 0.073 5.28 876.0
2458563.82836 19.011 0.052 3.97 705.0
2458563.86818 18.912 0.044 3.96 625.0
2458564.76933 18.927 0.058 4.98 720.0
2458564.81553 18.994 0.051 4.62 603.0
2458564.86709 18.951 0.046 4.08 583.0
2458564.90762 18.988 0.053 4.71 630.0
2458565.82466 18.943 0.055 5.15 620.0
2458565.86455 19.071 0.063 5.15 579.0
2458566.77618 18.950 0.056 5.12 685.0
2458566.82464 18.977 0.051 4.74 609.0
2458566.87583 18.924 0.043 4.35 530.0
2458567.76818 19.055 0.060 4.65 788.0
2458567.83827 18.945 0.049 4.49 607.0
2458567.88667 18.920 0.053 5.45 567.0
2458573.86087 18.908 0.070 7.74 424.0
2458573.90986 18.982 0.053 5.74 423.0
2458574.74235 19.015 0.058 6.37 397.0
2458574.86108 19.002 0.052 6.56 348.0
2458574.90141 18.996 0.049 5.81 351.0
2458575.75549 18.933 0.056 6.55 407.0
2458575.79475 19.015 0.055 6.06 372.0
2458575.84299 18.935 0.059 6.77 377.0
2458575.88210 18.984 0.050 5.45 376.0
2458576.77216 19.066 0.060 6.57 382.0
2458576.80805 19.022 0.060 6.67 389.0
2458576.85616 18.845 0.052 7.31 362.0
2458576.89564 18.869 0.057 7.63 352.0
2458577.73174 18.980 0.069 6.96 484.0
2458577.81361 18.948 0.070 7.37 454.0
2458577.89206 18.871 0.055 6.16 481.0
2458578.71915 19.048 0.063 6.26 451.0
2458578.76303 19.098 0.051 5.05 391.0
2458578.80248 18.952 0.045 4.92 425.0
2458578.86935 19.124 0.056 5.38 437.0
2458578.91195 18.917 0.054 6.26 412.0
2458579.74083 19.080 0.060 5.65 470.0
2458579.78041 19.023 0.057 5.36 493.0
2458579.82576 18.890 0.055 5.81 508.0
2458579.87830 18.962 0.054 5.60 499.0
2458580.71952 18.989 0.059 6.16 478.0
2458580.75212 19.071 0.059 6.02 424.0
2458580.80662 18.976 0.046 5.40 398.0
2458580.84611 19.081 0.055 5.80 413.0
2458580.91202 19.025 0.046 4.51 430.0
2458581.73978 19.048 0.049 5.56 418.0
2458581.83802 19.010 0.042 4.45 379.0
2458582.71921 18.964 0.050 6.03 386.0
2458582.79139 18.921 0.046 5.42 399.0
2458582.91296 18.987 0.041 3.94 456.0
2458583.74210 18.985 0.047 5.59 398.0
2458583.85193 19.016 0.040 4.35 402.0
2458584.72473 19.010 0.052 5.74 429.0
2458584.81915 19.056 0.043 4.92 361.0
2458585.71418 18.945 0.049 5.70 424.0
2458585.78393 18.920 0.043 5.62 392.0
2458585.91010 18.955 0.036 3.66 412.0
2458586.72193 18.939 0.050 6.16 392.0
2458586.82678 18.966 0.037 4.26 336.0
2458587.69722 18.933 0.071 7.22 551.0
2458587.76114 19.029 0.054 6.05 403.0
2458587.90399 18.986 0.046 4.71 411.0
2458588.71989 18.966 0.052 5.91 492.0
2458588.83205 19.072 0.036 3.84 336.0
2458589.70598 18.865 0.052 4.74 671.0
2458589.77688 18.943 0.046 4.45 523.0
2458589.90801 18.898 0.038 4.27 392.0
2458590.71825 18.913 0.049 4.95 664.0
2458590.82187 18.968 0.040 3.95 514.0
2458591.70250 19.014 0.062 5.33 787.0
2458591.77381 18.936 0.051 4.98 633.0
2458591.92701 19.027 0.069 4.56 942.0
2458592.81937 19.107 0.065 5.20 696.0
2458593.68285 18.838 0.086 6.69 1200.0
2458593.79924 19.141 0.088 5.39 1218.0
2458594.68244 19.015 0.076 5.32 973.0
2458594.73225 19.260 0.080 5.14 724.0
2458594.84801 19.031 0.050 4.07 673.0
2458595.69858 19.105 0.128 6.68 1444.0
2458595.78087 19.113 0.134 6.68 1615.0
2458595.92888 18.953 0.076 5.35 1024.0
2458599.72047 19.147 0.067 5.60 517.0
2458599.77655 18.891 0.051 5.90 463.0
2458599.83192 19.091 0.047 4.73 437.0
2458599.91072 18.899 0.042 4.59 447.0
2458600.67787 19.120 0.066 6.32 431.0
2458600.79461 18.938 0.040 4.66 398.0
2458600.93491 18.922 0.056 3.88 1070.0
2458601.72798 18.860 0.041 5.23 426.0
2458601.92274 18.952 0.038 3.65 493.0
2458602.71976 19.010 0.037 4.35 344.0
2458602.88812 18.990 0.039 3.54 406.0
2458603.68715 19.157 0.062 6.33 390.0
2458603.81910 18.960 0.034 3.81 462.0
2458604.69289 18.979 0.056 6.55 407.0
2458604.81047 19.059 0.050 5.23 365.0
2458605.65810 19.144 0.068 6.67 435.0
2458605.75505 18.864 0.048 6.00 394.0
2458605.92024 18.942 0.042 4.31 424.0
2458606.70882 19.045 0.042 4.20 376.0
2458606.86250 18.962 0.035 3.57 392.0
2458607.67451 19.046 0.050 5.40 428.0
2458607.79256 19.026 0.043 4.41 426.0
2458607.91806 18.965 0.043 4.20 465.0
2458608.69436 18.968 0.055 6.08 491.0
2458608.89855 19.055 0.048 4.60 456.0
2458612.74650 18.994 0.054 5.95 347.0
2458612.87012 19.034 0.057 5.52 430.0
2458613.64828 18.811 0.065 7.63 458.0
2458613.75325 18.970 0.044 4.92 389.0
2458613.90578 18.939 0.044 4.21 524.0
2458614.66982 18.965 0.063 6.11 486.0
2458614.81011 18.960 0.054 5.44 460.0
2458615.64879 19.031 0.060 6.37 434.0
2458615.75612 19.090 0.045 4.56 372.0
2458615.91700 18.946 0.057 6.08 429.0
2458616.68204 18.991 0.051 5.24 493.0
2458616.82909 19.030 0.037 3.56 417.0
2458617.64256 19.097 0.055 5.00 524.0
2458617.72443 18.924 0.039 4.24 466.0
2458617.90604 18.998 0.042 3.61 517.0
2458618.67500 18.984 0.058 5.81 537.0
2458618.81450 19.000 0.054 4.99 548.0
2458619.63210 18.843 0.070 7.11 631.0
2458619.71558 19.019 0.061 5.83 499.0
2458619.89625 18.921 0.044 5.30 379.0
2458620.66494 18.949 0.058 5.82 571.0
2458620.81126 18.922 0.047 4.55 539.0
2458621.67171 18.922 0.093 7.54 788.0
2458621.81915 19.038 0.067 4.57 822.0
2458626.65596 18.906 0.088 6.41 1069.0
2458626.70624 18.847 0.089 6.15 1322.0
2458626.75901 19.067 0.073 4.88 871.0
2458626.82136 19.050 0.058 4.73 652.0
2458626.87116 19.007 0.060 4.67 713.0
2458626.92143 19.071 0.063 4.51 793.0
2458627.64960 18.931 0.056 5.44 857.0
2458627.71078 19.043 0.045 4.56 438.0
2458627.81528 19.279 0.055 4.23 527.0
2458635.69627 19.009 0.046 5.39 347.0
2458635.84395 18.947 0.050 5.28 427.0
2458636.57092 19.029 0.061 6.12 477.0
2458636.65609 19.028 0.046 4.99 375.0
2458636.80094 19.051 0.040 4.29 340.0
2458636.92303 19.069 0.058 5.63 506.0
2458637.61508 18.893 0.043 5.85 354.0
2458637.75918 18.967 0.043 4.67 394.0
2458637.88595 19.061 0.049 4.55 452.0
2458638.66457 19.083 0.046 5.61 358.0
2458638.85726 19.048 0.051 5.00 463.0
2458639.68452 18.938 0.037 4.35 387.0
2458639.91832 18.966 0.049 4.66 543.0
2458640.61868 19.068 0.054 6.12 377.0
2458640.77040 18.956 0.049 5.41 398.0
2458640.89537 19.136 0.063 5.48 489.0
2458641.65098 18.954 0.044 5.05 452.0
2458642.58262 18.925 0.053 5.51 509.0
2458642.83661 18.890 0.048 4.86 473.0
2458643.55040 19.105 0.075 7.43 497.0
2458643.63547 18.945 0.039 4.44 381.0
2458643.76977 19.029 0.039 4.21 360.0
2458643.87812 18.993 0.056 5.65 442.0
2458644.57326 19.104 0.060 5.49 503.0
2458644.67171 18.983 0.039 4.42 361.0
2458644.79713 19.058 0.062 6.01 439.0
2458644.90541 19.053 0.062 5.33 481.0
2458645.66572 18.923 0.058 6.01 533.0
2458646.60959 19.009 0.074 7.33 440.0
2458646.71656 19.153 0.068 6.22 420.0
2458646.82057 19.038 0.055 5.74 411.0
2458647.60636 19.142 0.072 5.95 555.0
2458647.67747 19.032 0.059 5.63 493.0
2458647.80006 18.949 0.062 6.14 509.0
2458648.60954 19.004 0.069 6.09 652.0
2458648.68211 18.851 0.051 5.40 547.0
2458648.80462 18.977 0.049 4.47 562.0
2458648.90699 19.029 0.078 7.15 541.0
2458649.62692 18.940 0.092 7.46 743.0
2458654.88726 18.933 0.046 3.69 826.0
2458655.63532 19.004 0.048 4.26 763.0
2458655.84076 18.948 0.058 5.20 724.0
2458656.64615 19.055 0.055 5.98 461.0
2458656.77344 18.904 0.046 5.41 485.0
2458656.88328 18.923 0.061 6.17 672.0
2458657.60724 19.099 0.050 5.22 348.0
2458657.71831 19.020 0.045 4.63 358.0
2458657.83771 19.107 0.046 4.42 410.0
2458658.54762 18.868 0.045 6.09 340.0
2458660.58763 19.049 0.051 5.71 338.0
2458660.86223 19.022 0.053 5.36 550.0
2458662.56330 19.071 0.068 6.83 434.0
2458662.81967 19.022 0.056 5.53 478.0
2458664.70533 18.941 0.034 4.45 289.0
2458666.50024 18.840 0.073 6.99 706.0
2458666.69181 18.992 0.044 5.34 326.0
2458667.57308 19.033 0.069 6.62 463.0
2458667.81308 19.043 0.048 5.45 382.0
2458668.66699 19.084 0.047 5.25 305.0
2458669.71831 19.001 0.042 4.89 349.0
2458670.51966 19.002 0.051 5.94 433.0
2458670.77993 19.002 0.038 4.17 329.0
2458673.64268 19.008 0.043 4.90 366.0
2458674.60167 19.036 0.065 6.82 380.0
2458674.84184 18.910 0.062 6.58 576.0
2458675.66288 18.992 0.043 4.05 472.0
2458676.52682 18.968 0.051 5.06 531.0
2458676.77592 18.957 0.054 5.09 559.0
2458676.84590 18.871 0.057 6.27 527.0
2458677.60508 18.777 0.056 5.78 657.0
2458681.53536 19.236 0.124 6.09 1227.0
2458681.76444 19.009 0.093 5.81 1113.0
2458682.52001 19.073 0.085 6.52 724.0
2458683.49267 19.022 0.077 7.38 502.0
2458683.57737 18.928 0.058 5.78 533.0
2458683.79974 18.879 0.050 5.08 553.0
2458684.54145 19.070 0.058 5.31 450.0
2458685.55606 18.926 0.045 5.19 464.0
2458688.58609 19.105 0.074 7.23 381.0
2458689.53165 19.074 0.070 6.78 422.0
2458689.77299 18.955 0.056 6.04 411.0
2458690.51879 18.908 0.055 6.04 433.0
2458690.73418 19.048 0.041 4.55 333.0
2458691.52728 19.059 0.037 4.17 330.0
2458691.78966 19.041 0.050 5.10 418.0
2458692.53416 18.911 0.047 5.18 549.0
2458692.78078 18.849 0.052 6.06 451.0
2458693.53157 19.072 0.061 6.47 360.0
2458694.52500 19.034 0.047 4.85 403.0
2458694.68285 18.916 0.032 3.72 372.0
2458695.52219 19.034 0.050 5.62 367.0
2458695.78881 19.000 0.043 4.79 389.0
2458697.78550 19.101 0.069 7.71 333.0
2458698.53660 19.016 0.045 5.01 339.0
2458699.68434 19.015 0.039 4.02 335.0
2458700.59514 19.055 0.045 4.56 361.0
2458701.73768 19.053 0.049 4.87 416.0
2458702.65159 18.904 0.046 5.48 367.0
2458704.68853 19.067 0.071 6.00 550.0
2458711.61395 19.056 0.057 4.77 581.0
2458711.74072 18.983 0.095 6.39 1061.0
2458712.66853 18.878 0.068 6.89 541.0
2458713.69866 19.025 0.055 5.20 479.0
2458715.72942 19.101 0.065 5.79 506.0
2458716.69395 18.977 0.044 5.11 402.0
2458717.71170 18.749 0.062 8.01 444.0
2458718.72665 18.992 0.052 5.18 522.0
2458719.65362 19.000 0.049 5.65 372.0
2458722.70829 18.998 0.047 6.07 314.0
2458723.69447 19.031 0.046 5.03 383.0
2458724.68872 18.928 0.055 6.10 444.0
2458725.69330 19.112 0.054 5.81 358.0
2458726.68012 19.092 0.049 4.91 337.0
2458727.67714 18.933 0.054 5.92 419.0
2458728.68272 18.970 0.042 4.50 363.0
2458729.68850 18.992 0.050 5.58 385.0
2458730.66874 18.988 0.051 5.76 352.0
2458736.66418 19.010 0.090 6.74 799.0
2458737.65757 19.092 0.091 6.59 749.0
2458738.64447 18.878 0.082 6.70 812.0
2458739.64045 18.952 0.070 6.00 661.0
2458740.60072 19.194 0.090 6.47 611.0
2458741.65151 18.990 0.065 5.75 606.0
2458742.64688 19.030 0.070 5.94 597.0
2458747.59463 18.932 0.052 6.44 343.0
2458752.59677 19.042 0.055 5.68 398.0
2458757.58283 18.839 0.051 6.39 383.0
2458763.56960 18.966 0.070 5.94 697.0
2458899.85558 18.908 0.056 6.51 450.0
2458900.86385 19.039 0.048 5.10 399.0
2458901.86553 19.078 0.047 4.95 378.0
2458902.86530 18.964 0.045 5.38 370.0
2458903.86247 19.031 0.062 6.20 446.0
2458904.85271 19.009 0.050 5.96 355.0
2458905.84712 18.921 0.042 5.07 379.0
2458906.86093 19.050 0.053 5.97 401.0
2458907.85785 19.047 0.052 5.39 455.0
2458908.85231 19.047 0.066 6.66 437.0
2458909.83041 19.161 0.062 6.08 382.0
2458909.86604 18.957 0.038 4.68 349.0
2458910.82629 18.836 0.061 7.51 408.0
2458910.88916 19.034 0.081 7.57 490.0
2458911.84304 19.022 0.050 5.55 396.0
2458911.87729 18.908 0.049 6.15 383.0
2458912.81496 18.966 0.062 6.80 433.0
2458912.84968 19.028 0.047 5.56 379.0
2458912.89286 19.051 0.050 5.37 419.0
2458913.82033 19.055 0.067 6.95 417.0
2458913.86321 19.069 0.059 6.23 383.0
2458913.89904 18.861 0.065 6.66 580.0
2458914.86999 19.021 0.047 5.19 396.0
2458914.90426 18.995 0.069 5.74 774.0
2458915.85029 19.007 0.047 5.51 354.0
2458915.88515 19.008 0.043 5.12 362.0
2458916.81007 18.900 0.057 5.65 667.0
2458916.84457 19.064 0.056 5.03 561.0
2458916.89005 18.977 0.045 4.68 485.0
2458917.81366 19.036 0.071 5.33 849.0
2458917.85725 19.078 0.057 4.62 675.0
2458917.89395 19.086 0.069 5.43 746.0
2458918.83245 18.915 0.057 5.13 730.0
2458918.86691 19.027 0.055 5.09 602.0
2458918.90999 18.957 0.062 4.58 1099.0
2458919.81695 18.948 0.071 6.30 707.0
2458919.85945 18.969 0.054 5.12 592.0
2458919.89484 18.962 0.047 4.83 532.0
2458920.81612 18.999 0.058 5.09 674.0
2458920.85531 18.989 0.050 4.79 595.0
2458920.89781 18.870 0.047 5.52 544.0
2458921.79617 19.060 0.068 5.63 696.0
2458921.84124 18.959 0.049 4.77 595.0
2458921.87638 19.001 0.049 4.75 566.0
2458922.81383 18.880 0.060 5.82 708.0
2458923.79732 19.201 0.125 5.40 1962.0
2458923.81718 19.061 0.107 5.07 2094.0
2458923.83177 19.039 0.101 5.08 2120.0
2458923.84249 18.924 0.097 5.06 2271.0
2458923.86370 19.289 0.123 4.50 2321.0
2458923.87474 19.084 0.108 4.57 2461.0
2458923.88647 18.970 0.103 5.25 2495.0
2458923.89508 18.892 0.108 5.34 2578.0
2459804.49599 19.079 0.061 5.03 609.0
2459804.53060 18.923 0.073 6.40 666.0
2459804.57623 18.944 0.054 5.19 557.0
2459804.61162 18.884 0.060 5.93 594.0
2459804.65542 18.853 0.067 6.56 664.0
2459804.69529 18.953 0.072 6.07 687.0
2459805.51947 18.870 0.057 5.89 477.0
2459805.55586 18.756 0.045 5.08 525.0
2459805.59958 19.096 0.059 4.86 561.0
2459805.63440 18.884 0.048 4.85 513.0
2459805.67707 18.972 0.051 4.70 568.0
2459805.71151 18.976 0.052 4.52 590.0
2459806.56367 18.932 0.068 6.79 562.0
2459806.61220 19.068 0.078 6.97 475.0
2459806.66012 19.157 0.081 6.67 493.0
2459806.69785 19.072 0.070 5.83 512.0
2459807.48136 19.014 0.066 5.81 586.0
2459807.52545 18.901 0.044 5.60 357.0
2459807.58229 18.946 0.043 5.24 351.0
2459807.63802 18.843 0.045 5.82 379.0
2459807.70374 19.116 0.056 5.23 440.0
2459807.73867 19.090 0.055 5.28 437.0
2459808.50966 18.797 0.056 7.37 364.0
2459808.57070 19.075 0.061 6.34 347.0
2459808.65795 19.020 0.051 5.57 359.0
2459808.69411 19.128 0.067 5.85 410.0
2459808.73966 18.879 0.048 5.15 422.0
2459809.59364 19.050 0.057 5.97 338.0
2459809.63857 18.985 0.051 5.96 327.0
2459809.71467 18.974 0.046 4.72 404.0
2459810.53056 19.043 0.035 3.86 326.0
2459810.56773 19.037 0.040 4.52 338.0
2459810.71596 18.987 0.040 4.63 343.0
2459811.50826 18.949 0.048 5.57 329.0
2459811.58491 18.802 0.039 5.36 330.0
2459811.69379 19.062 0.044 4.20 339.0
2459812.48069 18.913 0.080 7.34 596.0
2459812.51570 19.098 0.053 5.65 322.0
2459812.63072 19.043 0.047 4.87 318.0
2459812.71801 19.016 0.045 4.62 337.0
2459813.51467 18.848 0.061 7.35 370.0
2459813.69059 18.939 0.049 5.82 324.0
2459814.48180 19.033 0.070 5.93 620.0
2459814.52726 19.020 0.047 5.21 376.0
2459814.58047 18.995 0.047 5.42 342.0
2459814.67131 18.802 0.052 6.80 390.0
2459814.71390 18.866 0.056 6.89 392.0
2459815.51327 19.052 0.046 4.94 358.0
2459815.56690 18.973 0.052 5.97 379.0
2459815.68651 18.963 0.046 5.08 383.0
2459816.48851 18.954 0.053 5.51 383.0
2459816.52474 18.997 0.055 5.84 378.0
2459816.56919 18.960 0.045 5.12 365.0
2459816.68074 18.998 0.042 4.16 351.0
2459817.51225 18.790 0.050 6.41 428.0
2459817.58239 18.941 0.043 4.84 411.0
2459817.62779 18.905 0.041 5.01 383.0
2459817.71183 18.913 0.041 4.75 421.0
2459818.55243 19.047 0.071 6.62 453.0
2459818.69132 18.962 0.047 4.78 404.0
2459819.53367 19.017 0.043 4.39 446.0
2459819.59306 18.977 0.042 4.99 400.0
2459820.49953 19.121 0.053 5.23 400.0
2459820.54725 18.885 0.051 6.23 414.0
2459820.68853 18.945 0.048 5.24 391.0
2459821.52325 18.984 0.053 6.35 370.0
2459821.66009 19.044 0.050 5.35 386.0
2459822.49837 18.965 0.045 5.21 414.0
2459822.54737 18.960 0.051 5.82 396.0
2459823.60838 18.928 0.054 6.09 456.0
2459824.58155 18.960 0.071 7.14 538.0
2459825.61071 18.804 0.064 7.12 569.0
2459829.55122 18.858 0.094 7.58 950.0
2459829.65072 18.926 0.098 6.97 1051.0
2459830.65895 18.896 0.082 6.58 966.0
2459831.51748 19.054 0.071 5.90 695.0
2459831.57813 18.960 0.068 6.03 704.0
2459831.64557 19.005 0.082 6.36 852.0
2459832.52745 19.039 0.088 7.34 700.0
2459832.57481 19.024 0.086 7.00 740.0
2459834.52198 19.125 0.058 5.05 541.0
2459834.57130 18.993 0.056 5.21 618.0
2459834.62178 19.135 0.074 5.62 670.0
2459835.53650 18.898 0.070 7.69 453.0
2459835.59963 18.861 0.063 6.38 545.0
2459835.64682 18.815 0.051 6.31 422.0
2459836.64135 19.068 0.081 7.15 561.0
2459837.65388 18.964 0.052 4.93 560.0
2459838.60472 18.911 0.048 5.20 451.0
2459840.50043 19.112 0.059 5.94 404.0
2459840.54757 19.010 0.064 7.03 398.0
2459840.59783 19.206 0.072 6.40 429.0
2459841.51146 18.863 0.050 5.92 460.0
2459841.55960 18.973 0.049 5.42 458.0
2459841.60660 18.973 0.055 5.88 493.0
2459843.56324 19.019 0.068 6.76 433.0
2459843.61228 18.970 0.060 6.22 452.0
2459844.54770 18.823 0.051 6.44 464.0
2459844.59506 19.044 0.056 5.58 482.0
2459845.50584 18.869 0.059 7.08 420.0
2459845.55400 19.091 0.059 5.74 399.0
2459845.60329 19.066 0.047 4.68 419.0
2459846.59491 18.946 0.059 5.85 488.0
2459848.53259 18.904 0.056 6.28 467.0
2459848.57944 18.981 0.053 5.39 505.0
2459848.62671 18.903 0.049 5.39 490.0
2459850.55839 19.180 0.067 5.74 442.0
2459850.60543 18.827 0.049 5.89 444.0
2459851.60876 18.950 0.064 6.56 472.0
2459852.52591 18.908 0.067 7.57 467.0
2459852.57628 18.946 0.057 5.71 490.0
2459857.53554 18.935 0.090 7.44 802.0
2459857.59735 19.202 0.144 8.20 993.0
2459857.59942 18.934 0.118 8.40 1008.0
2459859.53347 18.991 0.052 4.62 698.0
2459859.58426 18.868 0.058 5.42 814.0
2459860.52226 19.052 0.082 6.02 754.0
2459860.57263 19.192 0.095 5.80 870.0
2459861.55442 18.928 0.067 5.36 830.0
2459863.50092 18.755 0.062 6.19 754.0
2459863.54953 18.852 0.065 5.73 740.0
2459864.54685 18.935 0.062 5.08 738.0
2459865.54478 18.827 0.063 6.83 571.0
2459866.53586 19.122 0.059 4.32 644.0
2459867.51499 18.918 0.050 4.85 578.0
2459868.53868 18.985 0.055 4.77 548.0
2459869.53943 18.955 0.052 5.09 497.0
2459874.50300 19.012 0.074 5.46 812.0
2459876.50950 18.838 0.071 7.14 600.0
2459994.86685 18.883 0.045 5.11 489.0
2459999.86115 19.130 0.067 5.67 513.0
2460003.84928 19.046 0.051 4.79 509.0
2460007.84132 18.954 0.046 4.77 519.0
2460012.83592 19.025 0.047 4.04 642.0
2460015.82906 19.049 0.058 4.98 654.0
2460021.88343 18.986 0.041 4.51 405.0
2460024.85786 18.886 0.032 3.84 367.0
2460027.80426 18.928 0.049 5.86 396.0
2460029.86971 18.959 0.039 4.70 390.0
2460032.79814 18.851 0.039 5.03 387.0
2460034.84241 19.027 0.045 5.18 376.0
2460037.77814 18.961 0.045 4.63 497.0
2460039.90424 19.067 0.040 3.92 473.0
2460042.76488 19.030 0.051 4.55 664.0
2460048.77914 19.046 0.048 5.01 430.0
2460051.77709 18.929 0.047 5.86 366.0
2460054.74662 19.071 0.047 5.40 361.0
2460057.85217 19.073 0.053 6.15 416.0
2460059.90359 19.031 0.052 5.53 435.0
2460062.72302 19.047 0.046 5.05 427.0
2460065.87271 19.116 0.052 5.01 419.0
2460067.93479 18.774 0.064 4.37 1703.0
2460069.87727 18.890 0.060 4.99 880.0
2460075.93571 19.175 0.084 4.79 1187.0
2460085.67639 19.021 0.073 7.40 401.0
2460089.66188 19.016 0.049 4.67 517.0
2460091.74837 18.937 0.040 4.26 474.0
2460093.92814 18.990 0.076 6.35 716.0
2460095.92646 18.951 0.054 5.05 548.0
2460097.75798 18.956 0.056 4.63 704.0
2460098.82534 19.027 0.107 6.19 1401.0
2460105.61367 18.932 0.056 6.46 404.0
2460106.84181 18.967 0.054 5.70 444.0
2460108.71167 19.001 0.053 5.65 415.0
2460110.61492 18.888 0.045 5.30 410.0
2460111.84603 18.966 0.058 4.90 606.0
2460113.56889 19.006 0.052 5.53 453.0
2460116.75000 19.043 0.055 6.03 412.0
2460119.66316 19.037 0.062 6.49 404.0
2460120.82817 18.994 0.047 5.18 400.0
2460122.77588 19.043 0.054 5.53 396.0
2460124.58496 18.895 0.065 6.06 643.0
2460125.63002 19.012 0.067 5.86 616.0
2460130.59893 19.064 0.091 6.07 970.0
2460132.56151 19.045 0.054 5.69 465.0
2460134.64385 18.965 0.055 6.42 395.0
2460139.81872 18.931 0.055 5.61 492.0
2460141.76252 18.992 0.047 5.10 398.0
2460143.80825 18.906 0.049 5.96 395.0
2460149.68338 18.913 0.045 5.33 369.0
2460153.52212 18.912 0.065 6.04 609.0
2460153.78545 19.026 0.074 5.37 1040.0
2460158.73842 18.946 0.072 5.05 1121.0
2460160.67528 18.984 0.057 5.18 523.0
2460165.69084 19.005 0.049 5.70 376.0
2460169.57212 19.010 0.045 5.14 327.0
2460171.58227 18.979 0.041 4.51 348.0
2460174.54803 18.944 0.056 6.40 385.0
2460179.50234 18.873 0.069 7.61 455.0
2460185.51060 18.823 0.091 7.42 896.0
2460187.69999 18.991 0.076 5.26 1055.0
2460201.54364 19.036 0.047 5.17 378.0
2460203.66179 18.848 0.051 5.86 449.0
2460206.62141 18.985 0.062 6.02 545.0
2460213.62799 18.963 0.086 6.71 812.0
2460219.55236 19.054 0.068 6.37 531.0
2460227.53571 19.014 0.069 6.28 577.0
2460230.58303 18.852 0.072 6.70 677.0
2460243.53826 18.989 0.077 6.06 814.0
2460255.52074 19.038 0.098 7.68 721.0
2460370.87890 19.017 0.046 4.32 525.0
2460377.89528 18.936 0.039 4.19 422.0
2460381.83681 18.934 0.049 4.57 480.0
2460384.83047 18.914 0.047 4.77 512.0
2460387.84887 18.970 0.045 4.50 488.0
2460391.80375 18.903 0.049 4.81 547.0
2460393.88047 18.982 0.048 4.89 516.0
2460396.79006 18.998 0.058 4.56 747.0
2460398.86017 19.010 0.046 4.06 616.0
2460404.89297 19.028 0.047 4.70 461.0
2460407.87389 18.917 0.036 4.28 398.0
2460411.80198 18.956 0.047 5.38 406.0
2460418.82159 19.012 0.046 5.18 393.0
2460423.88450 18.972 0.056 4.75 711.0
2460425.92807 18.827 0.057 4.71 923.0
2460433.83887 18.979 0.057 5.51 511.0
2460435.91868 19.028 0.055 5.46 441.0
2460439.83032 19.018 0.052 5.32 490.0
2460448.69524 18.925 0.065 7.01 479.0
2460449.83599 18.947 0.050 5.65 397.0
2460458.70223 18.939 0.050 5.28 518.0
2460460.81399 19.075 0.059 5.30 468.0
2460463.63703 19.019 0.052 5.93 370.0
2460467.68970 18.984 0.048 5.04 561.0
2460469.91873 18.981 0.061 5.71 544.0
2460476.90235 18.872 0.069 6.87 666.0
2460478.87381 18.912 0.072 7.45 504.0
2460486.60931 18.974 0.069 6.64 592.0
2460488.70611 18.924 0.046 5.16 414.0
2460491.57032 18.937 0.041 4.89 363.0
2460493.52068 19.005 0.053 5.48 484.0
2460494.82912 18.843 0.055 6.47 468.0
2460496.71582 18.983 0.076 6.78 639.0
2460498.53017 18.965 0.047 5.31 436.0
2460500.49827 18.931 0.062 6.33 463.0
2460502.48599 18.954 0.076 7.08 562.0
2460503.72674 18.979 0.046 5.33 374.0
2460506.52235 18.896 0.047 5.15 490.0
2460508.50192 18.954 0.066 5.66 773.0
2460515.64726 19.002 0.060 6.08 470.0
2460517.60634 18.897 0.061 7.45 352.0
2460519.67995 18.905 0.047 5.69 353.0
2460528.56240 19.007 0.055 6.19 365.0
2460532.56260 18.930 0.040 4.99 362.0
2460534.75053 19.001 0.049 5.55 390.0
2460544.60020 18.907 0.055 5.97 458.0
2460549.54526 19.016 0.062 6.46 434.0
2460555.66870 18.958 0.042 4.60 386.0
2460558.67690 18.972 0.045 4.80 395.0
2460561.58819 18.928 0.044 5.06 378.0
2460569.50801 18.960 0.074 6.31 653.0
2460571.63970 19.014 0.086 6.07 918.0
2460576.58007 18.958 0.065 6.49 450.0
2460581.57661 18.955 0.058 5.87 441.0
2460586.50277 18.903 0.070 6.89 485.0
2460595.50933 18.998 0.094 7.19 847.0
2460596.52785 18.935 0.066 5.48 806.0
2460597.53855 18.949 0.065 5.66 785.0
2460598.51123 18.859 0.065 5.93 758.0
2460598.55862 18.958 0.076 6.24 869.0
2460599.51434 18.923 0.054 4.83 720.0
2460599.57383 19.042 0.063 4.78 855.0
2460600.51220 18.915 0.060 5.12 872.0
2460600.56071 19.049 0.078 5.24 1075.0
2460601.52577 19.002 0.067 5.01 857.0
2460601.56750 18.939 0.065 4.91 994.0
2460609.55718 19.047 0.067 5.58 665.0
2460721.88923 18.887 0.063 5.63 809.0
2460733.84669 18.961 0.058 6.15 497.0
2460736.84138 19.045 0.057 5.80 446.0
2460739.84016 18.967 0.048 4.87 517.0
2460742.82375 18.930 0.046 5.04 441.0
2460744.82868 18.794 0.045 5.25 485.0
2460747.82069 18.910 0.054 5.15 633.0
2460749.84474 18.936 0.054 4.83 657.0
2460751.87362 18.924 0.045 4.46 535.0
2460753.86199 18.924 0.048 4.28 628.0
2460761.82523 18.898 0.052 5.77 448.0
2460763.81524 18.954 0.056 6.01 436.0
2460765.81689 19.035 0.048 5.01 385.0
2460767.82087 19.029 0.047 4.85 416.0
2460769.81787 18.898 0.042 4.60 494.0
2460771.85192 18.970 0.053 6.09 388.0
2460773.79527 18.886 0.046 5.41 445.0
2460775.84800 18.982 0.051 5.29 479.0
2460778.78190 18.943 0.063 5.47 763.0
2460780.77306 19.010 0.061 5.08 688.0
2460781.70082 19.112 0.078 5.66 838.0
2460781.84404 18.916 0.054 5.30 657.0
2460787.75323 18.855 0.045 5.49 420.0
2460788.91061 19.038 0.046 4.32 425.0
2460790.73552 18.977 0.051 5.91 406.0
2460791.86096 18.935 0.037 4.04 399.0
2460793.73334 18.895 0.039 4.83 391.0
2460794.86052 19.032 0.045 4.88 365.0
2460797.81200 19.137 0.052 4.81 462.0
2460798.91165 19.106 0.050 4.99 394.0
2460800.75657 18.877 0.042 5.09 412.0
2460801.87271 18.877 0.039 4.26 448.0
2460803.83717 19.022 0.053 5.52 440.0
2460805.91806 18.997 0.054 5.46 446.0
2460807.67929 19.074 0.079 5.51 889.0
2460808.83618 18.987 0.062 4.53 905.0
2460813.91473 18.941 0.058 5.24 697.0
2460815.77856 18.942 0.035 4.07 402.0
2460817.64940 18.932 0.042 5.01 410.0
2460818.76831 18.975 0.039 4.67 371.0
2460819.87843 19.015 0.048 4.68 468.0
2460821.68019 19.101 0.067 6.96 386.0
2460823.70713 19.033 0.052 6.11 350.0
2460824.77632 18.974 0.049 4.88 427.0
2460825.81701 18.883 0.039 4.24 439.0
2460827.82619 18.992 0.041 4.39 405.0
2460829.77450 18.918 0.043 5.36 374.0
2460831.81976 18.873 0.048 5.69 417.0
2460833.64767 19.028 0.076 7.25 510.0
2460834.83320 18.886 0.047 4.87 559.0
2460841.64710 18.790 0.049 5.79 568.0
2460843.59594 18.793 0.069 7.73 562.0
2460844.67641 18.748 0.043 5.95 399.0
2460845.83952 18.702 0.053 6.34 549.0
2460846.87768 18.708 0.047 5.21 635.0
2460847.89090 18.661 0.065 7.46 635.0
2460849.80427 18.538 0.040 5.71 487.0
2460850.82228 18.511 0.037 5.75 478.0
2460853.60941 18.286 0.033 6.60 414.0
2460854.63180 18.292 0.026 5.53 374.0
2460855.68067 18.398 0.034 6.44 405.0
2460856.78885 18.457 0.035 6.48 385.0
2460859.52616 18.644 0.035 5.11 391.0
2460860.53197 18.466 0.035 5.66 524.0
2460861.65425 18.688 0.050 6.16 570.0
2460863.55609 18.617 0.068 7.55 739.0
2460868.74770 18.787 0.063 5.68 892.0
2460870.54217 18.916 0.063 7.41 397.0
2460872.53523 18.934 0.059 6.85 406.0
2460873.65265 18.967 0.052 6.14 360.0
2460874.76048 18.951 0.044 4.56 405.0
2460876.49117 18.810 0.040 5.12 392.0
2460878.52173 18.924 0.040 4.80 404.0
2460879.79010 19.047 0.054 5.43 439.0
2460879.79494 18.938 0.053 5.83 447.0
2460881.58213 18.992 0.041 5.12 342.0
2460885.57797 18.919 0.039 5.17 339.0
2460896.51973 18.845 0.069 6.18 796.0
2460898.60724 19.009 0.058 5.56 464.0
2460899.71777 18.929 0.047 4.92 507.0
2460901.57728 18.897 0.051 5.48 420.0
2460904.58702 18.991 0.054 6.09 393.0
2460911.68976 18.749 0.062 7.66 471.0
2460913.71575 18.868 0.042 5.12 409.0
2460915.69859 19.077 0.050 5.23 361.0
2460923.60581 19.083 0.076 5.77 833.0
2460924.61360 18.883 0.060 5.65 740.0
2460925.49561 19.019 0.071 6.22 660.0
2460925.54307 18.969 0.079 6.97 670.0
2460925.58984 18.886 0.069 6.60 696.0
2460925.63688 18.834 0.073 6.94 796.0
2460926.49644 19.010 0.101 8.41 669.0
2460926.54362 18.943 0.081 7.02 726.0
2460926.59084 18.997 0.083 6.71 783.0
2460926.64151 18.899 0.092 7.51 905.0
2460927.49252 18.824 0.043 5.04 564.0
2460927.53965 18.977 0.047 4.79 571.0
2460927.58677 18.893 0.058 6.11 607.0
2460927.63421 18.871 0.056 5.86 648.0
2460928.49474 19.166 0.057 5.40 434.0
2460928.54183 18.884 0.045 5.32 459.0
2460928.58864 19.023 0.062 6.08 525.0
2460928.63605 18.924 0.057 5.89 582.0
2460929.52028 19.013 0.046 4.84 418.0
2460929.56752 19.089 0.047 4.91 420.0
2460929.61415 18.994 0.053 5.35 510.0
2460930.49706 19.038 0.049 5.24 462.0
2460930.54426 18.975 0.044 4.70 468.0
2460930.59107 18.966 0.054 5.71 527.0
2460930.63838 18.877 0.058 6.18 611.0
2460931.50858 19.051 0.055 5.65 421.0
2460931.56099 18.879 0.052 6.13 437.0
2460931.61166 18.842 0.053 6.22 426.0
2460932.53111 19.160 0.068 6.37 457.0
2460932.57864 18.904 0.065 7.52 451.0
2460932.62595 18.945 0.058 6.39 476.0
2460933.52320 18.954 0.050 5.50 469.0
2460933.57077 18.928 0.057 5.98 552.0
2460933.61783 18.897 0.055 5.47 596.0
2460934.52352 19.012 0.047 4.65 496.0
2460934.57245 18.942 0.048 4.92 524.0
2460934.61944 18.951 0.049 5.08 511.0
2460936.65261 18.969 0.067 6.67 486.0
2460942.53796 19.054 0.051 5.74 367.0
2460944.58313 19.035 0.067 6.64 450.0
2460952.54959 18.908 0.085 7.61 677.0
2460956.57352 19.178 0.109 7.39 783.0
2460962.51552 19.036 0.083 6.60 690.0
2460969.50717 18.864 0.056 6.24 541.0
