2457790.88129 19.428 0.116 5.61 925.0
2457791.87637 19.427 0.095 5.86 569.0
2457792.87335 19.378 0.119 6.96 691.0
2457793.87004 19.585 0.110 5.67 590.0
2457794.87722 19.509 0.171 7.46 860.0
2457795.88296 19.870 0.192 6.46 887.0
2457796.87068 19.932 0.162 5.46 694.0
2457798.87710 19.626 0.104 5.12 562.0
2457800.86838 19.534 0.088 4.90 530.0
2457802.84829 19.424 0.125 7.04 595.0
2457803.88892 19.448 0.120 4.99 1299.0
2457807.87509 19.437 0.072 4.97 396.0
2457809.84026 19.535 0.099 6.07 495.0
2457810.83681 19.728 0.110 5.64 464.0
2457814.85646 19.608 0.093 5.36 404.0
2457815.88489 19.544 0.079 5.21 400.0
2457818.85759 19.459 0.069 4.51 430.0
2457819.83742 19.712 0.100 5.70 397.0
2457820.84615 19.311 0.072 5.25 467.0
2457821.84488 19.508 0.103 5.85 476.0
2457822.84065 19.549 0.101 5.34 589.0
2457823.82615 19.492 0.089 4.53 688.0
2457824.82066 19.446 0.164 7.82 709.0
2457825.81369 19.665 0.123 5.55 691.0
2457826.86174 19.403 0.108 5.93 608.0
2457827.83716 19.455 0.079 4.81 534.0
2457828.80631 19.718 0.114 5.25 596.0
2457830.80347 19.446 0.086 4.78 661.0
2457830.88258 20.031 0.147 4.66 719.0
2457834.86789 19.519 0.087 5.60 430.0
2457835.83515 19.222 0.089 7.16 379.0
2457836.78593 19.482 0.098 6.53 378.0
2457836.89927 19.680 0.131 6.54 351.0
2457837.83248 19.545 0.075 5.24 327.0
2457838.77096 19.657 0.128 7.16 411.0
2457838.88891 19.705 0.085 4.80 378.0
2457840.76257 19.517 0.106 6.83 370.0
2457841.82102 19.508 0.099 6.72 341.0
2457842.73769 19.766 0.143 7.34 376.0
2457842.84577 19.518 0.083 5.73 357.0
2457843.76966 19.475 0.078 5.63 335.0
2457843.88761 19.438 0.071 5.44 306.0
2457844.80620 19.451 0.077 5.77 327.0
2457844.91647 19.508 0.099 6.69 422.0
2457846.76119 19.413 0.071 5.40 335.0
2457846.86869 19.507 0.064 4.71 330.0
2457847.77162 19.595 0.086 5.34 355.0
2457847.88784 19.381 0.073 5.51 339.0
2457848.78534 19.667 0.079 4.99 326.0
2457848.90533 19.495 0.064 4.80 314.0
2457849.79854 19.456 0.066 4.74 343.0
2457849.91904 19.353 0.059 3.86 526.0
2457850.81072 19.507 0.073 4.81 399.0
2457851.72487 19.497 0.122 6.61 610.0
2457854.75142 19.541 0.103 5.35 624.0
2457854.87132 19.420 0.079 5.13 508.0
2457855.78159 19.670 0.099 4.68 615.0
2457862.75080 19.778 0.124 6.08 440.0
2457862.86200 19.412 0.086 5.86 436.0
2457863.81550 19.650 0.092 5.34 378.0
2457864.78933 19.588 0.058 3.71 330.0
2457864.92403 19.577 0.074 4.54 453.0
2457865.76780 19.430 0.059 4.31 360.0
2457865.90787 19.565 0.075 4.32 448.0
2457866.76456 19.451 0.062 4.51 360.0
2457866.89759 19.665 0.064 3.54 382.0
2457867.76821 19.565 0.059 3.94 331.0
2457867.89977 19.640 0.068 4.06 341.0
2457868.83819 19.585 0.113 6.53 402.0
2457869.71564 19.474 0.076 5.63 365.0
2457869.83369 19.575 0.061 3.98 339.0
2457870.72637 19.640 0.069 4.59 327.0
2457870.85632 19.426 0.057 4.19 333.0
2457871.74091 19.623 0.069 4.15 387.0
2457871.88132 19.557 0.064 3.85 360.0
2457872.74087 19.641 0.074 4.49 378.0
2457872.88749 19.598 0.065 3.99 376.0
2457873.72049 19.521 0.062 3.97 376.0
2457873.84140 19.678 0.077 4.42 368.0
2457874.68058 19.649 0.109 6.23 423.0
2457874.80801 19.700 0.105 5.80 379.0
2457874.92082 19.437 0.084 5.74 440.0
2457875.88809 19.479 0.075 4.62 454.0
2457876.69243 19.449 0.092 6.10 489.0
2457876.81517 19.531 0.058 3.69 385.0
2457877.65446 19.590 0.095 5.58 509.0
2457877.92543 19.568 0.069 3.72 461.0
2457878.81321 19.539 0.057 3.56 387.0
2457878.93536 19.610 0.103 4.11 1073.0
2457879.75937 19.454 0.098 5.62 577.0
2457880.68082 19.708 0.145 6.95 509.0
2457880.79050 19.452 0.094 5.95 472.0
2457881.74715 19.563 0.145 7.42 575.0
2457881.87085 19.713 0.134 6.02 580.0
2457882.74537 19.383 0.087 5.64 516.0
2457882.87662 19.377 0.092 5.59 605.0
2457889.91963 19.549 0.156 6.30 1005.0
2457890.78007 19.671 0.121 5.57 575.0
2457893.63421 19.449 0.124 7.75 442.0
2457893.73786 19.457 0.082 5.56 399.0
2457893.86805 19.644 0.098 5.58 425.0
2457894.61918 19.736 0.141 7.29 495.0
2457894.73058 19.552 0.074 4.90 365.0
2457894.85021 19.557 0.065 4.18 388.0
2457895.60660 19.643 0.128 6.77 539.0
2457897.65516 19.441 0.083 5.92 373.0
2457897.82433 19.445 0.093 6.25 503.0
2457900.94053 19.456 0.122 7.27 540.0
2457901.70648 19.646 0.094 5.71 422.0
2457902.58482 19.663 0.143 7.99 463.0
2457902.69017 19.607 0.086 5.44 361.0
2457902.82139 19.844 0.150 6.75 427.0
2457903.75579 19.769 0.142 7.38 344.0
2457903.86767 19.427 0.075 5.21 414.0
2457904.61021 19.634 0.113 6.65 411.0
2457904.72463 19.471 0.055 4.14 313.0
2457904.84744 19.491 0.075 5.24 369.0
2457905.57521 19.722 0.144 7.31 476.0
2457905.69345 19.473 0.061 4.65 326.0
2457905.81409 19.563 0.063 3.75 386.0
2457905.93346 19.618 0.099 5.06 530.0
2457906.63209 19.439 0.065 4.51 405.0
2457906.76358 19.657 0.072 4.12 400.0
2457906.87406 19.635 0.079 4.06 484.0
2457907.64747 19.459 0.088 4.99 716.0
2457907.74281 19.631 0.074 3.79 514.0
2457908.58861 19.576 0.141 6.66 656.0
2457908.70546 19.442 0.070 4.58 458.0
2457908.82664 19.765 0.085 4.62 371.0
2457908.92815 19.361 0.096 5.88 630.0
2457909.62880 19.687 0.102 4.82 539.0
2457909.74937 19.472 0.064 3.84 474.0
2457909.85155 19.529 0.069 3.89 507.0
2457909.94255 19.784 0.128 4.90 789.0
2457910.64400 19.624 0.092 4.77 527.0
2457910.77674 19.612 0.079 4.20 507.0
2457910.89414 19.563 0.081 4.63 479.0
2457911.61105 19.423 0.141 7.42 687.0
2457911.71870 19.466 0.115 6.46 564.0
2457916.76682 19.542 0.103 3.58 1417.0
2457917.59214 19.303 0.106 6.69 602.0
2457917.70667 19.591 0.090 4.75 513.0
2457917.92318 19.445 0.170 7.49 958.0
2457922.69015 19.536 0.071 4.72 369.0
2457923.57242 19.703 0.126 6.38 493.0
2457923.70878 19.501 0.099 6.33 396.0
2457923.90134 19.556 0.117 6.30 538.0
2457924.60224 19.616 0.077 4.62 379.0
2457924.72823 19.585 0.078 4.16 404.0
2457924.83658 19.569 0.076 4.28 462.0
2457925.62603 19.716 0.100 5.64 377.0
2457925.76230 19.601 0.099 5.78 365.0
2457925.88308 19.697 0.103 5.66 492.0
2457926.65178 19.467 0.073 5.37 335.0
2457926.79709 19.418 0.078 5.37 403.0
2457928.64147 19.596 0.096 5.70 428.0
2457932.68149 19.463 0.089 6.12 379.0
2457932.80329 19.734 0.107 5.97 375.0
2457933.66171 19.601 0.113 7.13 323.0
2457933.79363 19.708 0.122 6.87 352.0
2457933.83920 19.441 0.100 6.95 388.0
2457933.85315 19.496 0.125 7.54 425.0
2457934.59540 19.512 0.084 5.66 389.0
2457934.71748 19.622 0.078 4.78 361.0
2457934.82610 19.547 0.098 6.34 358.0
2457935.56623 19.573 0.089 5.44 402.0
2457935.69792 19.656 0.081 4.73 360.0
2457935.80730 19.543 0.061 4.47 326.0
2457935.88627 19.551 0.069 4.51 387.0
2457936.55837 19.434 0.075 5.28 396.0
2457936.68540 19.706 0.086 5.40 321.0
2457936.81505 19.579 0.075 5.05 312.0
2457937.50010 19.295 0.092 6.44 583.0
2457937.61134 19.784 0.091 4.62 384.0
2457937.73320 19.503 0.078 5.45 361.0
2457938.52362 19.462 0.116 6.29 583.0
2457938.63970 19.405 0.119 7.62 477.0
2457944.49701 19.764 0.152 5.82 788.0
2457944.54761 19.535 0.099 4.70 760.0
2457944.58919 19.475 0.086 4.55 690.0
2457944.70020 19.548 0.097 4.68 612.0
2457944.75791 19.237 0.093 6.07 662.0
2457944.80066 19.617 0.132 5.44 754.0
2457944.84053 19.833 0.229 6.99 1065.0
2457945.53238 19.490 0.100 5.59 589.0
2457945.64241 19.615 0.069 3.70 465.0
2457945.75453 19.510 0.070 4.20 505.0
2457946.47469 19.274 0.095 7.00 446.0
2457946.58669 19.552 0.080 4.68 450.0
2457946.71558 19.472 0.082 5.36 428.0
2457946.82768 19.505 0.103 5.79 515.0
2457947.57007 19.666 0.098 5.61 383.0
2457947.73147 19.591 0.118 6.71 423.0
2457948.47216 19.637 0.145 7.49 465.0
2457948.59081 19.592 0.072 4.69 339.0
2457948.70545 19.911 0.105 4.41 484.0
2457948.83616 19.494 0.107 6.39 548.0
2457949.63673 19.642 0.100 5.70 434.0
2457949.75779 19.573 0.116 5.41 698.0
2457952.78313 19.657 0.115 6.77 342.0
2457953.54152 19.523 0.063 4.31 353.0
2457953.80032 19.619 0.088 5.47 366.0
2457954.55873 19.597 0.074 4.46 378.0
2457954.70405 19.609 0.063 3.98 395.0
2457955.76423 19.542 0.068 4.68 352.0
2457956.54784 19.509 0.074 4.90 410.0
2457956.68748 19.656 0.073 4.30 349.0
2457956.80393 19.452 0.077 5.42 394.0
2457957.72713 19.473 0.081 5.96 364.0
2457958.62935 19.693 0.108 6.18 355.0
2457959.49144 19.402 0.072 5.42 381.0
2457959.59937 19.723 0.083 4.89 337.0
2457959.71581 19.595 0.073 5.10 321.0
2457960.59989 19.555 0.071 5.01 357.0
2457960.72151 19.549 0.079 5.36 335.0
2457961.54772 19.595 0.079 4.94 447.0
2457961.64895 19.496 0.070 4.92 370.0
2457962.48791 19.582 0.071 4.68 371.0
2457964.55057 19.520 0.088 5.26 448.0
2457964.66002 19.427 0.064 4.51 388.0
2457965.64236 19.719 0.087 4.53 420.0
2457966.49827 19.540 0.130 7.18 477.0
2457966.60134 19.660 0.097 5.58 365.0
2457966.71301 19.471 0.091 6.31 363.0
2457967.63340 19.406 0.087 5.99 436.0
2457967.72325 19.769 0.127 6.02 468.0
2457971.48798 19.887 0.189 6.31 804.0
2457971.54077 19.373 0.105 5.76 787.0
2457971.58372 19.568 0.109 5.26 660.0
2457971.62890 19.669 0.115 4.78 734.0
2457971.71991 19.572 0.109 4.79 813.0
2457972.50260 19.378 0.151 7.92 736.0
2457972.54895 19.494 0.148 6.96 699.0
2457972.59184 19.647 0.139 6.19 645.0
2457972.64583 19.596 0.124 5.49 675.0
2457972.69858 19.640 0.125 5.16 726.0
2457972.74461 19.543 0.147 5.95 896.0
2457973.61950 19.403 0.090 5.32 619.0
2457974.47666 19.370 0.105 6.74 542.0
2457974.59780 19.425 0.089 5.60 481.0
2457974.71344 19.422 0.090 4.94 592.0
2457975.65970 19.476 0.112 6.92 430.0
2457979.59573 19.701 0.078 4.34 402.0
2457980.51900 19.550 0.104 6.01 457.0
2457981.58543 19.545 0.091 5.32 443.0
2457982.47703 19.425 0.104 6.09 565.0
2457983.53251 19.663 0.111 6.46 388.0
2457983.64238 19.555 0.072 4.61 357.0
2457984.55987 19.422 0.087 5.87 372.0
2457987.49422 19.525 0.064 3.98 396.0
2457987.63251 19.456 0.062 4.11 395.0
2457990.56236 19.506 0.082 5.17 402.0
2457991.48022 19.755 0.109 5.31 497.0
2457992.53020 19.606 0.075 4.62 397.0
2457994.51072 19.537 0.091 5.33 441.0
2457998.50938 19.281 0.128 4.64 1993.0
2458000.47977 19.353 0.096 5.57 671.0
2458000.52170 19.589 0.129 6.55 550.0
2458000.62175 19.662 0.141 6.20 681.0
2458003.53625 19.646 0.160 7.11 549.0
2458008.52044 19.522 0.091 5.78 407.0
2458012.48530 19.457 0.077 4.61 538.0
2458013.48917 19.648 0.088 4.80 453.0
2458014.49874 19.546 0.099 5.82 415.0
2458015.49638 19.495 0.099 6.28 414.0
2458016.51416 19.407 0.097 6.31 465.0
2458017.53942 19.653 0.081 4.68 415.0
2458018.56488 19.545 0.080 5.21 401.0
2458020.51406 19.420 0.086 5.19 416.0
2458021.55823 19.450 0.081 5.23 455.0
2458026.50157 19.752 0.150 4.59 1199.0
2458026.55430 19.401 0.088 4.19 953.0
2458029.56302 19.905 0.134 4.54 698.0
2458032.53452 19.378 0.111 6.27 654.0
2458035.54921 19.498 0.103 5.80 505.0
2458039.51778 19.519 0.112 6.37 500.0
2458040.56409 19.348 0.105 6.39 594.0
2458048.50238 19.487 0.077 4.56 472.0
2458153.88335 19.510 0.126 5.01 1262.0
2458155.88099 19.728 0.153 5.87 943.0
2458161.89112 19.636 0.186 5.12 2113.0
2458163.85722 19.319 0.086 6.39 658.0
2458164.87662 19.694 0.115 5.89 463.0
2458165.86407 19.460 0.079 5.19 473.0
2458166.85686 19.664 0.120 6.46 475.0
2458166.89587 19.519 0.107 5.61 710.0
2458167.88113 19.605 0.096 5.62 428.0
2458168.85228 19.515 0.085 5.37 423.0
2458169.83682 19.312 0.083 6.11 468.0
2458169.87572 19.455 0.091 5.88 458.0
2458170.85884 19.537 0.075 4.83 422.0
2458170.89777 19.590 0.119 4.30 1168.0
2458171.86787 19.469 0.079 5.27 439.0
2458172.82979 19.680 0.107 5.74 470.0
2458172.87827 19.691 0.092 4.44 473.0
2458173.83959 19.597 0.098 5.62 541.0
2458173.88970 19.518 0.071 4.27 475.0
2458174.85051 19.584 0.098 5.37 558.0
2458174.89874 19.507 0.078 3.83 734.0
2458175.84894 19.669 0.093 5.38 431.0
2458175.89766 19.441 0.081 4.40 674.0
2458176.84220 19.644 0.092 4.96 464.0
2458176.89113 19.513 0.079 4.74 449.0
2458181.83475 19.782 0.121 4.87 679.0
2458181.88627 19.489 0.092 4.95 580.0
2458182.88115 19.708 0.097 4.61 544.0
2458183.88624 19.566 0.090 5.16 497.0
2458184.85878 19.587 0.102 5.09 609.0
2458185.82691 19.299 0.090 5.66 719.0
2458185.86703 19.528 0.162 7.48 655.0
2458189.78624 19.462 0.082 5.60 446.0
2458189.89960 19.427 0.067 4.46 423.0
2458190.88264 19.495 0.057 4.02 346.0
2458191.86941 19.394 0.070 5.08 386.0
2458192.85892 19.608 0.083 4.98 389.0
2458193.83580 19.669 0.122 7.12 361.0
2458194.79785 19.409 0.078 5.68 364.0
2458195.77262 19.622 0.129 7.28 430.0
2458195.89137 19.517 0.059 3.91 342.0
2458196.84923 19.531 0.079 5.03 352.0
2458197.80245 19.652 0.095 5.65 384.0
2458198.76010 19.624 0.091 5.77 402.0
2458198.87460 19.680 0.091 4.71 436.0
2458199.81121 19.598 0.073 4.59 345.0
2458200.80064 19.445 0.073 5.28 411.0
2458201.84240 19.568 0.085 5.43 365.0
2458202.77913 19.410 0.073 5.11 440.0
2458203.82781 19.475 0.064 4.31 362.0
2458204.75990 19.710 0.154 7.40 558.0
2458204.87570 19.433 0.081 5.94 357.0
2458205.80539 19.491 0.102 6.29 445.0
2458206.74112 19.681 0.139 6.39 658.0
2458206.84738 19.645 0.071 4.05 435.0
2458207.76745 19.482 0.092 5.47 610.0
2458207.87459 19.521 0.069 4.34 438.0
2458208.79409 19.753 0.104 4.16 675.0
2458208.91273 19.491 0.077 3.90 566.0
2458209.82230 19.689 0.090 4.34 553.0
2458210.72174 19.547 0.147 6.81 844.0
2458210.83522 19.394 0.086 5.23 560.0
2458211.84872 19.546 0.076 4.18 540.0
2458212.74895 19.707 0.122 5.18 764.0
2458212.84141 19.575 0.078 3.96 606.0
2458217.91116 19.507 0.079 5.20 391.0
2458220.80907 19.503 0.083 6.20 318.0
2458221.72845 19.631 0.093 6.09 339.0
2458221.83884 19.659 0.070 4.07 319.0
2458222.73364 19.271 0.064 5.75 371.0
2458222.87256 19.639 0.104 5.98 376.0
2458223.84704 19.618 0.087 5.34 355.0
2458224.72757 19.579 0.093 5.25 434.0
2458227.81349 19.488 0.062 4.53 317.0
2458228.73399 19.508 0.086 5.98 397.0
2458228.86633 19.771 0.099 5.37 356.0
2458229.75349 19.386 0.056 4.49 329.0
2458230.74829 19.453 0.079 5.68 355.0
2458232.87235 19.364 0.061 4.18 367.0
2458236.69882 19.435 0.083 4.80 629.0
2458238.69048 19.324 0.102 5.43 937.0
2458244.67078 19.431 0.099 6.30 525.0
2458246.69394 19.647 0.143 7.31 460.0
2458246.80792 19.497 0.094 5.65 486.0
2458247.72578 19.733 0.094 5.26 353.0
2458248.72738 19.870 0.141 6.35 394.0
2458249.69337 19.564 0.119 7.25 400.0
2458249.80466 19.498 0.066 4.55 373.0
2458250.74763 19.662 0.065 4.10 341.0
2458251.67171 19.749 0.124 6.50 392.0
2458252.94175 19.354 0.095 4.69 924.0
2458253.72948 19.529 0.065 4.47 347.0
2458254.74615 19.614 0.060 3.56 380.0
2458254.89706 19.546 0.058 3.53 425.0
2458255.68971 19.753 0.093 4.80 366.0
2458255.84400 19.547 0.074 4.41 419.0
2458256.62087 19.386 0.118 7.62 468.0
2458256.73040 19.381 0.089 6.64 367.0
2458256.86380 19.699 0.090 4.54 440.0
2458257.68170 19.391 0.076 5.59 389.0
2458257.79491 19.506 0.083 5.49 350.0
2458257.93182 19.410 0.064 4.03 477.0
2458258.77429 19.555 0.080 5.33 343.0
2458260.66977 19.531 0.073 4.47 471.0
2458261.65705 19.679 0.089 4.65 431.0
2458261.78235 19.559 0.074 4.47 348.0
2458261.93552 19.779 0.100 4.02 552.0
2458262.64308 19.517 0.074 4.91 391.0
2458262.75838 19.527 0.067 4.37 358.0
2458262.89517 19.488 0.057 3.73 377.0
2458263.68342 19.541 0.066 3.88 448.0
2458264.69980 19.487 0.066 3.90 524.0
2458265.59233 19.852 0.174 6.16 823.0
2458265.71431 19.460 0.092 5.52 537.0
2458266.71786 19.440 0.108 5.99 630.0
2458271.59729 19.828 0.179 6.56 716.0
2458271.70803 19.247 0.110 5.87 1011.0
2458272.70600 19.561 0.087 5.04 462.0
2458273.67508 19.567 0.067 4.15 397.0
2458274.65241 19.293 0.095 7.39 368.0
2458275.65613 19.436 0.074 5.39 355.0
2458275.79110 19.545 0.068 4.29 408.0
2458275.90793 19.623 0.096 4.44 599.0
2458276.65191 19.528 0.074 5.11 357.0
2458276.77943 19.652 0.080 4.76 387.0
2458277.58179 19.472 0.075 4.91 451.0
2458278.64596 19.527 0.078 5.12 398.0
2458282.55200 19.844 0.154 6.66 443.0
2458282.67488 19.630 0.063 4.25 295.0
2458282.81529 19.486 0.072 5.24 358.0
2458282.92489 19.668 0.088 4.72 457.0
2458283.62661 19.684 0.100 5.92 337.0
2458283.76276 19.457 0.074 5.36 354.0
2458283.87341 19.572 0.115 6.53 443.0
2458284.59787 19.646 0.088 5.34 352.0
2458284.72901 19.407 0.064 5.14 325.0
2458284.84322 19.691 0.069 4.15 329.0
2458285.74498 19.504 0.077 5.55 335.0
2458286.56464 19.499 0.089 6.33 339.0
2458286.68763 19.530 0.070 5.15 287.0
2458286.83927 19.652 0.079 4.87 337.0
2458287.55125 19.744 0.098 5.37 389.0
2458287.81738 19.528 0.064 4.88 295.0
2458288.52838 19.951 0.160 6.53 435.0
2458288.64499 19.588 0.065 4.58 300.0
2458288.79073 19.551 0.063 4.40 312.0
2458289.52464 19.614 0.126 6.65 536.0
2458289.65066 19.621 0.069 4.49 335.0
2458289.79593 19.428 0.085 6.17 369.0
2458289.90385 19.849 0.126 5.56 511.0
2458290.63447 19.573 0.075 4.66 372.0
2458290.79263 19.383 0.072 5.15 409.0
2458291.55538 19.383 0.084 4.68 909.0
2458291.69734 19.637 0.089 4.67 442.0
2458291.82902 19.512 0.071 4.41 405.0
2458292.57131 19.501 0.095 5.68 469.0
2458292.69174 19.615 0.118 5.58 716.0
2458292.85235 19.551 0.086 4.96 439.0
2458293.57418 19.456 0.101 5.91 528.0
2458293.72148 19.488 0.090 5.43 499.0
2458294.60366 19.444 0.127 6.68 738.0
2458294.73360 19.816 0.240 7.92 675.0
2458299.51259 19.469 0.145 6.54 915.0
2458303.62026 19.720 0.143 7.46 382.0
2458304.59720 19.702 0.152 7.57 418.0
2458304.71747 19.495 0.131 7.63 504.0
2458305.59716 19.748 0.152 8.08 350.0
2458305.74271 19.668 0.102 5.93 371.0
2458306.63861 19.767 0.128 6.75 378.0
2458306.74967 19.479 0.121 7.59 401.0
2458306.84171 19.651 0.132 6.82 494.0
2458307.57460 19.540 0.078 5.02 421.0
2458307.69998 19.560 0.068 4.61 325.0
2458307.81874 19.497 0.085 5.45 403.0
2458308.53367 19.466 0.073 5.68 333.0
2458308.65331 19.529 0.057 4.11 288.0
2458308.77442 19.706 0.088 4.42 417.0
2458309.50507 19.549 0.087 5.89 381.0
2458309.62966 19.486 0.063 4.64 316.0
2458309.75256 19.577 0.065 4.14 380.0
2458310.47189 19.288 0.090 6.20 499.0
2458310.56912 19.448 0.075 5.49 384.0
2458310.65818 19.499 0.065 4.70 386.0
2458310.74613 19.718 0.100 5.79 369.0
2458311.48638 20.004 0.167 6.83 431.0
2458311.59876 19.308 0.055 4.99 300.0
2458311.73052 19.483 0.064 4.57 339.0
2458311.83530 19.643 0.095 4.96 499.0
2458312.56606 19.452 0.072 5.25 352.0
2458312.70950 19.620 0.066 4.37 327.0
2458312.83108 19.598 0.075 4.87 381.0
2458313.56815 19.566 0.060 4.49 307.0
2458313.68953 19.497 0.060 4.01 343.0
2458313.79887 19.599 0.073 3.83 444.0
2458314.53419 19.452 0.070 4.89 374.0
2458314.65573 19.586 0.077 4.83 365.0
2458314.77426 19.625 0.072 4.34 334.0
2458316.53306 19.557 0.087 5.32 410.0
2458316.64926 19.444 0.090 6.41 367.0
2458320.47051 19.568 0.148 7.29 644.0
2458320.59223 19.693 0.127 7.02 402.0
2458320.71520 19.547 0.075 4.92 358.0
2458321.50716 19.492 0.101 5.50 609.0
2458328.47155 19.394 0.128 6.64 697.0
2458328.58316 19.518 0.093 4.99 582.0
2458328.69739 19.305 0.119 6.94 647.0
2458329.48652 19.425 0.082 5.15 456.0
2458329.60589 19.498 0.094 5.57 522.0
2458329.71599 19.403 0.066 3.95 554.0
2458330.52659 19.842 0.094 4.88 430.0
2458331.50275 19.663 0.086 4.96 370.0
2458331.63489 19.688 0.101 5.78 396.0
2458332.50392 19.566 0.099 5.90 418.0
2458332.63697 19.564 0.094 5.69 445.0
2458333.49370 19.540 0.087 5.11 466.0
2458333.62733 19.643 0.072 4.72 333.0
2458334.52752 19.306 0.059 4.47 422.0
2458334.66003 19.644 0.083 4.85 388.0
2458335.66730 19.680 0.093 5.36 367.0
2458336.55366 19.642 0.070 4.22 313.0
2458336.68128 19.506 0.056 4.02 293.0
2458338.55699 19.493 0.087 5.93 376.0
2458338.74321 19.464 0.086 5.75 402.0
2458339.58810 19.531 0.059 4.36 300.0
2458340.49083 19.585 0.088 5.09 405.0
2458340.67209 19.627 0.078 4.83 338.0
2458341.57098 19.442 0.061 4.41 335.0
2458342.47538 19.581 0.104 5.46 504.0
2458342.62235 19.824 0.110 5.41 380.0
2458344.49128 19.589 0.090 4.98 417.0
2458344.62207 19.465 0.072 4.83 376.0
2458345.52353 19.539 0.101 5.81 440.0
2458345.69084 19.525 0.058 3.83 314.0
2458346.56230 19.519 0.068 4.56 323.0
2458347.47696 19.896 0.136 5.67 442.0
2458347.60403 19.506 0.063 4.54 308.0
2458348.53312 19.235 0.081 5.86 430.0
2458349.50191 19.414 0.115 7.02 459.0
2458349.63534 19.734 0.129 6.14 401.0
2458353.58106 19.479 0.154 6.91 892.0
2458355.51057 19.330 0.085 5.76 547.0
2458355.67633 19.538 0.096 4.97 624.0
2458356.64406 19.590 0.073 3.68 566.0
2458357.54142 19.695 0.108 5.01 522.0
2458358.51917 19.561 0.103 5.23 546.0
2458358.68321 19.491 0.108 5.93 561.0
2458359.57805 19.592 0.090 5.01 455.0
2458360.53200 19.699 0.124 6.50 417.0
2458360.64655 19.565 0.108 5.48 537.0
2458363.51405 19.552 0.093 5.90 405.0
2458363.68675 19.463 0.082 6.17 355.0
2458364.60208 19.482 0.063 4.48 376.0
2458366.53374 19.484 0.092 6.07 374.0
2458367.54004 19.400 0.066 4.66 364.0
2458368.50927 19.552 0.070 4.37 365.0
2458368.67427 19.602 0.066 3.98 402.0
2458369.62792 19.673 0.075 3.88 372.0
2458370.62231 19.645 0.078 4.23 385.0
2458371.57323 19.619 0.069 4.09 351.0
2458372.53472 19.649 0.089 4.85 387.0
2458373.52337 19.499 0.085 5.27 375.0
2458375.55357 19.326 0.081 5.89 417.0
2458376.48507 19.594 0.141 8.01 456.0
2458376.61540 20.007 0.196 7.11 441.0
2458377.54511 19.373 0.116 6.33 757.0
2458381.49333 19.160 0.145 5.97 1865.0
2458382.50209 19.577 0.076 3.97 543.0
2458382.61287 19.415 0.072 3.66 697.0
2458383.53264 19.449 0.082 4.51 591.0
2458383.62510 19.725 0.144 5.67 753.0
2458384.58021 19.733 0.114 4.67 642.0
2458385.48608 19.401 0.067 3.85 592.0
2458385.60338 19.564 0.065 3.36 590.0
2458387.48514 20.000 0.157 4.94 656.0
2458392.49010 19.391 0.122 7.82 442.0
2458392.61272 19.740 0.111 5.93 404.0
2458393.56670 19.752 0.141 6.63 410.0
2458394.52165 20.043 0.169 5.94 422.0
2458397.57020 19.429 0.087 6.52 367.0
2458399.52293 19.595 0.111 6.00 407.0
2458401.58541 19.391 0.071 4.60 470.0
2458409.54340 19.468 0.125 6.51 694.0
2458411.53750 19.437 0.125 6.49 704.0
2458413.53346 19.702 0.141 4.93 756.0
2458414.55746 20.052 0.226 6.12 790.0
2458418.50255 19.397 0.119 6.35 598.0
2458419.52984 19.356 0.087 5.22 547.0
2458424.52831 19.426 0.095 5.19 608.0
2458521.88342 19.623 0.127 5.88 789.0
2458522.87796 19.528 0.098 5.86 540.0
2458523.88143 19.558 0.091 5.31 487.0
2458526.87275 19.583 0.139 7.85 426.0
2458529.85998 19.870 0.121 5.37 453.0
2458531.88957 19.346 0.101 5.40 817.0
2458534.84889 19.529 0.100 4.88 717.0
2458535.87613 19.799 0.130 5.60 582.0
2458536.85318 19.576 0.094 4.90 604.0
2458537.85036 19.518 0.098 5.75 501.0
2458538.86411 19.406 0.072 5.07 474.0
2458539.86235 19.668 0.105 5.15 523.0
2458539.90263 19.482 0.136 4.97 1509.0
2458540.88511 19.703 0.139 4.77 981.0
2458544.84922 19.398 0.058 4.68 359.0
2458544.88552 19.408 0.061 5.00 348.0
2458546.85337 19.383 0.061 4.72 367.0
2458546.90278 19.633 0.098 4.97 571.0
2458547.85790 19.587 0.086 5.60 369.0
2458548.81830 19.495 0.070 4.43 478.0
2458548.86671 19.664 0.076 4.42 406.0
2458549.85418 19.691 0.092 5.43 374.0
2458550.82749 19.487 0.064 4.57 350.0
2458550.86669 19.653 0.080 4.96 368.0
2458551.83776 19.500 0.102 7.27 368.0
2458551.87712 19.492 0.089 6.20 355.0
2458552.85891 19.213 0.087 7.41 370.0
2458552.89832 19.425 0.094 6.98 365.0
2458553.82944 19.795 0.142 6.93 390.0
2458553.87580 19.441 0.102 7.08 386.0
2458554.81069 19.200 0.068 5.92 395.0
2458554.85279 19.591 0.079 4.86 388.0
2458554.90243 19.932 0.118 5.44 404.0
2458555.81377 19.365 0.064 5.02 391.0
2458556.78663 19.429 0.075 5.25 370.0
2458556.83497 19.453 0.070 5.04 364.0
2458556.87506 19.499 0.068 4.97 359.0
2458557.79661 19.706 0.122 6.63 384.0
2458557.84245 19.824 0.098 5.11 362.0
2458557.89457 19.521 0.077 5.22 359.0
2458558.79578 19.618 0.097 5.53 409.0
2458558.84489 19.464 0.066 4.64 378.0
2458558.88457 19.419 0.068 5.50 343.0
2458559.78920 19.560 0.101 6.36 406.0
2458559.82907 19.567 0.071 4.74 357.0
2458560.78214 19.421 0.077 5.05 553.0
2458560.83871 19.474 0.061 4.41 372.0
2458560.87808 19.526 0.066 4.27 381.0
2458561.79276 19.349 0.086 5.68 571.0
2458561.83243 19.579 0.089 4.95 513.0
2458561.88412 19.552 0.099 5.86 393.0
2458562.77931 19.567 0.126 6.29 674.0
2458562.83080 19.430 0.120 6.55 644.0
2458562.87706 19.740 0.133 5.93 569.0
2458563.77141 19.540 0.110 5.37 794.0
2458563.80879 19.557 0.112 5.90 679.0
2458563.86677 19.456 0.075 4.37 589.0
2458564.81417 19.602 0.089 4.74 557.0
2458564.85600 19.478 0.068 4.03 532.0
2458564.90613 19.411 0.075 4.47 565.0
2458565.80643 19.489 0.091 5.12 603.0
2458565.86316 19.545 0.101 5.13 550.0
2458565.90753 19.366 0.073 4.36 578.0
2458566.82326 19.349 0.076 5.17 566.0
2458566.86455 19.605 0.084 4.63 512.0
2458567.76679 19.605 0.107 4.91 785.0
2458567.79611 19.657 0.115 4.32 974.0
2458567.83689 19.479 0.079 4.53 575.0
2458567.87675 19.476 0.090 5.14 555.0
2458573.85948 19.375 0.106 7.36 396.0
2458573.89912 19.701 0.104 5.81 387.0
2458574.74095 19.526 0.116 7.38 377.0
2458574.85012 19.704 0.110 6.52 343.0
2458574.90002 19.473 0.076 5.86 332.0
2458575.74386 19.470 0.093 6.40 375.0
2458575.79336 19.309 0.073 6.15 352.0
2458575.83212 19.503 0.086 6.22 342.0
2458575.88072 19.514 0.080 5.67 357.0
2458575.92178 19.625 0.108 4.64 723.0
2458576.80663 19.493 0.106 7.40 373.0
2458576.84545 19.508 0.088 6.12 353.0
2458576.89424 19.655 0.113 7.00 335.0
2458577.72059 19.403 0.129 8.11 457.0
2458577.81220 19.762 0.155 7.47 426.0
2458577.88069 19.606 0.118 6.87 453.0
2458578.71774 19.693 0.122 6.57 417.0
2458578.75205 19.247 0.067 5.45 401.0
2458578.80106 19.632 0.086 5.24 400.0
2458578.85141 19.538 0.082 5.49 407.0
2458578.91056 19.394 0.076 5.70 390.0
2458579.72932 19.410 0.105 6.77 468.0
2458579.77901 19.574 0.098 5.79 469.0
2458579.81478 19.523 0.099 5.78 460.0
2458579.87688 19.627 0.106 6.00 470.0
2458579.91884 19.445 0.080 4.77 582.0
2458580.75071 19.780 0.116 6.02 399.0
2458580.79594 19.477 0.078 5.59 390.0
2458580.84469 19.505 0.081 5.68 392.0
2458580.89480 19.546 0.076 5.01 403.0
2458581.72901 19.524 0.077 5.63 405.0
2458581.82304 19.563 0.071 4.73 356.0
2458582.70846 19.577 0.102 6.36 372.0
2458582.77288 19.614 0.098 6.04 370.0
2458582.89619 19.613 0.076 4.35 402.0
2458583.73124 19.431 0.085 6.10 398.0
2458583.83633 19.600 0.070 4.53 384.0
2458584.72332 19.522 0.073 5.02 397.0
2458584.79726 19.512 0.060 4.25 338.0
2458585.70325 19.522 0.098 6.34 415.0
2458585.76844 19.484 0.074 5.62 373.0
2458585.89372 19.576 0.067 4.06 377.0
2458586.72053 19.448 0.080 5.94 369.0
2458586.81150 19.526 0.068 4.87 324.0
2458587.69582 19.453 0.109 6.75 507.0
2458587.74559 19.517 0.086 6.16 386.0
2458587.88115 19.598 0.072 4.40 392.0
2458588.71849 19.706 0.106 5.92 464.0
2458588.81634 19.589 0.063 4.24 329.0
2458589.69358 19.530 0.108 5.45 681.0
2458589.76134 19.506 0.078 4.39 519.0
2458589.89211 19.501 0.073 5.01 380.0
2458590.71684 19.535 0.087 4.92 611.0
2458590.80802 19.681 0.074 3.77 498.0
2458591.69461 19.480 0.102 5.59 737.0
2458591.75711 19.386 0.080 5.04 610.0
2458591.88877 19.543 0.081 3.93 698.0
2458592.80841 19.739 0.121 5.17 655.0
2458593.68130 19.252 0.132 6.91 1036.0
2458593.77915 19.389 0.127 5.63 1420.0
2458594.71668 19.614 0.118 5.33 745.0
2458594.83248 19.295 0.061 3.96 616.0
2458595.74356 19.862 0.214 7.16 775.0
2458595.91537 19.713 0.132 5.35 748.0
2458599.71906 19.404 0.096 6.21 489.0
2458599.77504 19.513 0.094 6.06 435.0
2458599.83050 19.631 0.080 4.82 412.0
2458599.90929 19.507 0.071 4.74 420.0
2458600.67644 19.567 0.097 5.85 394.0
2458600.77460 19.570 0.073 4.89 381.0
2458600.92151 19.542 0.071 4.24 466.0
2458601.71308 19.511 0.072 4.86 397.0
2458601.90747 19.450 0.057 3.48 472.0
2458602.70477 19.525 0.059 4.33 327.0
2458602.87258 19.518 0.066 4.06 384.0
2458603.67597 19.585 0.090 6.02 384.0
2458603.79886 19.482 0.060 4.29 424.0
2458604.69134 19.641 0.099 6.03 387.0
2458604.79529 19.561 0.082 5.29 344.0
2458605.65668 19.667 0.107 6.23 399.0
2458605.73439 19.403 0.065 4.98 363.0
2458605.90352 19.540 0.075 5.00 399.0
2458606.69768 19.389 0.058 4.37 360.0
2458606.84601 19.620 0.056 3.31 360.0
2458607.67307 19.615 0.079 4.96 402.0
2458607.90225 19.424 0.072 4.80 437.0
2458608.68002 19.480 0.087 5.44 509.0
2458608.88226 19.435 0.058 4.21 420.0
2458612.74505 19.615 0.101 6.14 334.0
2458612.85444 19.546 0.104 6.25 395.0
2458613.64681 20.018 0.180 6.81 434.0
2458613.73796 19.318 0.063 4.99 378.0
2458613.89027 19.491 0.067 4.15 467.0
2458614.66837 19.482 0.103 6.24 479.0
2458614.78988 19.567 0.081 4.64 436.0
2458614.93063 19.562 0.107 5.97 517.0
2458615.74106 19.644 0.103 6.06 368.0
2458615.90155 19.781 0.095 5.25 400.0
2458616.66500 19.422 0.068 4.86 447.0
2458616.80089 19.567 0.051 3.26 362.0
2458617.64111 19.558 0.086 5.11 500.0
2458617.70941 19.541 0.072 4.54 433.0
2458617.89066 19.639 0.080 4.49 480.0
2458618.66055 19.463 0.087 5.60 508.0
2458618.79690 19.423 0.083 5.28 515.0
2458619.63064 19.351 0.105 6.54 593.0
2458619.69981 19.507 0.101 6.15 479.0
2458619.88083 19.500 0.085 5.74 372.0
2458620.65360 19.590 0.114 6.01 546.0
2458620.79398 19.583 0.084 4.63 476.0
2458621.67024 19.387 0.129 6.62 741.0
2458621.80220 19.499 0.106 5.30 718.0
2458621.92879 19.953 0.175 5.03 892.0
2458626.64518 19.826 0.186 7.04 655.0
2458626.69464 19.554 0.140 7.24 601.0
2458626.74568 19.353 0.080 5.36 573.0
2458626.81050 19.451 0.079 4.65 592.0
2458626.86023 19.878 0.130 4.84 634.0
2458626.91070 19.591 0.100 4.79 647.0
2458627.69908 19.545 0.068 4.67 373.0
2458627.77337 19.574 0.077 4.65 534.0
2458635.68059 19.597 0.090 5.88 342.0
2458635.82866 19.508 0.082 5.47 399.0
2458636.56941 19.631 0.104 5.81 446.0
2458636.64033 19.363 0.071 5.57 372.0
2458636.78470 19.570 0.060 3.96 320.0
2458636.90925 19.531 0.083 5.23 444.0
2458637.60418 19.506 0.076 5.78 350.0
2458637.74165 19.611 0.070 4.47 348.0
2458637.87029 19.634 0.070 4.02 434.0
2458638.66296 19.475 0.065 5.27 351.0
2458638.84142 19.547 0.084 5.53 384.0
2458639.67142 19.684 0.069 4.19 408.0
2458639.86449 19.590 0.070 3.94 494.0
2458640.60337 19.467 0.083 6.02 395.0
2458640.75605 19.577 0.088 5.21 394.0
2458640.88113 19.366 0.084 5.75 455.0
2458641.63898 19.641 0.083 4.89 461.0
2458642.58060 19.580 0.102 5.90 474.0
2458642.82074 19.655 0.100 5.55 443.0
2458643.54889 19.717 0.143 7.58 492.0
2458643.61989 19.505 0.063 4.23 376.0
2458643.75167 19.711 0.074 4.47 350.0
2458643.86260 19.433 0.076 5.32 398.0
2458644.56245 19.719 0.122 6.02 490.0
2458644.65610 19.372 0.065 5.06 361.0
2458644.78124 19.517 0.086 5.65 409.0
2458644.88999 19.638 0.114 5.74 452.0
2458645.65436 19.478 0.094 5.94 418.0
2458646.60807 19.521 0.115 6.97 417.0
2458646.70086 19.561 0.101 6.13 402.0
2458646.80700 19.432 0.082 5.94 374.0
2458647.59525 19.510 0.105 6.09 532.0
2458647.66198 19.719 0.118 5.88 477.0
2458647.78317 19.540 0.101 5.71 483.0
2458648.59765 19.804 0.181 7.31 640.0
2458648.66624 19.563 0.101 5.55 531.0
2458648.78810 19.601 0.117 6.11 556.0
2458648.89703 19.215 0.077 6.26 475.0
2458649.61590 19.729 0.162 6.41 704.0
2458654.52760 19.604 0.148 5.31 1450.0
2458655.63356 19.510 0.076 4.18 763.0
2458655.80870 19.484 0.114 5.39 1017.0
2458656.64439 19.785 0.107 5.72 448.0
2458656.75464 19.553 0.070 4.76 442.0
2458656.87294 19.491 0.095 5.78 556.0
2458657.59399 19.639 0.083 5.05 345.0
2458657.70116 19.429 0.064 4.55 354.0
2458657.82253 19.496 0.067 4.59 374.0
2458658.54264 19.581 0.103 6.71 340.0
2458660.51139 19.538 0.091 5.92 383.0
2458660.59367 19.325 0.070 5.74 325.0
2458660.74961 19.716 0.083 5.00 349.0
2458660.88537 19.752 0.133 6.52 551.0
2458661.60982 19.728 0.104 5.88 344.0
2458662.57230 19.652 0.128 7.31 426.0
2458662.66884 19.467 0.091 6.63 345.0
2458664.53464 19.685 0.104 6.11 344.0
2458664.64458 19.455 0.055 4.52 270.0
2458664.78103 19.541 0.069 4.92 423.0
2458665.59301 19.457 0.075 5.46 442.0
2458666.55072 19.508 0.102 5.98 499.0
2458666.68091 19.859 0.100 5.27 322.0
2458667.51020 19.757 0.155 6.38 611.0
2458667.57917 19.732 0.152 7.57 422.0
2458667.70910 19.424 0.061 4.87 317.0
2458667.83441 19.523 0.080 5.63 389.0
2458668.55720 19.453 0.099 7.15 357.0
2458668.70723 19.490 0.063 4.49 297.0
2458668.83556 19.623 0.092 5.91 353.0
2458669.52532 19.494 0.103 6.25 485.0
2458669.67412 19.362 0.070 5.47 360.0
2458669.80390 19.534 0.073 4.84 393.0
2458670.50227 19.556 0.098 6.24 439.0
2458670.60299 19.575 0.060 4.15 312.0
2458670.75400 19.624 0.057 4.05 291.0
2458671.67462 19.240 0.083 7.17 325.0
2458673.60108 19.418 0.063 4.49 397.0
2458673.75128 19.388 0.062 4.81 354.0
2458674.58292 19.371 0.080 6.13 360.0
2458674.68273 19.487 0.061 4.39 324.0
2458674.80672 19.462 0.096 6.33 428.0
2458675.62099 19.915 0.112 4.07 648.0
2458675.82453 19.855 0.114 5.60 403.0
2458676.48862 19.335 0.097 5.78 667.0
2458676.56595 19.540 0.081 4.52 528.0
2458676.73911 19.415 0.080 5.25 499.0
2458676.81538 19.709 0.146 6.60 583.0
2458677.60200 19.617 0.119 5.80 623.0
2458677.78926 19.737 0.179 5.83 1212.0
2458681.49404 19.498 0.168 6.84 1132.0
2458681.57068 19.586 0.134 5.21 943.0
2458681.65213 19.782 0.151 5.33 871.0
2458682.48878 19.506 0.119 6.04 818.0
2458682.56526 19.385 0.090 5.34 642.0
2458682.77857 19.384 0.092 5.40 682.0
2458683.48960 19.573 0.120 7.02 457.0
2458683.57431 19.733 0.131 6.22 516.0
2458683.74984 19.507 0.113 6.34 511.0
2458684.49611 19.384 0.090 6.05 432.0
2458684.57694 19.705 0.104 5.03 551.0
2458684.73161 19.624 0.090 5.47 421.0
2458685.50066 19.328 0.080 6.12 422.0
2458685.65487 19.735 0.103 4.68 615.0
2458688.55393 19.374 0.108 7.53 397.0
2458688.65032 19.714 0.087 5.37 293.0
2458689.50121 19.292 0.094 6.90 426.0
2458689.58697 19.456 0.086 6.19 348.0
2458689.69846 19.529 0.073 5.30 300.0
2458690.48973 19.391 0.087 6.05 441.0
2458690.58388 19.676 0.103 5.95 375.0
2458690.72501 19.288 0.052 4.56 324.0
2458691.48758 19.585 0.070 4.38 420.0
2458691.56373 19.453 0.054 4.23 305.0
2458691.75135 19.732 0.110 5.99 379.0
2458692.49015 19.429 0.095 6.15 483.0
2458692.57824 19.620 0.077 4.62 475.0
2458692.69039 19.525 0.067 4.48 374.0
2458693.48901 19.627 0.127 7.21 388.0
2458693.62369 19.417 0.074 5.93 320.0
2458693.77161 19.391 0.088 6.28 408.0
2458694.49242 19.673 0.093 5.11 391.0
2458694.57173 19.522 0.058 4.04 350.0
2458694.65094 19.407 0.058 4.69 304.0
2458695.49231 19.593 0.086 5.47 386.0
2458695.72807 19.559 0.056 4.03 319.0
2458695.78120 19.362 0.058 4.71 371.0
2458697.56190 19.538 0.105 6.35 364.0
2458698.49189 19.347 0.069 5.65 341.0
2458698.72190 19.514 0.065 4.24 325.0
2458698.76799 19.589 0.071 4.15 354.0
2458699.49482 19.510 0.086 5.76 400.0
2458699.72135 19.453 0.060 4.32 339.0
2458699.76736 19.453 0.073 5.19 365.0
2458700.49440 19.408 0.064 4.77 382.0
2458700.73171 19.770 0.093 4.54 382.0
2458700.76858 19.445 0.078 5.09 451.0
2458701.49454 19.730 0.108 5.65 399.0
2458701.65117 19.642 0.080 4.76 364.0
2458702.49476 19.639 0.095 5.56 388.0
2458702.60818 19.458 0.076 5.92 332.0
2458702.76165 19.481 0.078 5.43 360.0
2458703.49497 19.512 0.101 6.00 470.0
2458704.55226 19.600 0.124 6.57 562.0
2458704.68392 19.288 0.088 5.81 523.0
2458708.60163 19.417 0.065 4.00 625.0
2458709.71527 19.899 0.204 4.59 1707.0
2458710.49534 19.463 0.092 5.02 654.0
2458711.49351 19.740 0.150 4.78 1107.0
2458711.60625 19.520 0.110 5.66 700.0
2458711.73306 19.751 0.204 6.71 983.0
2458712.51016 19.235 0.099 6.96 539.0
2458712.62799 19.410 0.094 6.29 462.0
2458713.49461 19.370 0.075 5.85 375.0
2458713.62101 19.360 0.080 5.63 430.0
2458713.73618 19.501 0.103 6.01 515.0
2458714.49696 19.577 0.109 6.62 379.0
2458714.64892 19.570 0.097 4.94 922.0
2458715.51270 19.770 0.109 5.85 359.0
2458715.65213 19.392 0.066 5.09 353.0
2458716.51055 19.457 0.053 3.88 325.0
2458716.72979 19.602 0.099 5.93 482.0
2458717.49588 19.529 0.098 6.45 354.0
2458717.63266 19.814 0.122 6.30 349.0
2458718.51137 19.425 0.062 4.42 360.0
2458718.64737 19.552 0.062 3.85 350.0
2458719.49305 19.455 0.098 6.48 390.0
2458719.58404 19.622 0.085 5.29 365.0
2458719.69364 19.293 0.083 7.23 410.0
2458721.50319 19.561 0.081 5.31 334.0
2458721.69014 19.517 0.084 5.78 368.0
2458722.49792 19.892 0.093 4.69 367.0
2458722.69902 19.764 0.106 6.25 320.0
2458723.60330 19.626 0.078 4.87 404.0
2458723.64347 19.467 0.078 5.33 399.0
2458724.50716 19.538 0.063 4.37 348.0
2458724.64466 19.395 0.054 4.25 327.0
2458725.51159 19.568 0.076 4.85 402.0
2458725.59686 19.887 0.111 5.75 330.0
2458726.58525 19.594 0.081 5.28 314.0
2458726.63827 19.499 0.066 4.83 286.0
2458727.53540 19.850 0.118 5.64 371.0
2458727.62018 19.500 0.084 4.95 422.0
2458728.60033 19.492 0.072 4.97 367.0
2458728.63996 19.636 0.083 4.56 355.0
2458729.50110 19.742 0.121 6.74 346.0
2458729.63869 19.631 0.087 5.07 375.0
2458730.58545 19.272 0.073 6.30 344.0
2458730.62565 19.558 0.077 5.20 337.0
2458731.53718 19.422 0.099 7.10 364.0
2458731.60516 19.726 0.133 6.99 393.0
2458736.61267 19.218 0.091 6.18 621.0
2458737.62371 19.607 0.150 6.92 637.0
2458738.59272 19.836 0.156 5.98 636.0
2458739.50797 19.450 0.097 6.10 529.0
2458741.60460 19.382 0.087 5.64 515.0
2458742.60351 19.418 0.085 5.29 511.0
2458746.59525 20.005 0.155 6.57 360.0
2458747.54742 19.429 0.084 6.31 332.0
2458748.59035 19.429 0.108 6.81 433.0
2458750.58893 19.510 0.084 5.31 389.0
2458752.59063 19.681 0.109 6.12 393.0
2458753.60603 19.409 0.091 6.03 411.0
2458754.58930 20.053 0.159 5.92 440.0
2458755.59212 19.453 0.073 4.64 402.0
2458757.57973 19.530 0.096 6.01 371.0
2458759.60262 19.698 0.154 7.35 467.0
2458763.56499 19.354 0.094 5.49 638.0
2458768.58253 19.648 0.158 6.63 684.0
2458782.55344 19.599 0.093 4.52 556.0
2458783.52141 19.684 0.102 4.56 485.0
2458783.55508 19.610 0.111 5.70 477.0
2458888.88032 19.668 0.180 6.41 999.0
2458890.87487 20.033 0.184 5.89 677.0
2458892.88857 19.697 0.134 4.64 1071.0
2458893.87658 19.476 0.089 5.31 587.0
2458900.84517 19.561 0.086 5.73 405.0
2458901.84804 19.221 0.056 5.13 367.0
2458902.84206 19.451 0.079 5.57 390.0
2458903.84037 19.488 0.116 7.14 454.0
2458904.83987 19.585 0.089 5.98 335.0
2458904.89953 19.565 0.118 5.34 867.0
2458905.89169 19.680 0.090 5.03 423.0
2458907.83589 19.500 0.079 5.11 432.0
2458907.90227 19.602 0.134 4.43 1480.0
2458908.89665 19.528 0.103 5.77 550.0
2458909.86466 19.574 0.069 4.70 335.0
2458909.89934 19.467 0.100 4.49 1054.0
2458910.81338 19.357 0.100 7.20 405.0
2458910.88522 19.262 0.084 6.59 434.0
2458911.83382 19.757 0.111 6.08 389.0
2458911.87589 19.576 0.096 6.26 372.0
2458912.80786 19.535 0.098 5.95 422.0
2458912.84826 19.587 0.084 5.68 369.0
2458912.88329 19.565 0.079 5.79 358.0
2458913.81894 19.435 0.117 7.41 405.0
2458913.85387 19.466 0.080 5.84 364.0
2458913.89766 19.413 0.106 6.83 488.0
2458914.86066 19.443 0.074 5.36 377.0
2458914.90287 19.225 0.077 5.74 597.0
2458915.84084 19.377 0.072 5.62 367.0
2458915.88376 19.459 0.065 5.39 348.0
2458916.80069 19.469 0.094 4.94 646.0
2458916.84317 19.538 0.083 4.84 529.0
2458916.87886 19.461 0.070 5.00 442.0
2458917.84749 19.583 0.089 4.48 655.0
2458917.89253 19.479 0.091 4.93 695.0
2458918.82315 19.635 0.115 5.42 717.0
2458918.86551 19.613 0.090 4.70 577.0
2458918.90077 19.510 0.080 4.84 576.0
2458919.81555 19.681 0.143 6.39 672.0
2458919.85002 19.524 0.092 5.08 581.0
2458919.89344 19.475 0.075 4.95 504.0
2458920.80667 19.676 0.119 5.16 661.0
2458920.85392 19.449 0.076 4.62 567.0
2458920.88854 19.600 0.087 4.72 517.0
2458921.79480 19.471 0.104 5.79 657.0
2458921.83178 19.430 0.077 5.26 580.0
2458921.87500 19.492 0.078 4.91 539.0
2458922.81243 19.334 0.094 5.77 657.0
2458923.79059 19.620 0.169 4.93 1901.0
2458923.81580 19.554 0.179 5.16 2044.0
2458923.82889 19.313 0.136 5.16 2076.0
2458923.84111 19.622 0.186 5.21 2145.0
2458923.86231 19.399 0.133 4.36 2284.0
2458923.87333 19.839 0.216 4.79 2293.0
2458923.88507 19.837 0.215 5.03 2423.0
2458923.89367 19.519 0.185 5.17 2495.0
2459795.60580 19.477 0.074 5.25 333.0
2459795.64554 19.706 0.084 5.47 332.0
2459795.68859 19.643 0.113 6.93 370.0
2459795.72558 19.243 0.080 6.50 410.0
2459795.76409 19.800 0.146 6.82 492.0
2459796.54481 19.378 0.089 6.58 393.0
2459796.63200 19.620 0.097 6.19 364.0
2459796.66745 19.611 0.085 5.69 360.0
2459796.71398 19.456 0.074 5.60 350.0
2459796.74866 19.317 0.065 5.61 355.0
2459797.58916 19.521 0.108 6.16 444.0
2459797.62356 19.808 0.141 6.33 440.0
2459797.68003 19.528 0.093 5.84 411.0
2459797.71794 19.311 0.080 6.02 480.0
2459797.76318 19.740 0.131 6.48 436.0
2459798.52007 19.378 0.140 7.59 837.0
2459798.71241 19.658 0.163 6.84 735.0
2459804.48642 19.653 0.106 5.15 613.0
2459804.52894 19.445 0.097 5.59 612.0
2459804.56635 19.441 0.082 5.00 553.0
2459804.60999 19.349 0.092 6.16 572.0
2459804.64594 19.710 0.136 6.31 605.0
2459804.69366 19.448 0.121 6.59 661.0
2459805.50992 19.696 0.135 7.03 426.0
2459805.55411 19.423 0.095 6.00 509.0
2459805.58989 19.486 0.083 5.06 532.0
2459805.63277 19.459 0.077 4.82 485.0
2459805.66760 19.422 0.077 5.14 517.0
2459805.70987 19.379 0.073 4.45 568.0
2459805.74431 19.376 0.107 6.60 613.0
2459806.61059 19.559 0.120 6.90 465.0
2459806.65068 19.326 0.091 6.15 477.0
2459806.69623 19.791 0.139 5.97 508.0
2459806.74846 19.165 0.083 5.96 607.0
2459807.52384 19.501 0.077 5.43 356.0
2459807.57269 19.506 0.076 5.44 362.0
2459807.63641 19.418 0.073 5.71 378.0
2459807.69396 19.628 0.093 5.63 420.0
2459807.73704 19.589 0.098 5.86 422.0
2459808.50005 19.506 0.112 7.20 359.0
2459808.56908 19.234 0.066 5.74 339.0
2459808.64817 19.501 0.084 5.65 346.0
2459808.69249 19.672 0.116 6.33 401.0
2459808.73139 19.931 0.127 5.19 425.0
2459809.59200 19.174 0.065 6.09 334.0
2459809.62746 19.313 0.068 5.76 328.0
2459810.50926 19.574 0.061 4.34 320.0
2459810.56610 19.575 0.067 5.01 331.0
2459810.70575 19.525 0.068 5.17 317.0
2459811.50664 19.456 0.083 5.89 331.0
2459811.57528 19.569 0.084 5.68 329.0
2459811.69215 19.439 0.061 4.08 336.0
2459811.73024 19.360 0.062 4.37 374.0
2459812.51406 19.452 0.080 6.00 327.0
2459812.55722 19.846 0.135 6.89 324.0
2459812.71639 19.528 0.077 4.78 337.0
2459813.50462 19.954 0.151 6.74 363.0
2459813.68896 19.373 0.073 5.68 315.0
2459813.72262 19.850 0.111 5.97 323.0
2459814.52562 19.638 0.084 5.17 365.0
2459814.57055 19.389 0.075 5.94 340.0
2459814.66966 19.587 0.107 6.49 378.0
2459814.70546 19.714 0.104 5.75 380.0
2459815.51165 19.504 0.067 4.54 345.0
2459815.55732 19.416 0.075 5.60 362.0
2459815.68486 19.649 0.084 4.92 375.0
2459816.47894 19.840 0.143 5.91 512.0
2459816.52255 19.467 0.080 5.53 369.0
2459816.55938 19.546 0.077 5.11 358.0
2459816.67204 19.270 0.054 4.52 338.0
2459817.51049 19.401 0.092 6.62 422.0
2459817.56909 19.397 0.071 5.26 428.0
2459817.62603 19.542 0.066 4.44 378.0
2459817.70097 19.268 0.054 4.25 435.0
2459818.55068 19.336 0.100 7.45 448.0
2459819.53191 19.442 0.064 4.54 446.0
2459819.59131 19.649 0.075 4.77 391.0
2459820.49778 19.540 0.077 5.10 395.0
2459820.54551 19.819 0.113 5.53 409.0
2459820.68678 19.473 0.073 4.78 384.0
2459821.52149 19.475 0.081 5.72 371.0
2459821.65832 19.593 0.084 5.28 379.0
2459822.49664 19.686 0.090 5.14 410.0
2459822.54560 19.662 0.101 6.00 391.0
2459823.55940 19.509 0.113 7.08 445.0
2459823.60665 19.322 0.077 6.11 440.0
2459824.51569 19.561 0.140 7.69 508.0
2459824.57135 19.522 0.123 7.21 528.0
2459824.68448 19.365 0.078 5.67 383.0
2459829.51844 19.798 0.215 7.47 831.0
2459829.64014 19.020 0.110 7.46 942.0
2459830.65721 19.557 0.151 6.54 906.0
2459831.51572 19.278 0.094 6.31 660.0
2459831.57638 19.495 0.113 6.42 672.0
2459831.64384 19.637 0.144 6.46 814.0
2459832.52570 19.250 0.103 7.05 678.0
2459832.57307 19.464 0.139 7.58 708.0
2459834.52022 19.661 0.096 5.16 526.0
2459834.56955 19.367 0.075 5.10 600.0
2459834.62004 19.490 0.105 6.05 647.0
2459835.53476 20.054 0.205 7.96 442.0
2459835.59788 19.433 0.111 6.73 537.0
2459835.64508 19.630 0.112 6.19 425.0
2459836.63961 19.106 0.085 7.16 546.0
2459837.65214 19.771 0.106 4.99 540.0
2459838.60297 19.729 0.090 4.73 445.0
2459840.49868 19.363 0.079 6.04 406.0
2459840.54582 19.737 0.126 7.02 393.0
2459840.59607 19.870 0.132 6.34 420.0
2459841.50970 19.667 0.102 5.87 447.0
2459841.55783 19.568 0.087 5.88 448.0
2459841.60485 19.453 0.087 5.99 482.0
2459843.56140 19.513 0.105 6.46 428.0
2459843.61051 19.723 0.130 6.62 442.0
2459844.54595 19.362 0.087 6.77 450.0
2459844.59331 19.526 0.085 5.36 473.0
2459845.50410 19.249 0.084 6.90 411.0
2459845.55223 19.318 0.073 5.72 396.0
2459845.60156 19.722 0.087 5.07 412.0
2459846.59317 19.604 0.111 6.07 470.0
2459848.53083 20.004 0.164 6.65 460.0
2459848.57769 19.472 0.082 5.18 491.0
2459848.62496 19.400 0.079 5.52 476.0
2459850.55589 19.286 0.071 5.17 438.0
2459850.60367 19.253 0.075 6.17 424.0
2459851.60701 19.591 0.117 6.53 463.0
2459852.52415 19.260 0.087 6.99 453.0
2459852.57455 19.295 0.082 6.09 477.0
2459852.62070 19.533 0.087 5.05 478.0
2459857.52171 19.392 0.124 6.88 746.0
2459857.58750 19.944 0.228 7.01 886.0
2459859.53174 19.307 0.072 5.15 675.0
2459859.58253 19.779 0.123 5.14 770.0
2459860.52052 19.295 0.108 6.42 722.0
2459860.57088 19.332 0.111 6.05 825.0
2459861.54086 19.602 0.128 5.59 778.0
2459863.49918 19.750 0.162 6.33 795.0
2459863.54779 19.523 0.105 5.31 708.0
2459864.54511 19.594 0.113 5.27 707.0
2459865.54304 19.247 0.094 6.85 541.0
2459866.53412 19.357 0.072 4.39 620.0
2459867.51325 19.412 0.085 5.43 564.0
2459868.53696 19.524 0.094 4.99 534.0
2459869.53770 19.845 0.116 4.88 483.0
2459874.50129 19.848 0.175 5.80 894.0
2459876.50779 19.278 0.103 6.55 605.0
2459993.86875 19.501 0.073 4.66 485.0
2459998.84119 19.656 0.102 5.50 494.0
2460002.83180 19.519 0.100 5.78 500.0
2460010.80998 19.330 0.091 5.32 830.0
2460011.80812 19.531 0.132 6.38 761.0
2460014.81014 19.664 0.105 5.17 624.0
2460016.82815 19.458 0.084 4.80 679.0
2460022.80979 19.273 0.066 5.45 374.0
2460025.77089 19.447 0.074 5.16 376.0
2460027.88336 19.607 0.079 5.04 392.0
2460030.78413 19.387 0.060 4.81 360.0
2460032.86840 19.706 0.075 4.31 329.0
2460034.90092 19.441 0.069 5.16 372.0
2460037.85816 19.332 0.059 4.44 373.0
2460040.74688 19.580 0.105 5.15 784.0
2460042.75280 19.660 0.109 5.46 659.0
2460043.91393 19.410 0.077 4.37 754.0
2460049.88484 19.416 0.056 4.46 385.0
2460052.87200 19.652 0.087 5.31 402.0
2460056.77871 19.735 0.089 5.27 387.0
2460058.90876 19.657 0.086 5.60 348.0
2460060.91705 19.409 0.050 3.85 405.0
2460063.70595 19.500 0.086 5.52 491.0
2460066.92792 19.384 0.056 4.03 492.0
2460068.92484 19.634 0.082 4.62 491.0
2460076.77204 19.353 0.055 4.45 419.0
2460086.63194 19.320 0.104 7.49 485.0
2460087.67098 19.762 0.101 5.43 402.0
2460088.61523 19.333 0.111 7.83 511.0
2460089.77688 19.552 0.087 5.42 416.0
2460093.91806 19.551 0.113 5.84 649.0
2460095.92495 19.539 0.097 5.26 527.0
2460097.75641 19.517 0.096 4.74 705.0
2460105.82602 19.449 0.077 5.60 384.0
2460107.81082 19.433 0.090 6.31 373.0
2460109.74999 19.148 0.097 7.69 488.0
2460110.91298 19.313 0.089 6.02 635.0
2460112.54717 19.623 0.110 6.12 475.0
2460118.66604 19.388 0.088 6.26 392.0
2460119.89272 19.581 0.107 6.38 493.0
2460121.63932 19.318 0.089 6.77 434.0
2460125.85017 19.323 0.092 4.70 955.0
2460134.76664 19.395 0.076 5.26 512.0
2460140.55814 19.608 0.091 5.88 327.0
2460141.83090 19.351 0.092 6.47 507.0
2460144.59033 19.449 0.061 4.78 354.0
2460149.74963 19.486 0.120 7.63 383.0
2460153.54115 19.567 0.104 5.80 562.0
2460158.53876 19.299 0.105 6.58 828.0
2460159.77572 19.485 0.122 6.26 748.0
2460161.72430 19.735 0.140 6.65 469.0
2460168.64690 19.394 0.065 5.07 361.0
2460169.74869 19.640 0.116 6.86 382.0
2460171.73589 19.493 0.090 5.79 437.0
2460175.51103 19.520 0.134 7.84 460.0
2460179.65946 19.490 0.104 6.45 429.0
2460185.61182 19.388 0.109 5.69 760.0
2460188.66561 19.270 0.092 5.84 697.0
2460201.65052 19.659 0.118 6.60 457.0
2460212.63034 19.379 0.124 5.76 1075.0
2460218.56661 19.497 0.129 7.22 573.0
2460225.59265 19.341 0.097 6.24 550.0
2460229.56979 19.345 0.138 7.94 568.0
2460255.51156 19.416 0.153 7.40 808.0
2460357.89027 19.751 0.195 6.50 1240.0
2460368.87018 19.408 0.077 4.98 556.0
2460376.87532 19.256 0.083 6.03 578.0
2460379.86001 19.379 0.065 4.71 441.0
2460382.89200 19.353 0.077 5.69 445.0
2460385.87342 19.572 0.093 5.45 406.0
2460392.84760 19.466 0.075 4.80 510.0
2460395.77059 19.549 0.093 4.75 712.0
2460404.76915 19.566 0.099 5.95 428.0
2460425.75418 19.614 0.116 5.73 658.0
2460432.93102 19.668 0.106 4.98 672.0
2460435.78302 19.296 0.070 5.81 395.0
2460440.74187 19.556 0.115 6.58 505.0
2460450.73485 19.433 0.074 5.31 448.0
2460458.89577 19.515 0.093 5.27 590.0
2460461.69695 19.439 0.062 4.66 484.0
2460463.88687 19.553 0.082 4.95 451.0
2460466.81591 19.677 0.102 6.14 361.0
2460468.74167 19.744 0.094 5.13 355.0
2460477.84599 19.287 0.075 5.06 635.0
2460486.57211 19.498 0.117 6.42 606.0
2460491.55798 19.495 0.067 4.80 360.0
2460494.76861 19.471 0.073 5.11 363.0
2460496.67309 19.247 0.081 5.71 547.0
2460498.49592 19.723 0.112 6.06 467.0
2460499.83901 19.716 0.097 5.74 366.0
2460501.81977 19.589 0.117 6.51 477.0
2460504.52462 19.724 0.161 7.92 421.0
2460505.80364 19.571 0.104 6.76 375.0
2460507.68524 19.458 0.068 4.78 435.0
2460515.71727 19.248 0.082 6.28 484.0
2460517.65468 19.522 0.090 6.04 359.0
2460519.70824 19.547 0.098 6.42 352.0
2460521.77648 19.564 0.095 5.78 463.0
2460531.62572 19.381 0.106 7.20 445.0
2460534.69433 19.479 0.073 5.33 376.0
2460544.57826 19.601 0.112 6.09 466.0
2460549.53373 19.268 0.079 6.15 431.0
2460555.62078 19.471 0.070 4.77 358.0
2460558.66090 19.427 0.067 4.72 402.0
2460561.58504 19.581 0.079 5.14 371.0
2460569.49683 19.349 0.111 6.92 618.0
2460571.62873 19.577 0.136 5.83 776.0
2460576.53938 19.191 0.096 7.66 463.0
2460581.53594 19.604 0.112 6.25 435.0
2460585.59237 19.814 0.144 6.10 485.0
2460596.51564 19.223 0.109 6.67 830.0
2460597.52761 19.451 0.110 6.03 745.0
2460597.57740 19.575 0.124 5.68 874.0
2460598.50012 19.334 0.103 6.04 739.0
2460598.54833 19.411 0.128 6.35 879.0
2460599.50261 19.432 0.083 4.67 712.0
2460599.56309 19.575 0.106 5.22 782.0
2460600.50215 19.623 0.110 5.07 825.0
2460600.55045 19.714 0.140 5.26 1000.0
2460601.51560 19.478 0.118 5.88 817.0
2460601.56140 19.839 0.168 5.87 929.0
2460609.54410 19.299 0.084 5.44 637.0
2460617.52828 19.519 0.125 6.31 627.0
2460721.88328 19.135 0.082 6.25 663.0
2460733.84079 18.516 0.046 6.79 470.0
2460736.83545 18.500 0.039 6.28 424.0
2460739.83421 18.056 0.027 6.07 506.0
2460741.90673 17.656 0.026 6.53 786.0
2460744.81882 16.576 0.008 6.09 445.0
2460747.80936 16.866 0.011 5.47 621.0
2460749.83369 17.585 0.020 5.64 652.0
2460751.86319 17.995 0.021 4.68 509.0
2460753.82856 18.210 0.027 4.55 631.0
2460761.81325 18.671 0.049 6.26 433.0
2460763.80475 18.856 0.053 6.03 428.0
2460765.80615 19.072 0.051 5.05 377.0
2460769.80743 19.154 0.056 4.82 470.0
2460771.83983 19.131 0.060 5.63 379.0
2460773.78478 19.268 0.063 5.17 446.0
2460775.83718 19.252 0.081 6.11 469.0
2460778.77060 19.192 0.081 5.64 743.0
2460780.76256 19.510 0.120 6.24 693.0
2460786.84141 19.251 0.073 5.55 493.0
2460788.74416 19.481 0.075 5.24 392.0
2460789.88628 19.565 0.076 4.74 394.0
2460791.71763 19.373 0.071 5.60 394.0
2460792.88638 19.434 0.065 4.76 408.0
2460794.71030 19.210 0.067 6.01 366.0
2460797.71374 19.692 0.110 6.39 424.0
2460798.84129 19.602 0.083 5.22 403.0
2460800.69562 19.317 0.089 6.95 425.0
2460801.80439 19.339 0.084 6.54 412.0
2460802.92540 19.541 0.099 5.91 595.0
2460805.80243 19.473 0.080 5.20 511.0
2460806.91763 19.368 0.085 5.51 579.0
2460808.73697 19.559 0.104 5.00 856.0
2460813.92111 19.388 0.088 5.28 687.0
2460815.77208 19.415 0.059 4.68 383.0
2460817.64337 19.399 0.064 5.39 365.0
2460818.76206 19.411 0.056 4.77 348.0
2460819.87239 19.374 0.069 5.03 453.0
2460821.65051 19.509 0.109 6.81 417.0
2460822.91903 19.528 0.115 6.53 531.0
2460827.67951 19.437 0.056 4.66 343.0
2460828.76470 19.524 0.062 4.32 345.0
2460831.64955 19.303 0.086 6.35 528.0
2460832.77896 19.330 0.110 7.08 598.0
2460835.67113 19.421 0.086 5.40 625.0
2460841.81202 19.507 0.112 5.75 702.0
2460844.86199 19.211 0.105 7.52 581.0
2460846.65760 19.626 0.079 5.08 402.0
2460847.66052 19.639 0.101 5.56 415.0
2460848.68145 19.462 0.074 5.13 398.0
2460850.62394 19.597 0.087 5.56 388.0
2460851.62299 19.122 0.063 5.99 366.0
2460853.79777 19.349 0.093 6.76 451.0
2460854.81549 19.628 0.092 5.37 385.0
2460856.55409 19.336 0.083 6.35 409.0
2460857.86366 19.338 0.111 7.31 493.0
2460859.64952 19.523 0.060 4.45 359.0
2460860.69202 19.472 0.060 4.48 365.0
2460861.84512 19.837 0.162 8.11 396.0
2460868.73521 19.393 0.108 5.61 812.0
2460870.52905 19.423 0.098 7.38 377.0
2460872.52255 19.505 0.094 6.42 386.0
2460873.62774 19.302 0.063 5.32 366.0
2460874.74716 19.537 0.074 4.76 369.0
2460875.81648 19.493 0.082 5.34 441.0
2460878.49997 19.540 0.075 5.10 405.0
2460879.76868 19.501 0.081 5.32 407.0
2460881.56712 19.408 0.066 5.44 341.0
2460885.54539 19.520 0.072 5.41 350.0
2460895.71528 19.136 0.118 6.74 1031.0
2460897.58626 19.792 0.159 5.78 837.0
2460899.61376 19.521 0.069 4.67 400.0
2460901.49968 19.744 0.127 6.31 436.0
2460904.50827 19.386 0.092 6.75 428.0
2460911.60674 19.618 0.100 5.64 431.0
2460913.65478 19.534 0.072 5.00 337.0
2460915.62873 19.365 0.059 4.81 339.0
2460923.55154 19.567 0.146 5.14 1535.0
2460924.60328 19.350 0.083 5.28 683.0
2460925.48514 19.562 0.120 6.04 677.0
2460925.53286 19.328 0.105 6.65 651.0
2460925.57967 19.435 0.125 6.93 666.0
2460925.62663 19.552 0.132 6.59 741.0
2460926.48604 19.198 0.118 8.15 633.0
2460926.53349 19.525 0.133 7.05 676.0
2460926.58015 19.849 0.191 7.22 723.0
2460926.63134 19.406 0.125 6.76 826.0
2460927.48216 19.410 0.085 5.30 640.0
2460927.52950 19.472 0.068 4.56 538.0
2460927.57660 19.645 0.120 6.36 594.0
2460927.62394 19.309 0.086 5.94 622.0
2460928.48444 19.368 0.070 5.16 475.0
2460928.53167 19.517 0.085 5.65 421.0
2460928.57839 19.398 0.082 5.18 504.0
2460928.62578 19.324 0.087 5.79 566.0
2460929.50994 19.655 0.088 5.20 408.0
2460929.55739 19.484 0.068 4.88 400.0
2460929.60397 19.316 0.070 4.93 484.0
2460930.48674 19.480 0.075 5.17 482.0
2460930.53415 19.565 0.077 4.83 448.0
2460930.58090 19.512 0.085 5.47 486.0
2460930.62819 19.466 0.092 5.77 564.0
2460931.49823 19.271 0.073 6.06 426.0
2460931.54686 19.201 0.076 6.21 437.0
2460931.60149 19.387 0.090 6.06 432.0
2460932.52091 19.362 0.082 6.29 450.0
2460932.56849 19.401 0.087 6.25 430.0
2460932.61529 19.942 0.151 6.90 431.0
2460933.51292 19.342 0.086 6.67 463.0
2460933.56035 19.575 0.104 6.09 505.0
2460933.60746 19.692 0.123 5.97 594.0
2460934.51316 19.556 0.081 4.90 475.0
2460934.56114 19.684 0.095 4.95 507.0
2460934.60910 19.456 0.080 5.26 516.0
2460937.51444 19.402 0.110 7.11 460.0
2460942.61760 19.288 0.084 6.70 403.0
2460944.61285 19.450 0.119 7.18 548.0
2460950.60448 19.338 0.116 6.32 830.0
2460954.56059 19.211 0.098 6.52 680.0
2460958.56296 19.208 0.088 5.94 515.0
2460967.55041 19.461 0.095 5.53 502.0
