2459987.88040 19.068 0.075 5.21 996.0
2459996.87314 19.097 0.050 4.86 399.0
2460001.82613 19.155 0.055 5.08 439.0
2460005.81863 19.070 0.067 6.24 447.0
2460009.79655 18.936 0.085 7.36 709.0
2460013.80912 19.279 0.060 4.34 513.0
2460020.87361 19.204 0.046 4.13 320.0
2460023.81381 19.046 0.042 4.83 252.0
2460025.91328 19.169 0.052 4.22 479.0
2460028.87171 18.950 0.042 5.16 324.0
2460031.77312 19.157 0.052 5.65 277.0
2460033.84177 19.154 0.049 5.09 309.0
2460036.77702 19.043 0.056 5.93 386.0
2460038.88722 19.240 0.044 4.33 300.0
2460040.91197 19.105 0.051 4.36 558.0
2460043.75534 19.042 0.053 4.24 721.0
2460049.74422 19.153 0.052 5.79 273.0
2460052.75937 19.092 0.056 5.89 318.0
2460054.88799 19.206 0.046 4.35 299.0
2460058.70487 19.063 0.052 5.49 358.0
2460060.68498 19.110 0.051 5.40 372.0
2460062.69688 19.313 0.056 5.07 339.0
2460065.84072 19.180 0.054 5.22 301.0
2460067.90977 18.995 0.042 4.53 363.0
2460069.82911 19.110 0.070 4.91 819.0
2460075.89219 19.190 0.059 4.22 568.0
2460085.63807 19.093 0.071 6.74 361.0
2460089.61573 19.064 0.060 5.13 449.0
2460091.62413 19.080 0.061 5.28 475.0
2460092.93858 19.322 0.092 5.76 615.0
2460095.88584 19.216 0.068 5.45 412.0
2460097.59610 19.103 0.071 4.93 729.0
2460104.65982 19.186 0.061 5.29 368.0
2460105.79264 19.081 0.055 5.31 343.0
2460107.77065 19.142 0.074 7.29 275.0
2460109.66835 19.265 0.087 7.81 306.0
2460111.55568 19.061 0.058 5.27 429.0
2460112.65681 19.118 0.055 5.32 327.0
2460113.79442 19.084 0.062 5.73 374.0
2460118.72769 19.142 0.078 7.05 321.0
2460120.60483 19.191 0.060 5.47 301.0
2460122.53605 19.009 0.060 5.89 391.0
2460123.76474 19.170 0.059 4.51 500.0
2460125.55718 19.034 0.074 5.59 700.0
2460130.55190 19.043 0.088 6.09 923.0
2460131.81625 19.195 0.129 6.80 1165.0
2460134.56467 19.203 0.070 6.41 357.0
2460139.74395 19.103 0.056 5.25 327.0
2460141.68821 19.079 0.051 5.18 264.0
2460143.70144 19.149 0.051 4.70 284.0
2460149.60269 19.170 0.052 4.71 308.0
2460157.69311 19.022 0.060 4.04 919.0
2460159.63069 19.118 0.056 4.62 450.0
2460161.59627 19.270 0.071 5.65 334.0
2460167.68500 19.255 0.079 7.33 254.0
2460169.73912 19.147 0.068 6.62 299.0
2460172.50799 19.185 0.056 5.10 304.0
2460175.57180 19.158 0.085 7.12 407.0
2460179.69983 19.092 0.068 6.23 410.0
2460186.49359 19.067 0.093 6.51 710.0
2460191.56145 19.068 0.073 6.80 404.0
2460202.49144 19.108 0.055 4.77 369.0
2460204.56282 19.051 0.058 5.46 357.0
2460212.59945 19.175 0.081 5.84 636.0
2460218.59637 19.088 0.107 7.59 725.0
2460225.57543 18.976 0.075 7.26 499.0
2460354.88295 19.116 0.060 4.63 593.0
2460365.86236 19.335 0.094 5.74 627.0
2460370.86647 19.164 0.056 4.34 476.0
2460377.88667 19.217 0.052 4.59 310.0
2460381.81555 19.245 0.063 4.52 397.0
2460384.80440 19.039 0.055 4.74 460.0
2460386.88266 19.199 0.056 4.93 301.0
2460389.90300 19.097 0.070 6.31 404.0
2460392.78640 19.203 0.067 4.99 496.0
2460394.88931 19.293 0.080 5.55 575.0
2460397.76252 19.269 0.089 5.66 647.0
2460403.83770 19.212 0.053 4.10 311.0
2460406.75138 19.215 0.070 5.69 367.0
2460409.79189 19.173 0.056 4.73 336.0
2460416.90532 19.038 0.055 5.68 331.0
2460420.72122 19.297 0.060 4.20 410.0
2460424.86214 19.128 0.073 5.15 662.0
2460432.78964 19.179 0.072 5.98 424.0
2460434.79285 19.182 0.060 5.23 396.0
2460436.84005 19.059 0.060 5.77 345.0
2460439.93348 19.195 0.117 7.64 754.0
2460448.79041 19.036 0.056 5.46 373.0
2460450.68900 19.138 0.061 5.34 404.0
2460458.83537 19.157 0.053 4.44 391.0
2460460.85132 19.242 0.058 4.46 429.0
2460463.66936 19.095 0.055 6.06 266.0
2460467.73873 19.044 0.048 4.82 426.0
2460469.91227 19.086 0.067 5.70 494.0
2460476.89446 19.166 0.105 7.31 617.0
2460478.86714 19.212 0.100 7.89 440.0
2460485.66707 19.221 0.068 4.73 609.0
2460487.68265 19.129 0.060 5.48 368.0
2460490.75644 19.214 0.059 4.88 333.0
2460492.59463 19.210 0.049 4.47 300.0
2460494.55588 19.134 0.057 5.19 348.0
2460497.48461 19.165 0.092 7.20 503.0
2460498.77885 19.099 0.051 4.81 302.0
2460500.66683 19.108 0.056 6.11 268.0
2460502.57721 19.122 0.066 6.67 297.0
2460504.59093 19.270 0.090 8.17 262.0
2460506.56485 19.132 0.047 4.40 336.0
2460513.67623 19.195 0.110 7.27 706.0
2460516.71622 19.060 0.062 6.16 359.0
2460518.73564 19.163 0.072 6.42 371.0
2460521.69593 19.097 0.049 5.27 291.0
2460530.65980 19.171 0.082 7.55 319.0
2460533.73480 19.049 0.068 7.62 313.0
2460542.61954 19.081 0.085 6.66 671.0
2460547.60066 19.065 0.047 4.83 279.0
2460555.49970 19.110 0.054 5.58 319.0
2460558.57767 19.117 0.053 5.43 343.0
2460561.50950 19.103 0.052 4.54 371.0
2460567.61010 19.141 0.090 6.43 729.0
2460570.62353 19.156 0.102 6.75 877.0
2460574.60413 19.106 0.084 6.56 581.0
2460581.48286 19.129 0.093 6.05 777.0
2460585.54506 19.144 0.068 6.39 371.0
2460603.51196 19.035 0.064 6.02 471.0
2460719.87494 18.699 0.067 7.14 637.0
2460725.86607 18.830 0.054 5.70 498.0
2460734.85805 18.741 0.047 6.38 336.0
2460737.85369 18.889 0.043 4.61 394.0
2460740.84154 18.781 0.041 5.81 277.0
2460742.90798 18.852 0.046 4.72 476.0
2460745.82698 18.846 0.041 4.66 382.0
2460748.81632 18.879 0.039 4.08 395.0
2460750.80930 18.854 0.048 4.83 549.0
2460752.80441 18.770 0.047 4.74 564.0
2460759.79454 18.743 0.050 6.44 391.0
2460762.78588 18.679 0.039 5.42 327.0
2460764.77651 18.729 0.042 5.14 436.0
2460766.76611 18.736 0.042 5.07 427.0
2460768.77107 18.743 0.036 4.77 326.0
2460770.76970 18.829 0.037 4.46 318.0
2460772.75888 18.650 0.039 5.47 348.0
2460774.76708 18.666 0.039 5.28 380.0
2460777.75022 18.558 0.042 5.62 544.0
2460779.73118 18.576 0.048 5.77 695.0
2460780.90595 18.686 0.041 4.16 645.0
2460786.90296 18.642 0.044 5.66 435.0
2460788.77400 18.583 0.031 4.92 308.0
2460789.91617 18.626 0.032 4.45 334.0
2460791.77882 18.652 0.032 4.89 301.0
2460793.69030 18.632 0.031 4.56 306.0
2460794.80997 18.509 0.028 4.95 269.0
2460797.69561 18.547 0.035 5.47 347.0
2460798.80633 18.556 0.029 4.67 307.0
2460799.92859 18.506 0.041 5.23 571.0
2460801.70744 18.500 0.039 6.56 345.0
2460805.71448 18.451 0.037 5.74 493.0
2460806.79691 18.540 0.041 5.47 526.0
2460807.90154 18.456 0.037 4.41 774.0
2460814.78654 18.388 0.027 4.49 384.0
2460815.90368 18.452 0.031 4.43 436.0
2460817.72193 18.473 0.025 3.97 330.0
2460818.84192 18.452 0.026 4.08 330.0
2460820.71445 18.425 0.029 5.51 311.0
2460821.77393 18.423 0.028 5.20 287.0
2460823.70428 18.327 0.030 6.26 269.0
2460824.77346 18.447 0.030 4.69 332.0
2460825.80680 18.492 0.028 4.28 348.0
2460827.81557 18.460 0.025 4.03 303.0
2460829.74704 18.470 0.025 4.33 258.0
2460831.80915 18.422 0.032 5.92 308.0
2460833.60429 18.520 0.051 7.10 493.0
2460834.81508 18.416 0.032 4.99 511.0
2460835.79416 18.463 0.044 4.55 1129.0
2460842.72450 18.387 0.040 6.63 425.0
2460844.58470 18.602 0.048 6.50 470.0
2460845.75346 18.520 0.036 5.33 370.0
2460846.77165 18.487 0.033 4.94 369.0
2460847.77832 18.488 0.036 5.26 408.0
2460848.79845 18.430 0.035 5.76 371.0
2460853.52643 18.535 0.040 6.09 462.0
2460854.55829 18.487 0.034 5.72 306.0
2460855.56598 18.399 0.039 6.95 395.0
2460856.67093 18.562 0.030 4.85 279.0
2460858.67822 18.641 0.030 4.91 238.0
2460859.74463 18.563 0.029 4.40 273.0
2460860.76576 18.595 0.031 5.05 268.0
2460862.55101 18.567 0.057 7.90 473.0
2460868.66054 18.541 0.048 5.88 676.0
2460869.76798 18.497 0.051 6.67 671.0
2460871.52462 18.573 0.038 6.71 249.0
2460873.53502 18.573 0.033 5.26 322.0
2460874.64389 18.657 0.030 4.53 288.0
2460875.74685 18.651 0.035 5.19 303.0
2460877.60985 18.598 0.030 4.73 295.0
2460879.66224 18.663 0.029 4.45 239.0
2460881.50305 18.706 0.044 6.36 327.0
2460885.49588 18.585 0.034 5.52 298.0
2460895.54639 18.564 0.051 6.07 693.0
2460896.69031 18.615 0.051 5.47 767.0
2460899.50508 18.721 0.034 4.90 278.0
2460900.65578 18.660 0.036 4.88 438.0
2460903.54142 18.572 0.051 7.17 430.0
2460908.51405 18.758 0.052 6.74 380.0
2460913.54397 18.611 0.041 6.01 322.0
2460915.52912 18.713 0.038 5.11 292.0
2460935.54530 18.720 0.042 6.16 308.0
2460937.54019 18.765 0.054 7.14 349.0
2460942.59721 18.966 0.053 6.25 324.0
2460950.51222 18.780 0.065 7.26 616.0
2460954.52380 18.722 0.068 7.83 588.0
2460958.53553 19.052 0.070 5.92 471.0
2460967.51043 18.847 0.055 6.38 471.0
