2457791.88014 18.796 0.038 5.01 375.0
2457792.88296 18.785 0.048 6.09 496.0
2457793.87443 18.792 0.035 4.77 333.0
2457794.88141 18.760 0.051 6.29 508.0
2457795.88544 18.807 0.050 5.80 541.0
2457798.85536 18.734 0.037 5.30 355.0
2457800.85975 18.790 0.035 4.76 329.0
2457802.83965 18.795 0.072 7.21 654.0
2457807.85423 18.758 0.034 5.43 239.0
2457810.83119 18.817 0.039 5.69 282.0
2457812.89626 18.802 0.028 3.82 264.0
2457816.82400 18.825 0.035 5.27 265.0
2457818.86706 18.823 0.031 4.39 239.0
2457820.90120 18.795 0.031 4.24 264.0
2457823.80578 18.763 0.040 4.88 442.0
2457825.83788 18.788 0.038 5.04 378.0
2457827.81525 18.812 0.038 4.78 361.0
2457829.80609 18.811 0.050 5.87 485.0
2457834.80558 18.776 0.033 5.06 245.0
2457834.91560 18.790 0.039 4.79 431.0
2457835.88230 18.787 0.033 5.35 214.0
2457836.83497 18.824 0.036 6.01 205.0
2457837.77155 18.857 0.037 6.21 205.0
2457837.87992 18.815 0.030 4.73 204.0
2457838.82698 18.776 0.029 4.63 231.0
2457839.76266 18.783 0.027 4.37 188.0
2457839.88784 18.782 0.026 3.87 180.0
2457840.81517 18.766 0.032 5.54 192.0
2457841.75838 18.772 0.046 7.75 211.0
2457841.86910 18.720 0.044 7.67 211.0
2457842.78469 18.798 0.033 5.69 197.0
2457842.89398 18.829 0.032 5.02 214.0
2457843.82563 18.743 0.029 5.26 181.0
2457844.73582 18.800 0.032 5.43 213.0
2457844.85274 18.756 0.037 6.70 196.0
2457845.76004 18.760 0.032 5.62 208.0
2457845.87767 18.793 0.030 4.96 195.0
2457846.80794 18.774 0.029 4.91 186.0
2457846.91705 18.814 0.035 5.32 239.0
2457847.81863 18.765 0.031 4.98 200.0
2457848.72492 18.791 0.037 5.64 275.0
2457848.83182 18.827 0.031 5.32 186.0
2457849.73749 18.836 0.038 5.70 281.0
2457849.85478 18.809 0.026 3.73 197.0
2457850.74965 18.813 0.039 5.49 288.0
2457850.86845 18.769 0.028 4.54 206.0
2457851.76739 18.696 0.038 5.65 302.0
2457851.88752 18.743 0.030 5.19 203.0
2457852.87370 18.847 0.041 6.48 234.0
2457853.92631 18.753 0.064 7.25 546.0
2457854.80736 18.798 0.034 4.25 353.0
2457854.92038 18.767 0.033 3.64 420.0
2457855.82874 18.780 0.041 4.93 401.0
2457856.72687 18.811 0.056 6.48 439.0
2457856.83940 18.794 0.059 7.74 380.0
2457857.86676 18.758 0.057 6.89 412.0
2457862.68851 18.826 0.040 6.02 272.0
2457862.79848 18.827 0.037 5.28 250.0
2457862.92264 18.751 0.032 4.73 269.0
2457863.89258 18.740 0.030 4.67 247.0
2457864.85085 18.766 0.027 4.26 215.0
2457865.70731 18.821 0.030 4.67 219.0
2457865.82658 18.748 0.025 3.72 231.0
2457866.70303 18.824 0.031 4.67 228.0
2457866.83052 18.791 0.026 3.82 215.0
2457867.70632 18.820 0.029 4.44 221.0
2457867.83461 18.810 0.025 3.71 200.0
2457868.76242 18.755 0.038 6.15 228.0
2457868.90251 18.856 0.052 7.28 269.0
2457869.76207 18.786 0.028 4.47 209.0
2457869.89390 18.832 0.028 3.66 257.0
2457870.77365 18.793 0.025 3.82 193.0
2457870.90469 18.779 0.028 3.92 225.0
2457871.78834 18.820 0.027 3.80 226.0
2457871.93131 18.751 0.037 3.95 594.0
2457872.79830 18.756 0.023 3.26 219.0
2457872.93658 18.771 0.059 3.82 1532.0
2457873.76731 18.771 0.024 3.52 214.0
2457873.90287 18.769 0.031 4.39 251.0
2457874.73606 18.798 0.043 6.77 238.0
2457874.85882 18.761 0.033 4.84 275.0
2457875.81502 18.793 0.026 4.00 453.0
2457875.92671 18.711 0.032 4.88 314.0
2457876.74042 18.749 0.030 4.47 265.0
2457876.87743 18.876 0.043 5.76 273.0
2457877.70101 18.824 0.032 4.52 260.0
2457877.83319 18.816 0.030 3.80 283.0
2457878.73894 18.812 0.027 3.60 266.0
2457878.87417 18.792 0.028 3.80 255.0
2457879.69846 18.738 0.040 6.23 295.0
2457879.85104 18.776 0.041 6.26 260.0
2457880.72729 18.798 0.037 5.28 300.0
2457880.84912 18.771 0.048 6.97 301.0
2457881.80525 18.787 0.039 5.22 336.0
2457881.92602 18.846 0.053 6.51 372.0
2457882.80302 18.733 0.040 5.47 363.0
2457882.93267 18.803 0.038 4.85 369.0
2457890.69771 18.758 0.052 6.96 327.0
2457890.85560 18.741 0.035 4.59 372.0
2457893.67639 18.785 0.036 5.92 232.0
2457893.80512 18.724 0.032 5.19 245.0
2457893.91481 18.749 0.041 5.85 326.0
2457894.66017 18.764 0.034 5.51 262.0
2457894.78792 18.809 0.029 4.28 231.0
2457894.89732 18.767 0.034 4.81 285.0
2457895.76167 18.807 0.030 4.65 277.0
2457897.70136 18.864 0.040 5.86 232.0
2457900.91582 18.680 0.048 7.56 300.0
2457901.63696 18.854 0.035 5.59 224.0
2457901.79233 18.742 0.031 4.90 235.0
2457902.62772 18.771 0.041 6.75 242.0
2457902.75043 18.801 0.030 4.50 232.0
2457902.92576 18.716 0.058 7.60 435.0
2457903.79653 18.867 0.042 6.48 215.0
2457903.91404 18.852 0.050 6.64 312.0
2457904.65585 18.849 0.037 6.10 216.0
2457904.78432 18.821 0.029 4.65 193.0
2457904.89371 18.818 0.041 5.82 275.0
2457905.62271 18.861 0.034 5.25 232.0
2457905.74996 18.846 0.027 3.63 222.0
2457905.86260 18.771 0.036 4.81 314.0
2457906.57118 18.797 0.041 5.77 322.0
2457906.68939 18.817 0.027 3.89 244.0
2457906.81163 18.805 0.034 4.68 292.0
2457906.92055 18.777 0.043 5.36 468.0
2457907.68754 18.780 0.032 4.50 293.0
2457907.81880 18.782 0.034 4.60 383.0
2457908.63450 18.737 0.038 5.54 333.0
2457908.76389 18.773 0.036 4.94 326.0
2457908.87376 18.732 0.036 5.53 304.0
2457909.56548 18.853 0.058 6.54 526.0
2457909.68556 18.769 0.032 4.15 308.0
2457909.79659 18.848 0.038 3.97 455.0
2457909.90245 18.784 0.037 4.83 397.0
2457910.58275 18.801 0.048 6.04 404.0
2457910.70075 18.791 0.031 4.17 302.0
2457910.82291 18.766 0.032 4.17 354.0
2457911.55266 18.859 0.071 7.04 649.0
2457911.65808 18.772 0.038 4.58 406.0
2457911.82759 18.905 0.068 6.95 495.0
2457916.61086 18.753 0.035 4.47 453.0
2457916.70519 18.743 0.037 4.46 448.0
2457916.80923 18.705 0.035 4.24 452.0
2457916.90448 18.818 0.085 6.03 1330.0
2457917.64230 18.773 0.037 5.09 306.0
2457917.75748 18.788 0.031 3.84 335.0
2457917.86430 18.865 0.050 5.40 491.0
2457918.61917 18.751 0.044 6.17 382.0
2457922.61890 18.827 0.035 5.37 239.0
2457922.74897 18.815 0.043 6.23 274.0
2457923.61836 18.763 0.033 5.30 238.0
2457923.75547 18.736 0.043 6.54 277.0
2457923.87493 18.814 0.056 7.33 338.0
2457924.54115 18.807 0.039 6.07 271.0
2457924.64661 18.825 0.034 5.57 226.0
2457924.77550 18.810 0.032 4.75 239.0
2457924.87753 18.754 0.036 4.95 376.0
2457925.67285 18.825 0.027 4.14 191.0
2457925.81005 18.806 0.039 6.29 219.0
2457926.57936 18.721 0.038 6.50 231.0
2457926.72751 18.757 0.040 6.50 240.0
2457928.57699 18.821 0.038 5.82 256.0
2457932.60823 18.836 0.036 5.54 227.0
2457932.73287 18.814 0.033 5.32 206.0
2457933.51742 18.735 0.047 7.52 249.0
2457933.59884 18.825 0.041 6.60 218.0
2457933.72065 18.751 0.034 6.11 189.0
2457934.53447 18.770 0.035 5.77 248.0
2457934.65061 18.836 0.033 5.12 222.0
2457934.76482 18.791 0.035 5.44 243.0
2457935.50390 18.782 0.038 5.86 301.0
2457935.63253 18.829 0.031 4.67 206.0
2457935.74483 18.795 0.029 4.57 190.0
2457935.86396 18.795 0.034 5.34 245.0
2457936.49020 18.786 0.040 5.59 304.0
2457936.60673 18.791 0.032 5.39 209.0
2457936.74223 18.808 0.033 5.51 196.0
2457936.85863 18.773 0.045 7.34 246.0
2457937.54794 18.789 0.040 5.78 308.0
2457937.65861 18.807 0.036 5.55 244.0
2457937.79029 18.810 0.034 5.48 208.0
2457938.57063 18.785 0.043 6.12 302.0
2457944.46871 18.786 0.057 6.39 588.0
2457944.52152 18.843 0.050 5.52 482.0
2457944.56291 18.785 0.040 4.86 440.0
2457944.61334 18.733 0.037 4.72 409.0
2457944.66335 18.840 0.043 5.27 365.0
2457944.72353 18.707 0.039 5.11 401.0
2457944.77278 18.819 0.040 4.75 433.0
2457945.48038 18.762 0.043 6.02 357.0
2457945.58002 18.811 0.037 5.04 308.0
2457945.69115 18.793 0.029 3.89 279.0
2457945.80137 18.763 0.038 4.76 409.0
2457946.51338 18.863 0.035 5.34 228.0
2457946.63481 18.859 0.037 5.09 258.0
2457946.76322 18.830 0.040 5.44 276.0
2457947.51435 18.779 0.039 6.91 209.0
2457947.61792 18.781 0.038 6.24 238.0
2457947.77864 18.821 0.038 5.49 293.0
2457948.50720 18.735 0.033 5.76 217.0
2457948.64070 18.798 0.038 5.46 273.0
2457948.77534 18.798 0.037 5.35 296.0
2457949.56645 18.778 0.048 6.31 395.0
2457949.68982 18.781 0.048 6.75 305.0
2457952.70783 18.792 0.038 6.20 201.0
2457953.47796 18.852 0.045 6.28 292.0
2457953.60999 18.744 0.031 5.32 205.0
2457953.73500 18.812 0.030 4.98 179.0
2457954.48979 18.803 0.036 5.26 373.0
2457954.63356 18.720 0.027 4.54 192.0
2457954.76919 18.776 0.031 4.60 254.0
2457955.79906 18.763 0.039 6.61 261.0
2457956.60430 18.804 0.026 3.86 192.0
2457956.73552 18.833 0.033 5.10 229.0
2457957.66063 18.793 0.036 5.78 221.0
2457958.57544 18.772 0.046 7.04 272.0
2457958.66610 18.875 0.047 7.15 223.0
2457958.78404 18.709 0.050 8.18 267.0
2457959.53237 18.788 0.031 5.01 227.0
2457959.65014 18.856 0.030 4.86 194.0
2457959.76626 18.802 0.038 6.50 223.0
2457960.51962 18.833 0.033 5.35 208.0
2457960.65528 18.793 0.030 5.31 176.0
2457960.78105 18.782 0.036 6.13 223.0
2457961.60090 18.770 0.030 5.16 235.0
2457961.70762 18.772 0.030 5.16 268.0
2457962.52800 18.735 0.031 5.06 237.0
2457963.61905 18.850 0.030 4.41 239.0
2457964.59470 18.775 0.032 4.83 241.0
2457964.73446 18.838 0.041 6.24 301.0
2457965.67794 18.784 0.032 4.67 262.0
2457966.55163 18.853 0.049 7.14 276.0
2457966.64893 18.813 0.037 5.61 231.0
2457967.68492 18.771 0.044 6.12 313.0
2457967.74209 18.886 0.066 7.96 359.0
2457971.51422 18.753 0.043 5.32 449.0
2457971.60303 18.760 0.045 5.66 401.0
2457971.64292 18.714 0.036 4.56 418.0
2457971.69376 18.716 0.039 4.72 477.0
2457971.73402 18.822 0.052 5.29 583.0
2457972.52595 18.791 0.065 7.75 426.0
2457972.56482 18.700 0.055 7.23 403.0
2457972.61920 18.819 0.051 5.89 416.0
2457972.66691 18.837 0.053 5.74 442.0
2457972.72221 18.891 0.056 5.36 535.0
2457973.54133 18.809 0.061 7.56 403.0
2457973.66637 18.784 0.045 5.34 462.0
2457974.53100 18.768 0.033 4.49 288.0
2457974.64683 18.748 0.034 4.58 320.0
2457975.47643 18.808 0.052 7.34 292.0
2457979.52680 18.815 0.031 4.53 228.0
2457979.64617 18.822 0.029 4.01 249.0
2457980.58053 18.856 0.044 5.60 316.0
2457981.47875 18.804 0.051 6.74 357.0
2457981.63253 18.770 0.032 4.25 295.0
2457982.54204 18.795 0.035 5.48 221.0
2457982.65297 18.823 0.036 5.23 246.0
2457983.58067 18.842 0.033 4.62 239.0
2457984.48954 18.832 0.046 7.08 250.0
2457984.60726 18.859 0.036 5.34 232.0
2457985.53728 18.896 0.059 7.91 273.0
2457986.49283 18.871 0.031 4.49 252.0
2457986.63272 18.834 0.031 4.60 219.0
2457987.55994 18.829 0.030 4.31 253.0
2457990.47892 18.833 0.041 5.71 303.0
2457990.61116 18.859 0.039 5.55 248.0
2457991.53068 18.784 0.038 5.76 260.0
2457991.65993 18.786 0.040 6.13 259.0
2457992.57599 18.766 0.032 5.00 242.0
2457993.51288 18.872 0.041 5.51 283.0
2457993.62315 18.734 0.034 5.70 234.0
2457994.55711 18.847 0.054 6.32 421.0
2457998.52286 18.759 0.035 4.48 367.0
2457998.57113 18.783 0.048 4.59 710.0
2457998.61464 18.817 0.053 5.13 741.0
2458000.49556 18.753 0.043 6.03 345.0
2458000.54908 18.810 0.043 5.61 359.0
2458000.59087 18.859 0.050 5.97 403.0
2458001.48094 18.791 0.043 5.30 397.0
2458001.59181 18.789 0.042 5.57 376.0
2458003.60648 18.660 0.046 6.05 405.0
2458004.59459 18.792 0.048 6.40 347.0
2458007.55888 18.819 0.049 7.30 272.0
2458008.57685 18.903 0.048 6.72 258.0
2458011.51736 18.735 0.049 7.07 289.0
2458012.54171 18.771 0.033 4.65 317.0
2458013.54511 18.805 0.034 4.78 304.0
2458014.55412 18.760 0.035 5.33 275.0
2458015.55245 18.768 0.043 6.74 267.0
2458016.56098 18.751 0.039 6.49 244.0
2458018.49140 18.708 0.036 5.26 295.0
2458019.52922 18.793 0.030 4.41 256.0
2458020.56318 18.824 0.037 4.92 276.0
2458026.52622 18.819 0.056 5.10 806.0
2458029.51120 18.690 0.044 5.18 453.0
2458030.51879 18.794 0.038 4.18 482.0
2458040.49979 18.771 0.056 6.80 410.0
2458164.85094 18.851 0.040 5.80 288.0
2458164.89113 18.823 0.044 5.32 464.0
2458166.87159 18.857 0.039 5.96 252.0
2458167.85579 18.800 0.036 5.68 282.0
2458167.89565 18.799 0.045 5.45 429.0
2458168.87675 18.807 0.033 4.88 233.0
2458169.85145 18.798 0.034 5.17 267.0
2458170.83413 18.858 0.035 5.41 271.0
2458170.87340 18.748 0.028 4.55 250.0
2458171.84357 18.762 0.032 4.73 279.0
2458171.88241 18.787 0.031 4.40 270.0
2458172.85386 18.860 0.039 5.69 278.0
2458172.89274 18.774 0.036 4.73 326.0
2458173.86351 18.840 0.035 4.86 310.0
2458174.82447 18.725 0.038 5.52 366.0
2458174.87446 18.792 0.031 4.26 307.0
2458175.82432 18.771 0.033 5.10 270.0
2458175.87320 18.744 0.028 4.28 232.0
2458176.81597 18.842 0.043 5.52 388.0
2458176.86615 18.813 0.031 4.49 270.0
2458181.80692 18.862 0.050 5.78 473.0
2458181.86001 18.769 0.038 4.70 412.0
2458181.90098 18.759 0.042 4.77 468.0
2458183.82312 18.869 0.045 5.77 415.0
2458184.83418 18.840 0.039 4.58 408.0
2458184.88442 18.804 0.041 5.20 393.0
2458185.84181 18.844 0.055 6.53 415.0
2458185.89152 18.747 0.034 4.81 318.0
2458189.83814 18.806 0.033 4.82 252.0
2458190.81098 18.759 0.029 5.13 213.0
2458191.79763 18.806 0.049 7.51 251.0
2458192.78746 18.839 0.039 6.19 253.0
2458192.90698 18.805 0.031 4.49 248.0
2458193.88454 18.792 0.030 5.19 196.0
2458194.84580 18.825 0.030 5.19 194.0
2458195.81892 18.838 0.037 5.84 227.0
2458196.78815 18.799 0.032 5.34 225.0
2458196.90528 18.841 0.033 5.33 219.0
2458197.84917 18.760 0.028 4.32 219.0
2458198.80545 18.811 0.030 4.61 237.0
2458199.74673 18.790 0.037 6.02 235.0
2458199.86696 18.825 0.028 4.23 218.0
2458200.84803 18.798 0.030 4.59 249.0
2458201.78179 18.847 0.040 6.23 242.0
2458201.89782 18.707 0.028 5.17 185.0
2458202.82520 18.772 0.028 4.42 251.0
2458203.76738 18.773 0.031 5.31 228.0
2458203.87466 18.779 0.027 4.16 207.0
2458204.80635 18.842 0.041 6.44 234.0
2458205.74668 18.822 0.044 6.09 323.0
2458205.86532 18.808 0.034 5.24 224.0
2458206.78726 18.770 0.032 4.80 311.0
2458206.90362 18.798 0.024 3.76 213.0
2458207.81344 18.789 0.033 4.69 324.0
2458208.73376 18.864 0.047 5.18 566.0
2458208.84055 18.819 0.036 4.32 404.0
2458209.76129 18.833 0.042 5.47 441.0
2458209.86858 18.803 0.033 4.18 361.0
2458210.77425 18.731 0.038 5.14 417.0
2458210.88152 18.752 0.030 3.89 365.0
2458211.78828 18.685 0.044 6.23 415.0
2458211.89628 18.755 0.031 4.06 379.0
2458212.78357 18.852 0.055 4.21 1012.0
2458212.88795 18.795 0.031 3.66 427.0
2458217.84246 18.796 0.031 4.84 230.0
2458220.71604 18.805 0.039 6.78 214.0
2458220.88129 18.842 0.028 4.41 201.0
2458221.71141 18.823 0.036 5.70 218.0
2458221.89841 18.845 0.031 4.39 223.0
2458222.78245 18.781 0.026 4.72 187.0
2458222.92314 18.763 0.034 4.43 338.0
2458223.90065 18.813 0.035 5.19 235.0
2458224.77452 18.748 0.031 4.88 240.0
2458224.91315 18.806 0.032 4.74 233.0
2458226.85533 18.709 0.036 6.37 215.0
2458227.72972 18.805 0.033 5.62 208.0
2458227.87123 18.797 0.028 4.21 212.0
2458228.78410 18.817 0.029 4.68 198.0
2458228.92404 18.777 0.030 4.17 273.0
2458229.81151 18.776 0.025 4.20 179.0
2458229.92546 18.860 0.032 4.23 286.0
2458230.79841 18.794 0.026 4.09 202.0
2458231.81713 18.763 0.029 4.41 226.0
2458233.71326 18.823 0.033 4.75 288.0
2458235.73974 18.775 0.036 4.73 353.0
2458236.74929 18.813 0.041 4.33 572.0
2458238.74494 18.778 0.040 4.65 492.0
2458238.86838 18.751 0.038 4.16 496.0
2458244.71900 18.727 0.036 5.75 272.0
2458244.84112 18.787 0.036 4.90 312.0
2458245.77279 18.791 0.056 7.22 339.0
2458245.88441 18.736 0.050 6.21 384.0
2458246.74087 18.818 0.040 5.72 273.0
2458246.85984 18.776 0.033 4.20 333.0
2458247.66337 18.865 0.041 5.91 305.0
2458247.77280 18.731 0.027 4.18 246.0
2458247.90307 18.767 0.043 5.70 333.0
2458248.78339 18.744 0.040 6.14 280.0
2458249.74045 18.753 0.035 6.03 232.0
2458249.87147 18.766 0.029 3.98 284.0
2458250.68615 18.856 0.029 5.27 187.0
2458250.81532 18.809 0.028 4.28 217.0
2458250.92680 18.770 0.033 4.50 303.0
2458251.71870 18.753 0.036 6.21 216.0
2458251.85529 18.823 0.035 5.12 252.0
2458252.88096 18.800 0.038 5.29 297.0
2458253.66653 18.834 0.033 5.44 218.0
2458253.78391 18.768 0.027 4.28 231.0
2458254.67378 18.866 0.031 5.03 213.0
2458254.82339 18.818 0.025 3.30 229.0
2458254.94319 18.791 0.044 3.67 850.0
2458255.74886 18.808 0.033 5.51 220.0
2458255.89091 18.789 0.034 4.43 316.0
2458256.66972 18.887 0.038 5.95 227.0
2458256.79250 18.733 0.037 5.83 255.0
2458256.91900 18.861 0.038 4.78 320.0
2458257.72903 18.833 0.031 5.15 200.0
2458257.84396 18.791 0.031 4.83 240.0
2458258.70990 18.786 0.029 4.96 203.0
2458258.83513 18.757 0.028 4.00 228.0
2458259.63861 18.862 0.037 5.42 286.0
2458259.80144 18.779 0.028 4.01 265.0
2458259.92436 18.733 0.038 5.95 326.0
2458260.83724 18.790 0.026 3.39 332.0
2458261.71299 18.730 0.029 4.70 233.0
2458261.87296 18.838 0.031 4.22 256.0
2458262.69332 18.793 0.028 4.56 216.0
2458262.83245 18.790 0.026 3.96 183.0
2458262.93286 18.804 0.038 5.04 337.0
2458263.73563 18.798 0.026 3.87 230.0
2458263.86994 18.772 0.024 3.50 200.0
2458264.74921 18.834 0.031 4.13 308.0
2458264.86777 18.788 0.034 4.60 310.0
2458265.64546 18.803 0.045 5.59 411.0
2458265.76648 18.751 0.031 4.23 356.0
2458266.60971 18.811 0.062 6.24 711.0
2458266.77025 18.756 0.046 5.58 485.0
2458271.63998 18.869 0.048 5.94 362.0
2458271.80846 18.870 0.049 5.75 378.0
2458271.89139 18.781 0.053 6.11 487.0
2458272.75484 18.809 0.035 5.00 283.0
2458272.87124 18.765 0.038 5.07 352.0
2458273.60740 18.779 0.035 5.51 270.0
2458273.74148 18.776 0.028 4.42 222.0
2458274.58803 18.807 0.040 6.58 239.0
2458274.83210 18.789 0.033 4.62 309.0
2458275.58190 18.799 0.038 5.40 308.0
2458275.72174 18.778 0.025 3.73 244.0
2458275.84017 18.802 0.035 4.72 308.0
2458276.58919 18.764 0.049 7.33 290.0
2458276.70272 18.870 0.029 4.48 204.0
2458276.82904 18.809 0.031 4.35 284.0
2458277.63587 18.781 0.031 5.21 212.0
2458277.76867 18.713 0.028 4.92 209.0
2458277.88554 18.749 0.034 5.02 320.0
2458278.58294 18.826 0.035 5.82 249.0
2458278.74994 18.776 0.029 4.52 282.0
2458282.60069 18.823 0.030 4.79 211.0
2458282.73710 18.796 0.028 5.50 171.0
2458282.86566 18.802 0.031 4.59 260.0
2458283.56497 18.740 0.036 6.50 221.0
2458283.68250 18.853 0.029 4.65 196.0
2458283.80928 18.814 0.029 3.96 251.0
2458284.53438 18.738 0.033 5.21 291.0
2458284.64405 18.780 0.030 5.05 220.0
2458284.77864 18.803 0.029 4.64 194.0
2458284.89062 18.838 0.038 5.36 296.0
2458285.78688 18.829 0.031 4.60 220.0
2458286.61100 18.859 0.032 5.41 170.0
2458286.74868 18.821 0.028 4.35 173.0
2458286.88709 18.788 0.033 5.00 272.0
2458287.59885 18.774 0.028 4.76 192.0
2458287.73955 18.812 0.026 4.13 177.0
2458287.87916 18.759 0.027 4.11 244.0
2458288.57405 18.779 0.032 5.73 216.0
2458288.71390 18.791 0.028 4.75 172.0
2458288.85230 18.840 0.041 5.75 275.0
2458289.57165 18.783 0.031 5.28 229.0
2458289.71058 18.786 0.027 4.39 210.0
2458289.84410 18.788 0.034 5.18 250.0
2458290.56892 18.815 0.034 4.90 258.0
2458290.70819 18.806 0.035 5.37 249.0
2458290.84070 18.781 0.038 5.52 305.0
2458291.61273 18.774 0.037 4.69 436.0
2458291.75531 18.828 0.036 4.53 309.0
2458291.88564 18.830 0.042 5.62 345.0
2458292.61887 18.818 0.041 5.96 281.0
2458292.76050 18.840 0.035 4.32 293.0
2458292.88780 18.704 0.041 5.70 364.0
2458293.62897 18.840 0.044 5.77 321.0
2458293.77169 18.743 0.044 5.93 395.0
2458294.65147 18.803 0.045 5.67 387.0
2458299.56299 18.764 0.069 6.20 979.0
2458301.62056 18.681 0.046 6.94 345.0
2458301.73997 18.696 0.039 6.28 291.0
2458302.59391 18.752 0.031 5.17 343.0
2458304.53833 18.813 0.049 7.06 283.0
2458304.64642 18.806 0.049 7.61 253.0
2458305.52341 18.796 0.049 7.23 296.0
2458305.67134 18.823 0.043 7.37 215.0
2458305.79645 18.851 0.049 6.95 262.0
2458306.65507 18.795 0.042 7.31 226.0
2458306.78473 18.835 0.051 7.42 269.0
2458307.50152 18.753 0.035 5.86 288.0
2458307.62378 18.783 0.027 4.85 195.0
2458307.74653 18.820 0.029 4.26 217.0
2458308.46909 18.766 0.047 6.81 342.0
2458308.57950 18.790 0.029 5.25 173.0
2458308.71029 18.841 0.036 5.64 203.0
2458308.81625 18.826 0.045 6.41 300.0
2458309.55575 18.783 0.029 5.31 200.0
2458309.68872 18.824 0.027 4.29 176.0
2458309.79910 18.762 0.030 4.71 266.0
2458310.52042 18.813 0.037 6.48 225.0
2458310.60630 18.762 0.026 4.44 187.0
2458310.69325 18.743 0.027 4.76 220.0
2458310.80423 18.888 0.043 6.09 262.0
2458311.53260 18.875 0.054 8.10 228.0
2458311.65614 18.815 0.031 5.22 187.0
2458311.77650 18.852 0.036 4.72 276.0
2458312.50219 18.802 0.037 5.92 255.0
2458312.61667 18.816 0.027 4.73 173.0
2458312.76578 18.827 0.027 4.41 189.0
2458313.50313 18.783 0.036 6.86 261.0
2458313.61926 18.810 0.025 4.15 177.0
2458313.73618 18.851 0.029 3.58 241.0
2458314.47025 18.797 0.042 5.93 338.0
2458314.58176 18.835 0.036 5.89 230.0
2458314.71227 18.849 0.035 5.04 244.0
2458316.46745 18.757 0.049 6.38 394.0
2458316.58240 18.799 0.037 5.80 240.0
2458316.71106 18.750 0.036 5.80 223.0
2458320.52013 18.780 0.037 5.80 281.0
2458320.65107 18.726 0.028 4.64 235.0
2458320.76126 18.794 0.028 4.37 237.0
2458321.55319 18.825 0.043 5.77 333.0
2458328.52014 18.744 0.042 5.72 396.0
2458328.63203 18.825 0.045 5.95 355.0
2458328.74293 18.811 0.063 6.86 526.0
2458329.54195 18.800 0.041 5.42 351.0
2458329.65396 18.798 0.036 4.63 338.0
2458329.76160 18.670 0.036 4.65 449.0
2458330.58355 18.755 0.046 5.74 585.0
2458331.55912 18.798 0.030 4.93 196.0
2458331.68156 18.735 0.033 5.13 270.0
2458332.55998 18.789 0.034 5.53 244.0
2458332.68335 18.833 0.043 5.96 300.0
2458333.54078 18.810 0.031 4.52 251.0
2458333.67486 18.799 0.029 4.46 222.0
2458334.58514 18.786 0.035 5.55 258.0
2458335.53942 18.747 0.037 5.32 320.0
2458336.47351 18.821 0.047 6.64 283.0
2458336.61583 18.804 0.028 4.61 170.0
2458338.48923 18.751 0.043 6.74 282.0
2458338.61713 18.791 0.035 5.84 217.0
2458339.50557 18.767 0.028 4.38 237.0
2458339.64539 18.789 0.027 4.36 176.0
2458340.59909 18.746 0.031 4.99 224.0
2458341.49842 18.856 0.035 5.08 247.0
2458341.62054 18.768 0.025 3.86 175.0
2458342.52978 18.830 0.035 5.64 212.0
2458343.51129 18.781 0.035 5.20 245.0
2458344.54083 18.828 0.034 5.09 240.0
2458344.71569 18.780 0.035 5.29 258.0
2458345.57239 18.767 0.032 4.58 261.0
2458346.48037 18.823 0.041 6.03 234.0
2458346.61941 18.753 0.028 4.58 176.0
2458347.52501 18.817 0.029 4.73 188.0
2458347.70802 18.815 0.032 5.63 217.0
2458348.59165 18.784 0.034 4.75 244.0
2458355.56169 18.832 0.036 4.65 326.0
2458356.49688 18.802 0.041 4.96 379.0
2458356.69126 18.752 0.039 4.83 474.0
2458357.67348 18.734 0.037 4.60 402.0
2458358.58655 18.838 0.037 4.74 323.0
2458359.50223 18.856 0.039 5.91 234.0
2458359.66624 18.831 0.046 5.85 364.0
2458360.57862 18.854 0.044 5.58 311.0
2458361.48225 18.762 0.047 6.76 322.0
2458363.58344 18.745 0.030 5.29 218.0
2458364.52968 18.779 0.031 4.97 264.0
2458364.67665 18.816 0.034 5.81 217.0
2458366.66248 18.736 0.033 5.48 262.0
2458367.64421 18.798 0.034 5.47 246.0
2458368.59222 18.812 0.028 3.69 267.0
2458369.51777 18.742 0.030 4.34 246.0
2458370.49112 18.834 0.035 4.45 294.0
2458371.48373 18.889 0.035 4.40 294.0
2458371.65162 18.748 0.038 5.75 292.0
2458372.63448 18.723 0.037 5.71 288.0
2458373.62753 18.775 0.050 7.38 276.0
2458375.60183 18.775 0.039 6.19 226.0
2458376.53266 18.692 0.044 7.15 273.0
2458381.53428 18.756 0.050 5.63 580.0
2458382.55227 18.841 0.035 3.79 381.0
2458383.58881 18.734 0.044 5.25 466.0
2458385.56303 18.803 0.029 3.58 377.0
2458392.48331 18.693 0.060 7.33 474.0
2458394.51340 18.900 0.046 5.66 280.0
2458397.55918 18.802 0.039 6.29 240.0
2458407.49540 18.839 0.092 7.14 814.0
2458517.87992 18.858 0.070 7.58 485.0
2458519.87561 18.795 0.043 6.59 355.0
2458522.89285 18.814 0.067 5.34 1331.0
2458523.89520 18.891 0.061 5.18 901.0
2458526.89090 18.895 0.081 7.26 777.0
2458528.87322 18.807 0.043 6.31 304.0
2458528.88468 18.921 0.047 6.03 348.0
2458535.84984 18.776 0.050 6.68 390.0
2458535.88940 18.861 0.052 6.54 399.0
2458536.87833 18.805 0.042 5.59 363.0
2458537.86779 18.825 0.042 6.59 291.0
2458539.83572 18.767 0.048 6.67 338.0
2458539.87770 18.806 0.037 5.65 299.0
2458540.85950 18.751 0.043 4.76 597.0
2458544.81794 18.822 0.029 4.76 220.0
2458544.86088 18.817 0.029 5.72 201.0
2458546.82746 18.803 0.032 5.46 225.0
2458546.87794 18.786 0.031 5.42 210.0
2458547.82503 18.775 0.036 6.70 233.0
2458547.88713 18.763 0.029 4.93 215.0
2458548.83551 18.816 0.032 4.98 278.0
2458548.89100 18.723 0.030 5.34 288.0
2458549.82913 18.755 0.036 6.78 220.0
2458549.88002 18.768 0.035 6.90 220.0
2458550.84234 18.789 0.027 4.56 211.0
2458550.89129 18.748 0.032 6.16 224.0
2458551.85246 18.792 0.035 5.84 205.0
2458551.90115 18.761 0.040 6.85 235.0
2458552.87352 18.841 0.042 7.07 208.0
2458553.79880 18.805 0.041 7.10 212.0
2458553.85133 18.877 0.042 6.61 233.0
2458554.78787 18.838 0.045 6.84 243.0
2458554.82767 18.916 0.038 5.56 236.0
2458554.87764 18.815 0.032 5.86 207.0
2458555.78917 18.920 0.039 5.86 257.0
2458555.83847 18.858 0.036 6.86 224.0
2458555.88620 18.833 0.029 5.08 207.0
2458556.80971 18.740 0.032 5.42 250.0
2458556.85037 18.759 0.033 6.12 211.0
2458556.90016 18.851 0.037 6.30 231.0
2458557.81760 18.783 0.032 5.32 217.0
2458557.86716 18.861 0.032 5.52 210.0
2458557.90935 18.857 0.047 5.79 398.0
2458558.82013 18.867 0.037 5.94 219.0
2458558.85970 18.850 0.032 5.33 222.0
2458558.91107 18.777 0.036 5.54 306.0
2458559.80388 18.838 0.032 4.83 237.0
2458559.85377 18.783 0.025 4.12 204.0
2458559.89416 18.773 0.029 4.91 209.0
2458560.81394 18.768 0.028 4.04 276.0
2458560.85348 18.867 0.029 4.86 212.0
2458560.90264 18.813 0.029 4.64 229.0
2458561.80741 18.803 0.034 4.87 317.0
2458561.85979 18.777 0.034 5.19 281.0
2458561.89944 18.848 0.039 5.93 228.0
2458562.80496 18.761 0.049 6.65 405.0
2458562.84579 18.753 0.041 6.44 378.0
2458562.90245 18.819 0.043 5.84 344.0
2458563.78362 18.816 0.048 6.57 488.0
2458563.84173 18.736 0.034 4.29 409.0
2458563.88173 18.815 0.035 4.14 390.0
2458564.78001 18.793 0.040 5.45 392.0
2458564.83118 18.852 0.036 4.69 347.0
2458564.88105 18.822 0.033 4.35 359.0
2458565.77329 18.853 0.041 4.66 433.0
2458565.83840 18.895 0.042 5.01 382.0
2458565.88276 18.839 0.032 3.93 342.0
2458566.78987 18.807 0.036 4.43 398.0
2458566.83809 18.787 0.033 4.09 372.0
2458566.88912 18.810 0.035 4.97 335.0
2458567.85200 18.847 0.052 4.83 719.0
2458567.89889 18.914 0.063 5.08 798.0
2458573.87466 18.904 0.047 6.73 237.0
2458573.92498 18.851 0.056 5.74 570.0
2458574.81284 18.773 0.047 8.31 194.0
2458574.87450 18.803 0.034 5.97 195.0
2458574.91804 18.841 0.035 5.58 249.0
2458575.76869 18.791 0.034 6.17 213.0
2458575.80798 18.820 0.035 6.05 205.0
2458575.85612 18.792 0.032 5.28 212.0
2458575.89562 18.758 0.034 5.91 220.0
2458576.78387 18.772 0.034 6.37 211.0
2458576.82119 18.738 0.030 5.83 208.0
2458576.86928 18.826 0.035 6.33 190.0
2458576.91133 18.712 0.037 6.84 202.0
2458577.77333 18.815 0.044 6.88 248.0
2458577.83177 18.855 0.042 6.28 253.0
2458577.90441 18.887 0.049 6.84 276.0
2458578.72928 18.839 0.037 5.72 246.0
2458578.77627 18.844 0.033 5.41 227.0
2458578.81572 18.851 0.034 5.36 242.0
2458578.88317 18.830 0.032 5.15 242.0
2458578.92565 18.848 0.045 5.26 426.0
2458579.75416 18.795 0.034 5.55 259.0
2458579.79207 18.761 0.042 6.60 273.0
2458579.83900 18.821 0.041 5.80 307.0
2458579.89282 18.793 0.036 5.31 296.0
2458580.72642 18.834 0.043 6.55 274.0
2458580.76524 18.791 0.035 6.28 234.0
2458580.82214 18.819 0.034 5.83 224.0
2458580.85778 18.874 0.038 5.71 252.0
2458580.92551 18.911 0.059 4.21 1023.0
2458581.75678 18.839 0.035 6.09 225.0
2458581.87064 18.809 0.031 4.69 224.0
2458582.73181 18.852 0.038 6.74 211.0
2458582.82295 18.821 0.034 5.99 224.0
2458583.69942 18.868 0.043 6.52 269.0
2458583.77295 18.836 0.031 5.84 219.0
2458583.90077 18.804 0.031 4.50 245.0
2458584.73799 18.901 0.036 6.05 222.0
2458584.85115 18.786 0.026 4.64 196.0
2458585.72683 18.798 0.036 6.88 230.0
2458585.81534 18.821 0.028 5.04 214.0
2458586.75188 18.792 0.028 4.74 201.0
2458586.88021 18.855 0.032 4.75 200.0
2458587.70731 18.860 0.046 6.91 292.0
2458587.79279 18.783 0.033 5.85 219.0
2458588.68974 18.791 0.037 6.28 310.0
2458588.74846 18.774 0.031 5.96 243.0
2458588.88434 18.756 0.024 3.73 219.0
2458589.71903 18.854 0.039 5.36 336.0
2458589.80868 18.778 0.031 4.32 280.0
2458590.69253 18.884 0.046 6.34 418.0
2458590.74674 18.769 0.033 5.34 351.0
2458590.87355 18.781 0.025 3.15 292.0
2458591.71645 18.751 0.040 6.34 446.0
2458591.80872 18.761 0.032 4.80 374.0
2458592.73114 18.790 0.057 5.87 738.0
2458592.85455 18.856 0.044 5.79 456.0
2458593.72332 18.709 0.056 6.46 674.0
2458593.86131 18.824 0.051 5.26 844.0
2458594.69387 18.877 0.049 5.23 547.0
2458594.76423 18.785 0.043 5.74 448.0
2458594.88047 18.809 0.043 4.88 496.0
2458595.71246 18.942 0.095 7.08 945.0
2458599.69143 18.809 0.059 7.74 389.0
2458599.74516 18.681 0.041 7.00 269.0
2458599.80270 18.846 0.035 6.15 246.0
2458599.88436 18.824 0.029 4.27 254.0
2458599.93475 18.901 0.053 4.80 691.0
2458600.70233 18.836 0.037 6.08 229.0
2458600.85970 18.849 0.032 4.38 290.0
2458601.68296 18.804 0.032 5.93 222.0
2458601.78489 18.783 0.028 4.48 239.0
2458602.68007 18.830 0.029 5.28 208.0
2458602.76914 18.810 0.028 4.66 211.0
2458602.93504 18.698 0.047 3.86 1028.0
2458603.71755 18.819 0.032 5.36 202.0
2458603.87682 18.848 0.031 4.25 250.0
2458604.75249 18.862 0.040 6.29 209.0
2458604.87070 18.823 0.039 5.65 240.0
2458605.69484 18.882 0.037 5.86 226.0
2458605.81159 18.725 0.035 5.72 236.0
2458606.67248 18.810 0.031 4.87 234.0
2458606.76148 18.761 0.026 4.66 204.0
2458606.90996 18.811 0.027 3.83 254.0
2458607.69885 18.785 0.032 5.76 225.0
2458607.84132 18.763 0.029 4.31 248.0
2458608.65558 18.812 0.042 5.84 413.0
2458608.80081 18.820 0.029 4.00 262.0
2458609.66470 18.827 0.038 6.25 282.0
2458612.77074 18.776 0.039 6.85 200.0
2458612.91713 18.783 0.040 5.62 294.0
2458613.67620 18.859 0.036 5.61 224.0
2458613.81589 18.786 0.031 4.48 251.0
2458614.63869 18.798 0.043 6.26 317.0
2458614.71145 18.823 0.038 5.50 259.0
2458614.86968 18.747 0.034 4.42 344.0
2458615.66857 18.765 0.039 6.71 244.0
2458615.81343 18.831 0.028 4.16 205.0
2458616.63936 18.834 0.035 5.48 286.0
2458616.72885 18.803 0.027 3.96 249.0
2458616.87718 18.888 0.030 3.58 287.0
2458617.66647 18.743 0.033 5.49 273.0
2458617.78633 18.840 0.026 3.55 233.0
2458618.62865 18.850 0.045 6.88 339.0
2458618.72281 18.731 0.033 5.06 318.0
2458618.87461 18.832 0.039 4.81 392.0
2458619.65643 18.856 0.055 7.46 335.0
2458619.76177 18.730 0.034 5.04 309.0
2458620.62924 18.926 0.066 7.65 400.0
2458620.71206 18.742 0.045 6.38 332.0
2458620.88409 18.834 0.036 4.55 352.0
2458621.70372 18.691 0.052 5.98 556.0
2458621.86732 18.771 0.049 5.03 582.0
2458626.62078 18.733 0.057 7.59 374.0
2458626.67019 18.801 0.051 6.79 355.0
2458626.72050 18.789 0.045 6.31 330.0
2458626.77817 18.792 0.037 5.05 338.0
2458626.83579 18.803 0.043 5.25 406.0
2458626.88595 18.812 0.041 4.81 447.0
2458626.93567 18.704 0.043 5.26 535.0
2458627.66292 18.845 0.043 5.43 617.0
2458627.72533 18.687 0.030 4.19 403.0
2458635.65608 18.829 0.031 5.25 205.0
2458635.75424 18.858 0.032 4.92 219.0
2458635.88971 18.810 0.047 6.80 321.0
2458636.59506 18.770 0.033 5.63 236.0
2458636.71094 18.774 0.025 4.04 202.0
2458636.84684 18.818 0.028 4.10 226.0
2458637.57941 18.768 0.033 5.75 249.0
2458637.66093 18.845 0.029 5.33 172.0
2458637.80901 18.738 0.026 3.77 265.0
2458638.63050 18.792 0.032 6.30 222.0
2458638.71280 18.823 0.025 4.27 187.0
2458638.90511 18.822 0.036 4.75 368.0
2458639.74668 18.823 0.028 4.26 230.0
2458640.57857 18.788 0.037 6.52 248.0
2458640.66512 18.808 0.030 5.14 209.0
2458640.81899 18.755 0.034 4.97 257.0
2458641.58881 18.838 0.042 6.51 289.0
2458641.71682 18.891 0.029 4.23 240.0
2458642.65032 18.801 0.034 5.67 229.0
2458642.86902 18.807 0.041 5.27 336.0
2458643.56870 18.889 0.038 6.86 264.0
2458643.67561 18.797 0.026 3.92 227.0
2458643.80111 18.859 0.028 3.94 218.0
2458643.90198 18.828 0.039 5.41 297.0
2458644.58584 18.783 0.040 6.41 282.0
2458644.71303 18.764 0.027 4.37 215.0
2458644.82837 18.800 0.038 5.46 279.0
2458646.58323 18.836 0.047 7.04 275.0
2458646.63846 18.843 0.037 5.83 236.0
2458646.75047 18.778 0.038 5.74 272.0
2458646.85308 18.775 0.045 6.59 311.0
2458647.61883 18.804 0.037 5.24 317.0
2458647.70973 18.819 0.036 5.15 297.0
2458647.83021 18.801 0.039 5.64 302.0
2458648.62308 18.785 0.042 5.59 402.0
2458648.71696 18.876 0.053 6.44 360.0
2458648.83608 18.824 0.046 5.75 390.0
2458649.59171 18.867 0.063 6.49 514.0
2458649.67352 18.814 0.064 7.36 483.0
2458655.52918 18.897 0.039 6.97 319.0
2458655.70262 18.756 0.039 5.55 371.0
2458656.61433 18.818 0.035 4.84 407.0
2458656.67655 18.812 0.034 4.87 357.0
2458656.81577 18.855 0.035 4.69 300.0
2458657.54556 18.818 0.036 6.13 238.0
2458657.63853 18.821 0.031 4.88 212.0
2458657.75732 18.777 0.028 4.47 206.0
2458657.86780 18.839 0.039 5.34 291.0
2458660.50374 18.908 0.050 7.06 261.0
2458660.70723 18.809 0.027 4.39 181.0
2458661.54737 18.829 0.035 5.82 237.0
2458662.59322 18.825 0.049 7.67 251.0
2458664.56955 18.841 0.027 4.55 165.0
2458664.81771 18.799 0.031 5.38 276.0
2458666.54454 18.845 0.043 6.41 288.0
2458666.81838 18.827 0.046 7.74 208.0
2458667.66896 18.821 0.031 4.51 242.0
2458668.49302 18.784 0.046 7.49 261.0
2458668.76578 18.776 0.030 5.29 169.0
2458669.55193 18.802 0.041 6.29 290.0
2458669.81304 18.811 0.033 4.80 274.0
2458670.62164 18.797 0.023 3.96 178.0
2458671.67600 18.812 0.044 7.40 193.0
2458673.74501 18.800 0.033 5.61 227.0
2458674.73867 18.819 0.033 5.44 220.0
2458675.62831 18.823 0.038 4.05 502.0
2458676.49449 18.787 0.044 5.90 413.0
2458676.74345 18.789 0.038 4.84 370.0
2458676.81968 18.879 0.064 7.22 423.0
2458681.50287 18.808 0.064 6.58 634.0
2458681.65968 18.767 0.043 4.68 514.0
2458682.52873 18.798 0.042 5.45 382.0
2458683.52365 18.878 0.045 5.96 323.0
2458683.78355 18.907 0.048 5.77 347.0
2458684.52755 18.806 0.036 5.57 240.0
2458684.74089 18.821 0.032 4.42 264.0
2458685.57088 18.786 0.031 4.98 264.0
2458688.61280 18.872 0.047 7.59 199.0
2458689.54066 18.902 0.041 6.10 236.0
2458689.78557 18.869 0.049 6.52 296.0
2458690.52746 18.761 0.041 6.69 250.0
2458691.49475 18.833 0.027 4.25 241.0
2458691.75703 18.823 0.042 6.42 250.0
2458692.49735 18.872 0.039 5.45 283.0
2458692.69664 18.763 0.028 4.31 212.0
2458693.49652 18.792 0.044 7.19 223.0
2458694.53426 18.778 0.030 4.71 232.0
2458694.74225 18.878 0.028 4.02 206.0
2458695.53081 18.777 0.030 5.19 209.0
2458698.52250 18.793 0.030 5.01 195.0
2458698.75709 18.814 0.030 4.78 232.0
2458699.50197 18.842 0.036 5.29 252.0
2458700.50008 18.761 0.027 4.75 221.0
2458701.65378 18.779 0.031 4.63 233.0
2458702.49763 18.863 0.038 5.64 240.0
2458702.66014 18.855 0.030 4.70 215.0
2458704.72229 18.802 0.058 7.23 496.0
2458711.68279 18.764 0.080 7.45 757.0
2458712.63356 18.837 0.049 6.67 308.0
2458713.62506 18.685 0.041 6.51 276.0
2458715.51526 18.789 0.038 6.32 211.0
2458717.63673 18.821 0.037 6.10 212.0
2458718.65290 18.732 0.030 4.87 232.0
2458719.61986 18.762 0.039 6.47 240.0
2458721.69412 18.737 0.038 6.34 240.0
2458723.65197 18.787 0.033 5.13 243.0
2458724.65204 18.856 0.032 5.14 204.0
2458725.60237 18.820 0.033 5.39 206.0
2458726.64375 18.805 0.029 4.89 176.0
2458727.62566 18.736 0.035 5.24 272.0
2458729.64416 18.856 0.039 5.57 239.0
2458730.63112 18.722 0.032 5.61 218.0
2458731.61570 18.795 0.048 7.52 262.0
2458736.65142 18.810 0.064 7.45 485.0
2458737.63071 18.757 0.059 7.40 452.0
2458738.59965 18.804 0.049 5.77 446.0
2458739.51506 18.804 0.041 5.89 340.0
2458740.55763 18.764 0.046 6.27 358.0
2458741.61157 18.786 0.043 5.82 369.0
2458742.61049 18.784 0.044 5.84 371.0
2458746.60227 18.845 0.042 6.64 236.0
2458748.59729 18.756 0.043 6.29 294.0
2458754.59325 18.735 0.040 6.31 297.0
2458759.59146 18.843 0.057 7.16 356.0
2458783.52698 18.827 0.045 5.68 356.0
2458886.87041 18.839 0.044 6.88 260.0
2458887.86807 18.726 0.048 7.00 479.0
2458888.86801 18.789 0.063 7.27 552.0
2458889.86435 18.729 0.042 5.40 469.0
2458890.86275 18.712 0.036 5.37 383.0
2458892.86610 18.714 0.041 5.10 599.0
2458893.85399 18.706 0.038 5.85 384.0
2458909.84231 18.780 0.028 5.31 192.0
2458909.87775 18.781 0.024 4.47 184.0
2458910.83342 18.793 0.038 6.69 217.0
2458911.80625 18.866 0.041 6.88 242.0
2458911.85468 18.749 0.030 5.59 213.0
2458911.88899 18.876 0.040 6.48 220.0
2458912.82680 18.768 0.032 5.42 231.0
2458912.86146 18.798 0.029 5.40 191.0
2458913.83228 18.741 0.032 5.73 224.0
2458913.87502 18.797 0.034 6.32 199.0
2458914.83949 18.786 0.031 5.22 227.0
2458914.88168 18.742 0.029 4.79 227.0
2458915.81944 18.677 0.035 6.22 288.0
2458915.86230 18.797 0.029 5.31 194.0
2458915.89684 18.769 0.029 5.38 213.0
2458916.82190 18.816 0.037 5.25 351.0
2458916.85641 18.695 0.032 4.54 306.0
2458917.78625 18.695 0.044 5.81 547.0
2458917.82544 18.777 0.039 5.09 452.0
2458917.87013 18.737 0.036 5.16 387.0
2458918.79497 18.820 0.051 5.79 517.0
2458918.84412 18.755 0.036 4.90 411.0
2458918.87958 18.721 0.034 5.10 346.0
2458919.82888 18.712 0.036 5.28 400.0
2458919.87186 18.794 0.036 5.00 343.0
2458919.90656 18.743 0.037 5.01 403.0
2458920.82798 18.772 0.036 4.64 395.0
2458920.86693 18.765 0.032 4.16 350.0
2458920.90957 18.853 0.041 4.38 408.0
2458921.80810 18.744 0.037 5.24 398.0
2458921.85322 18.701 0.032 4.33 363.0
2458921.88817 18.783 0.034 4.16 354.0
2458922.82554 18.725 0.040 5.26 472.0
2459795.58308 18.760 0.029 5.35 197.0
2459795.62096 18.788 0.028 4.96 195.0
2459795.66619 18.758 0.037 6.82 211.0
2459795.70305 18.756 0.045 7.43 238.0
2459795.74565 18.783 0.047 7.06 297.0
2459796.52229 18.684 0.036 6.32 250.0
2459796.64444 18.655 0.028 5.23 230.0
2459796.68862 18.740 0.030 5.21 229.0
2459796.72621 18.702 0.034 6.58 211.0
2459797.54300 18.643 0.050 7.67 366.0
2459797.60129 18.672 0.038 5.78 296.0
2459797.64486 18.702 0.041 6.31 295.0
2459797.69231 18.752 0.037 5.56 309.0
2459797.74386 18.762 0.040 5.52 316.0
2459804.50634 18.744 0.036 4.86 377.0
2459804.54225 18.756 0.042 5.88 370.0
2459804.58715 18.859 0.046 5.73 356.0
2459804.62196 18.866 0.049 5.95 372.0
2459804.66603 18.694 0.044 6.02 423.0
2459804.70574 18.721 0.046 5.56 465.0
2459805.53074 18.788 0.051 6.31 386.0
2459805.56697 18.757 0.036 4.83 319.0
2459805.61018 18.675 0.033 5.11 337.0
2459805.64468 18.831 0.042 5.31 342.0
2459805.68741 18.720 0.039 5.36 386.0
2459805.72196 18.806 0.046 5.60 420.0
2459806.57568 18.725 0.048 7.18 328.0
2459806.62784 18.790 0.046 6.73 319.0
2459806.67387 18.746 0.046 6.56 319.0
2459806.70844 18.781 0.051 6.45 385.0
2459807.49177 18.792 0.036 5.96 229.0
2459807.54522 18.850 0.033 5.38 219.0
2459807.59273 18.713 0.031 5.66 210.0
2459807.64831 18.779 0.032 5.31 230.0
2459807.71423 18.858 0.042 5.92 288.0
2459807.74759 18.803 0.037 5.58 309.0
2459808.52032 18.765 0.031 5.37 204.0
2459808.58113 18.744 0.033 6.10 192.0
2459808.66830 18.683 0.033 5.83 247.0
2459808.70577 18.819 0.043 6.23 313.0
2459809.56848 18.759 0.039 6.78 197.0
2459809.60411 18.797 0.035 5.71 198.0
2459809.64941 18.700 0.033 6.08 200.0
2459810.47721 18.770 0.037 5.12 347.0
2459810.54209 18.792 0.026 4.32 197.0
2459810.67081 18.774 0.026 4.49 202.0
2459811.48416 18.694 0.039 6.29 235.0
2459811.51883 18.886 0.039 6.52 187.0
2459811.66929 18.749 0.028 4.65 193.0
2459811.70416 18.703 0.028 4.86 225.0
2459812.49105 18.716 0.042 6.92 216.0
2459812.52768 18.831 0.038 6.35 182.0
2459812.68893 18.812 0.029 4.52 190.0
2459813.48209 18.730 0.056 7.50 383.0
2459813.66307 18.828 0.036 6.16 195.0
2459813.69793 18.811 0.036 6.29 194.0
2459814.49229 18.799 0.038 6.44 228.0
2459814.54794 18.682 0.029 5.18 213.0
2459814.59086 18.845 0.037 6.07 211.0
2459814.68183 18.803 0.040 6.34 247.0
2459815.47877 18.819 0.041 5.13 426.0
2459815.53461 18.750 0.036 6.24 217.0
2459815.57736 18.786 0.034 5.69 224.0
2459815.69688 18.741 0.033 5.44 251.0
2459816.49875 18.750 0.040 6.81 214.0
2459816.53575 18.842 0.047 8.29 218.0
2459816.58035 18.769 0.030 4.91 209.0
2459816.68848 18.725 0.029 4.51 217.0
2459817.48469 18.756 0.038 5.84 287.0
2459817.52448 18.703 0.027 4.45 246.0
2459817.59473 18.768 0.032 5.26 235.0
2459817.64529 18.737 0.030 5.06 239.0
2459818.51787 18.818 0.052 7.99 256.0
2459818.57393 18.629 0.039 6.64 280.0
2459819.49616 18.751 0.028 4.52 282.0
2459819.56686 18.695 0.027 4.70 252.0
2459819.67141 18.735 0.029 4.98 316.0
2459820.52107 18.837 0.042 7.06 243.0
2459820.65852 18.636 0.028 4.93 227.0
2459821.49479 18.882 0.042 6.38 257.0
2459821.54474 18.728 0.029 5.69 191.0
2459821.68036 18.682 0.031 5.43 254.0
2459822.52132 18.824 0.033 5.37 229.0
2459822.58084 18.828 0.035 5.96 232.0
2459823.58235 18.764 0.044 7.09 270.0
2459823.66753 18.687 0.043 7.49 283.0
2459824.54739 18.750 0.051 7.16 329.0
2459824.59446 18.696 0.040 6.00 354.0
2459825.63233 18.693 0.052 7.31 411.0
2459829.56421 18.800 0.055 6.36 500.0
2459829.65734 18.663 0.058 6.86 634.0
2459830.48567 18.685 0.064 7.70 552.0
2459831.48968 18.844 0.059 7.14 468.0
2459831.53907 18.840 0.048 6.10 412.0
2459831.60743 18.799 0.051 6.13 477.0
2459832.49905 18.784 0.052 6.55 442.0
2459832.54879 18.806 0.048 6.08 446.0
2459834.54527 18.738 0.040 5.62 383.0
2459834.59273 18.762 0.046 6.08 423.0
2459834.64336 18.778 0.044 5.45 482.0
2459835.57350 18.695 0.045 6.73 344.0
2459835.62099 18.715 0.039 6.21 291.0
2459836.49091 18.826 0.064 7.90 397.0
2459837.62771 18.756 0.032 4.84 317.0
2459838.51840 18.810 0.038 5.75 266.0
2459838.57855 18.763 0.033 5.26 277.0
2459838.62619 18.705 0.034 5.56 299.0
2459840.52161 18.631 0.036 7.01 235.0
2459840.56921 18.841 0.045 7.07 252.0
2459840.63316 18.695 0.042 7.04 289.0
2459841.53385 18.710 0.033 5.75 277.0
2459841.58078 18.836 0.037 5.52 305.0
2459841.62503 18.735 0.042 6.61 328.0
2459843.58631 18.804 0.042 6.24 271.0
2459844.56897 18.800 0.037 5.77 284.0
2459844.61641 18.712 0.040 6.52 321.0
2459845.52809 18.680 0.033 6.43 240.0
2459845.57704 18.809 0.033 5.55 247.0
2459846.56769 18.842 0.053 7.73 271.0
2459846.61646 18.895 0.053 6.92 334.0
2459848.55369 18.769 0.045 6.65 317.0
2459848.60038 18.713 0.041 6.37 327.0
2459849.60951 18.636 0.035 6.17 278.0
2459850.57954 18.745 0.043 7.10 289.0
2459851.53219 18.790 0.048 7.22 299.0
2459852.49981 18.771 0.049 7.03 298.0
2459852.54427 18.822 0.045 6.80 301.0
2459852.59783 18.834 0.040 5.40 321.0
2459856.52509 18.678 0.050 6.53 496.0
2459857.54852 18.827 0.056 6.58 505.0
2459859.50735 18.694 0.034 4.95 439.0
2459859.55653 18.819 0.040 4.91 490.0
2459860.49600 18.810 0.070 7.19 624.0
2459860.54028 18.850 0.061 6.42 533.0
2459861.55729 18.682 0.054 6.41 600.0
2459862.53982 18.648 0.052 6.28 562.0
2459863.52187 18.686 0.041 5.54 444.0
2459864.51249 18.715 0.058 7.50 413.0
2459866.50260 18.842 0.047 4.88 538.0
2459866.55178 18.728 0.038 4.80 464.0
2459868.50226 18.659 0.051 5.74 568.0
2459869.51337 18.686 0.037 5.19 353.0
2459870.52011 18.845 0.043 5.87 332.0
2459875.50205 18.681 0.066 7.76 674.0
2459877.51374 18.796 0.051 6.36 437.0
2459984.87191 18.785 0.041 5.83 388.0
2459995.86220 18.778 0.029 4.49 287.0
2460000.84577 18.825 0.036 5.36 326.0
2460004.81460 18.731 0.029 5.31 264.0
2460007.81078 18.674 0.035 5.51 392.0
2460010.89207 18.790 0.048 6.83 371.0
2460011.89007 18.741 0.030 4.39 348.0
2460015.79785 18.778 0.039 5.40 464.0
2460021.81911 18.747 0.030 5.21 224.0
2460024.81130 18.787 0.026 4.42 216.0
2460027.77104 18.773 0.033 6.19 236.0
2460029.79708 18.806 0.032 5.95 200.0
2460031.86649 18.753 0.033 5.78 241.0
2460034.75280 18.725 0.030 6.01 215.0
2460036.87731 18.849 0.035 7.46 218.0
2460036.88632 18.770 0.024 4.19 209.0
2460039.77417 18.713 0.039 6.18 346.0
2460041.80163 18.748 0.038 5.33 385.0
2460047.90042 18.835 0.031 4.37 302.0
2460050.80969 18.784 0.029 5.29 194.0
2460053.72387 18.741 0.027 5.04 217.0
2460056.84765 18.819 0.027 4.46 218.0
2460059.66921 18.732 0.048 7.98 272.0
2460061.71115 18.790 0.027 4.56 232.0
2460063.70305 18.780 0.032 5.36 285.0
2460066.91510 18.749 0.024 4.12 229.0
2460068.89352 18.707 0.033 4.68 410.0
2460070.85343 18.851 0.058 4.90 940.0
2460076.73931 18.751 0.030 4.58 325.0
2460086.62757 18.795 0.040 5.86 305.0
2460087.66659 18.689 0.028 4.40 244.0
2460088.61080 18.797 0.042 6.14 313.0
2460089.76779 18.772 0.039 6.42 247.0
2460091.83563 18.743 0.035 5.16 306.0
2460093.89467 18.734 0.047 6.75 401.0
2460095.90479 18.758 0.040 5.67 342.0
2460097.59309 18.749 0.048 5.45 531.0
2460104.65503 18.730 0.036 5.91 293.0
2460105.78613 18.748 0.035 5.69 261.0
2460107.75141 18.752 0.047 7.76 227.0
2460109.59916 18.724 0.047 7.60 258.0
2460111.53197 18.711 0.041 6.17 303.0
2460112.63565 18.723 0.035 5.99 244.0
2460113.77294 18.809 0.039 5.76 278.0
2460118.68948 18.722 0.037 6.23 240.0
2460120.57049 18.718 0.035 5.85 242.0
2460122.49761 18.672 0.044 6.26 377.0
2460123.72466 18.711 0.032 5.01 295.0
2460125.49974 18.835 0.064 6.08 726.0
2460130.51600 18.755 0.064 6.60 725.0
2460131.78113 18.787 0.051 5.74 575.0
2460134.51965 18.777 0.043 6.50 315.0
2460139.71877 18.810 0.038 5.88 238.0
2460141.63741 18.735 0.036 6.22 216.0
2460143.64106 18.774 0.029 4.79 216.0
2460149.52466 18.786 0.037 5.92 271.0
2460157.66521 18.738 0.040 4.38 612.0
2460159.57717 18.704 0.034 4.54 342.0
2460160.74735 18.744 0.044 5.57 454.0
2460167.53489 18.721 0.039 7.03 199.0
2460169.65177 18.777 0.035 5.88 194.0
2460171.66837 18.772 0.032 5.03 240.0
2460174.62625 18.711 0.039 6.67 226.0
2460179.58807 18.753 0.032 5.22 247.0
2460185.55612 18.675 0.048 6.17 466.0
2460188.58070 18.776 0.047 6.68 385.0
2460201.60036 18.782 0.036 5.62 258.0
2460204.50320 18.692 0.044 6.67 304.0
2460212.55840 18.741 0.042 5.60 454.0
2460218.54253 18.686 0.049 7.07 363.0
2460225.56464 18.719 0.049 6.89 376.0
2460230.52635 18.740 0.060 7.50 424.0
2460243.51758 18.779 0.058 6.19 568.0
2460353.87603 18.737 0.039 5.73 319.0
2460364.89241 18.688 0.051 6.74 475.0
2460370.83526 18.716 0.034 4.56 390.0
2460377.82370 18.742 0.036 5.52 307.0
2460380.82880 18.815 0.043 5.82 333.0
2460383.80083 18.718 0.035 5.54 266.0
2460385.89808 18.796 0.037 5.80 237.0
2460388.91189 18.706 0.033 4.67 347.0
2460392.77267 18.806 0.040 5.26 362.0
2460394.84515 18.762 0.040 5.01 431.0
2460396.86974 18.744 0.042 5.95 426.0
2460398.76361 18.721 0.043 5.45 508.0
2460403.87977 18.807 0.031 4.61 237.0
2460406.76416 18.791 0.047 7.18 263.0
2460409.74278 18.792 0.036 5.47 282.0
2460416.77892 18.721 0.044 7.32 245.0
2460419.74910 18.804 0.036 5.23 277.0
2460424.75301 18.752 0.046 5.85 486.0
2460432.72883 18.725 0.040 6.56 290.0
2460434.72584 18.736 0.037 6.11 283.0
2460436.69956 18.743 0.039 6.94 212.0
2460439.82190 18.774 0.036 5.79 287.0
2460449.61439 18.744 0.042 6.57 307.0
2460450.61499 18.789 0.043 5.77 379.0
2460458.58445 18.724 0.054 7.09 412.0
2460459.85657 18.769 0.036 4.25 576.0
2460462.74703 18.725 0.025 4.42 195.0
2460464.81808 18.785 0.030 4.54 257.0
2460467.84344 18.814 0.042 5.59 395.0
2460473.60060 18.744 0.040 6.65 282.0
2460477.60312 18.786 0.041 5.89 327.0
2460479.60702 18.788 0.053 7.37 355.0
2460485.64599 18.726 0.049 6.77 438.0
2460487.63384 18.777 0.038 5.75 290.0
2460490.52795 18.742 0.044 6.26 375.0
2460491.81044 18.728 0.037 5.85 260.0
2460495.55454 18.684 0.040 7.16 218.0
2460496.82081 18.735 0.048 6.39 388.0
2460498.73701 18.720 0.031 5.55 195.0
2460500.60310 18.778 0.036 6.84 175.0
2460502.57379 18.776 0.045 7.56 230.0
2460504.55404 18.672 0.039 6.93 222.0
2460505.79849 18.680 0.039 6.90 232.0
2460513.61676 18.756 0.074 8.45 504.0
2460516.66835 18.707 0.036 6.13 254.0
2460518.69722 18.717 0.038 6.22 278.0
2460521.66428 18.721 0.029 5.50 206.0
2460530.60708 18.733 0.042 7.14 235.0
2460533.69143 18.754 0.035 6.27 196.0
2460542.58139 18.683 0.046 6.03 488.0
2460548.48432 18.766 0.050 7.60 271.0
2460554.66527 18.757 0.046 6.33 320.0
2460558.54338 18.740 0.032 5.61 250.0
2460560.63008 18.666 0.041 6.65 288.0
2460567.53609 18.823 0.054 6.92 458.0
2460567.62316 18.714 0.052 6.25 565.0
2460570.63233 18.680 0.055 6.39 663.0
2460574.58070 18.654 0.046 7.23 319.0
2460580.55187 18.671 0.047 7.73 271.0
2460585.50250 18.770 0.038 5.89 279.0
2460596.54095 18.695 0.053 6.33 603.0
2460597.55235 18.708 0.047 5.92 566.0
2460598.52399 18.738 0.051 6.20 538.0
2460599.53898 18.739 0.043 5.10 531.0
2460600.52623 18.724 0.048 5.40 695.0
2460601.53891 18.784 0.051 5.55 676.0
2460610.52439 18.670 0.046 6.13 468.0
2460718.87180 18.667 0.056 7.33 474.0
2460721.86977 18.557 0.042 6.78 396.0
2460724.86574 18.542 0.034 6.01 314.0
2460732.87802 18.574 0.040 7.39 246.0
2460735.83245 18.523 0.034 6.47 275.0
2460738.81973 18.639 0.031 5.28 269.0
2460740.89664 18.529 0.029 5.57 230.0
2460743.79906 18.528 0.029 5.21 300.0
2460745.79880 18.564 0.029 5.36 307.0
2460747.79144 18.518 0.030 5.00 402.0
2460749.78452 18.482 0.036 5.49 497.0
2460751.80694 18.550 0.031 4.70 376.0
2460753.75879 18.499 0.040 5.82 507.0
2460759.87216 18.505 0.029 5.94 258.0
2460762.84801 18.442 0.023 4.77 244.0
2460764.74667 18.448 0.028 5.58 303.0
2460766.73357 18.489 0.032 6.21 300.0
2460768.72970 18.453 0.028 6.19 267.0
2460770.72864 18.453 0.026 5.44 257.0
2460772.71949 18.416 0.031 6.43 300.0
2460773.89750 18.466 0.022 4.38 225.0
2460775.75717 18.506 0.038 7.08 342.0
2460778.70761 18.376 0.041 6.93 549.0
2460779.88377 18.400 0.029 4.94 453.0
2460786.72061 18.442 0.037 7.54 284.0
2460787.69049 18.430 0.027 5.91 235.0
2460788.84509 18.453 0.024 4.85 233.0
2460790.67562 18.447 0.026 5.56 259.0
2460791.81098 18.452 0.022 4.71 209.0
2460793.66276 18.406 0.030 5.82 327.0
2460794.76642 18.436 0.024 5.75 199.0
2460797.66612 18.447 0.028 6.13 240.0
2460798.78603 18.411 0.027 6.23 223.0
2460799.87032 18.386 0.025 4.81 302.0
2460801.64555 18.455 0.032 6.38 299.0
2460805.65253 18.445 0.037 6.37 439.0
2460806.75376 18.445 0.030 5.17 393.0
2460807.85668 18.429 0.031 4.44 559.0
2460814.70622 18.448 0.028 5.67 300.0
2460815.85867 18.422 0.022 4.32 262.0
2460817.62027 18.442 0.023 5.28 229.0
2460818.71328 18.490 0.021 4.76 190.0
2460819.78624 18.450 0.023 4.80 226.0
2460820.90888 18.454 0.033 5.54 384.0
2460822.60815 18.527 0.039 7.45 286.0
2460824.58221 18.510 0.033 6.59 264.0
2460825.58681 18.421 0.026 5.57 249.0
2460826.65661 18.455 0.023 4.84 240.0
2460828.58089 18.513 0.025 5.27 245.0
2460830.78001 18.528 0.027 5.53 254.0
2460831.90682 18.489 0.037 6.61 365.0
2460833.72169 18.558 0.036 6.22 330.0
2460834.91144 18.616 0.042 6.82 332.0
2460835.55021 18.494 0.045 6.43 585.0
2460841.73062 18.599 0.040 5.70 446.0
2460843.56473 18.506 0.041 7.14 376.0
2460844.64234 18.537 0.036 7.26 250.0
2460845.82078 18.595 0.045 7.21 347.0
2460846.84367 18.588 0.034 5.32 330.0
2460847.85630 18.546 0.037 5.74 354.0
2460849.69144 18.605 0.041 8.00 217.0
2460850.79069 18.511 0.025 4.59 260.0
2460853.50489 18.537 0.037 6.93 328.0
2460854.53310 18.595 0.040 7.26 297.0
2460855.53308 18.468 0.050 8.37 419.0
2460856.63278 18.542 0.025 5.43 210.0
2460858.53256 18.561 0.036 6.48 296.0
2460859.71072 18.572 0.025 4.61 203.0
2460860.72971 18.560 0.023 4.49 216.0
2460862.53131 18.562 0.045 7.23 410.0
2460868.61928 18.656 0.043 5.64 489.0
2460869.70668 18.565 0.033 5.49 327.0
2460871.49464 18.679 0.043 8.07 215.0
2460873.49881 18.546 0.029 5.59 258.0
2460874.62015 18.637 0.025 4.66 209.0
2460875.69927 18.622 0.029 5.57 223.0
2460877.53537 18.609 0.029 5.96 236.0
2460879.55637 18.577 0.024 4.96 190.0
2460880.79336 18.645 0.041 6.39 352.0
2460882.71494 18.569 0.031 6.31 243.0
2460885.76313 18.594 0.028 5.76 214.0
2460895.64879 18.723 0.049 5.78 509.0
2460898.52928 18.652 0.037 6.21 269.0
2460899.66223 18.657 0.030 5.22 265.0
2460901.54821 18.624 0.037 6.48 261.0
2460904.55537 18.592 0.034 6.35 263.0
2460911.66078 18.670 0.045 7.46 284.0
2460913.68850 18.706 0.032 5.50 239.0
2460915.66861 18.722 0.030 5.67 209.0
2460923.61840 18.692 0.045 6.06 501.0
2460924.62658 18.650 0.042 5.99 492.0
2460925.50839 18.658 0.045 6.82 408.0
2460925.55570 18.726 0.059 7.74 428.0
2460925.60284 18.781 0.055 6.72 475.0
2460925.64976 18.676 0.054 6.83 563.0
2460926.50906 18.698 0.046 6.43 433.0
2460926.55622 18.640 0.042 5.91 462.0
2460926.60738 18.591 0.053 7.33 542.0
2460927.50507 18.707 0.033 5.12 364.0
2460927.55230 18.630 0.033 5.45 381.0
2460927.60004 18.571 0.044 6.95 414.0
2460928.50743 18.651 0.030 5.64 251.0
2460928.55440 18.699 0.034 5.69 314.0
2460928.60161 18.601 0.037 6.12 357.0
2460928.64864 18.609 0.042 6.61 428.0
2460929.53284 18.731 0.031 4.98 259.0
2460929.58008 18.652 0.031 5.63 284.0
2460929.62704 18.671 0.037 6.26 355.0
2460930.50992 18.721 0.030 5.17 276.0
2460930.55699 18.663 0.030 5.29 300.0
2460930.60393 18.704 0.040 6.38 360.0
2460930.65117 18.685 0.046 6.48 474.0
2460931.52138 18.744 0.040 6.98 251.0
2460931.57362 18.550 0.034 6.46 267.0
2460931.62454 18.627 0.031 5.83 251.0
2460932.54399 18.714 0.034 5.59 290.0
2460932.59125 18.648 0.037 6.47 289.0
2460933.53585 18.701 0.034 5.42 320.0
2460933.58329 18.733 0.040 5.95 371.0
2460934.53643 18.690 0.031 4.75 325.0
2460934.58499 18.669 0.036 5.68 342.0
2460937.49627 18.707 0.045 7.33 293.0
2460942.57309 18.730 0.036 6.32 238.0
2460950.50048 18.584 0.045 6.87 432.0
2460953.57450 18.831 0.065 7.27 494.0
2460957.55582 18.749 0.048 6.71 487.0
2460965.53769 18.648 0.045 6.52 381.0
