2457790.87085 17.043 0.013 5.95 635.0
2457790.88639 17.042 0.018 4.93 2074.0
2457791.86596 17.055 0.012 4.87 571.0
2457792.86222 17.054 0.014 6.04 768.0
2457793.85965 17.031 0.012 4.80 806.0
2457794.86040 17.015 0.019 7.35 1016.0
2457795.87255 17.032 0.015 5.76 956.0
2457796.87931 17.043 0.012 4.50 777.0
2457797.87457 17.041 0.015 5.56 933.0
2457798.87423 17.065 0.014 4.75 657.0
2457799.86948 17.033 0.014 5.55 723.0
2457800.86400 17.023 0.012 4.90 633.0
2457801.88929 17.031 0.014 4.99 901.0
2457802.88763 17.041 0.017 6.67 838.0
2457803.87073 17.026 0.013 4.52 1023.0
2457808.89047 17.029 0.011 4.45 538.0
2457809.85155 17.033 0.012 5.37 525.0
2457809.89866 17.042 0.013 5.18 644.0
2457810.84752 17.043 0.012 4.99 540.0
2457810.90517 17.118 0.024 5.77 1412.0
2457812.86933 17.030 0.010 4.37 522.0
2457813.81368 17.054 0.014 5.71 671.0
2457814.82317 17.044 0.011 4.99 553.0
2457814.86898 17.046 0.010 4.39 491.0
2457815.88210 17.028 0.010 4.45 490.0
2457816.82670 17.024 0.011 4.93 542.0
2457816.87201 17.044 0.011 4.56 472.0
2457817.82327 17.026 0.011 4.81 604.0
2457817.86859 17.037 0.010 3.91 531.0
2457818.85480 17.014 0.009 4.40 520.0
2457818.89990 17.027 0.010 3.96 693.0
2457819.83461 17.030 0.011 4.96 486.0
2457819.88632 17.020 0.010 4.12 444.0
2457820.84336 17.017 0.012 4.87 562.0
2457820.88903 17.019 0.010 4.23 488.0
2457821.87181 17.027 0.012 5.17 563.0
2457822.85419 17.037 0.013 5.16 634.0
2457822.89891 17.028 0.012 4.86 522.0
2457823.83951 17.016 0.012 4.47 729.0
2457823.88410 17.048 0.011 4.14 617.0
2457824.83547 17.003 0.013 5.06 757.0
2457824.88022 17.028 0.013 5.23 674.0
2457825.87180 17.035 0.012 4.91 650.0
2457826.83071 17.024 0.013 5.10 772.0
2457826.87537 17.010 0.013 5.20 702.0
2457827.84907 17.027 0.011 4.54 622.0
2457827.89380 17.021 0.011 4.17 599.0
2457828.86280 17.035 0.011 4.39 614.0
2457828.90769 17.019 0.011 4.24 626.0
2457829.84484 17.019 0.013 4.97 772.0
2457830.85175 17.027 0.013 4.43 1027.0
2457830.89337 17.035 0.012 4.41 821.0
2457834.84747 17.051 0.013 5.66 495.0
2457834.89502 17.053 0.011 4.88 488.0
2457835.76845 17.038 0.013 6.38 465.0
2457835.84621 17.029 0.015 7.09 472.0
2457835.89286 17.039 0.011 5.06 460.0
2457836.77960 17.033 0.015 6.78 488.0
2457836.83002 17.023 0.012 5.48 442.0
2457836.87930 17.021 0.014 6.61 449.0
2457837.75124 17.062 0.013 6.24 459.0
2457837.79784 17.038 0.011 5.42 425.0
2457837.84397 17.026 0.010 4.79 424.0
2457837.89104 17.033 0.010 4.49 436.0
2457838.76668 17.027 0.014 6.39 523.0
2457838.82203 17.037 0.010 4.43 477.0
2457838.91734 17.039 0.012 4.59 707.0
2457839.77837 17.024 0.010 4.30 402.0
2457839.83392 17.045 0.009 3.98 389.0
2457839.88445 17.028 0.009 3.80 396.0
2457840.74451 17.056 0.014 6.85 507.0
2457840.79214 17.027 0.011 5.17 423.0
2457840.84878 17.023 0.010 4.72 422.0
2457840.89629 17.041 0.010 4.31 416.0
2457841.77367 17.035 0.015 7.38 457.0
2457841.81974 17.036 0.013 6.40 442.0
2457841.86722 17.021 0.015 7.04 465.0
2457842.76693 17.037 0.013 6.04 450.0
2457842.81335 17.058 0.011 5.22 429.0
2457842.85990 17.037 0.012 5.21 467.0
2457843.73631 17.038 0.012 5.77 463.0
2457843.78197 17.044 0.012 5.49 418.0
2457843.83751 17.040 0.012 5.51 401.0
2457843.88481 17.024 0.011 5.29 398.0
2457844.77850 17.028 0.010 4.48 405.0
2457844.83386 17.028 0.014 6.91 438.0
2457844.88016 17.034 0.014 6.85 437.0
2457845.72446 17.079 0.016 6.04 506.0
2457845.77184 17.036 0.011 5.13 440.0
2457845.82703 17.026 0.011 5.02 422.0
2457845.87428 17.025 0.010 4.56 418.0
2457845.92070 17.032 0.012 4.62 662.0
2457846.77365 17.035 0.011 5.09 422.0
2457846.81959 17.051 0.011 4.94 416.0
2457846.86589 17.034 0.010 4.37 424.0
2457847.75310 17.021 0.013 5.74 469.0
2457847.79943 17.077 0.011 4.66 437.0
2457847.85559 17.067 0.012 5.54 440.0
2457847.90465 17.043 0.010 4.39 414.0
2457848.78252 17.017 0.010 4.88 426.0
2457848.82810 17.034 0.010 4.56 396.0
2457849.71903 17.101 0.016 6.58 661.0
2457849.76456 17.024 0.010 4.70 509.0
2457849.81089 17.052 0.010 3.94 421.0
2457849.91608 17.020 0.010 3.95 491.0
2457850.74625 17.026 0.013 5.25 593.0
2457850.79279 17.037 0.012 5.25 518.0
2457850.83997 17.052 0.011 4.66 445.0
2457850.89690 17.019 0.011 5.46 432.0
2457851.73309 17.015 0.014 5.74 680.0
2457851.77928 17.028 0.014 5.67 595.0
2457851.82562 17.023 0.011 4.77 517.0
2457851.88413 17.038 0.010 4.63 439.0
2457852.85441 17.013 0.015 7.06 523.0
2457852.90378 17.054 0.017 7.78 460.0
2457853.86153 17.034 0.015 6.91 569.0
2457853.89238 17.035 0.013 5.93 538.0
2457853.92288 17.013 0.016 6.83 644.0
2457854.73305 17.031 0.012 4.82 766.0
2457854.78352 17.021 0.011 4.17 670.0
2457854.83490 17.058 0.011 4.38 626.0
2457855.73219 17.042 0.012 4.64 844.0
2457855.82536 17.029 0.013 4.78 709.0
2457855.88572 17.044 0.011 4.20 672.0
2457856.70810 17.035 0.019 7.22 858.0
2457856.75624 17.038 0.016 6.58 737.0
2457856.80479 17.055 0.015 5.98 682.0
2457856.85190 17.038 0.014 5.78 670.0
2457856.91179 16.997 0.017 6.82 681.0
2457857.80269 16.976 0.021 6.62 1509.0
2457857.85185 17.051 0.015 6.14 786.0
2457857.89857 17.013 0.015 5.75 750.0
2457858.76897 17.027 0.011 3.96 681.0
2457858.78055 16.993 0.012 4.91 662.0
2457858.79312 17.030 0.012 4.95 658.0
2457858.80579 17.051 0.012 4.60 675.0
2457858.81718 17.039 0.012 4.99 696.0
2457858.82845 17.016 0.014 5.12 994.0
2457858.83977 17.031 0.013 5.01 751.0
2457858.85342 17.018 0.013 5.19 709.0
2457858.86972 17.043 0.012 5.09 648.0
2457858.88257 17.037 0.013 5.34 647.0
2457858.90229 17.040 0.012 5.06 701.0
2457858.91680 17.029 0.012 4.98 630.0
2457862.79361 17.039 0.012 5.23 513.0
2457862.84183 17.032 0.012 5.24 512.0
2457862.90243 17.046 0.012 5.14 523.0
2457863.83161 17.037 0.011 5.17 479.0
2457863.90337 17.018 0.012 5.16 514.0
2457864.81046 17.040 0.009 3.66 427.0
2457864.91295 17.042 0.010 4.03 499.0
2457866.87751 17.017 0.009 3.30 478.0
2457866.92470 17.022 0.009 3.26 582.0
2457867.73258 17.011 0.009 3.99 431.0
2457867.84561 17.033 0.009 3.78 426.0
2457867.89542 17.024 0.010 4.30 435.0
2457868.75705 17.033 0.013 6.03 494.0
2457868.81398 17.050 0.015 6.41 494.0
2457868.87732 17.070 0.019 6.93 536.0
2457869.67019 17.072 0.012 6.05 474.0
2457869.72647 17.035 0.012 5.25 473.0
2457869.77262 17.028 0.011 4.10 442.0
2457869.82931 17.062 0.009 3.80 432.0
2457869.88900 17.032 0.010 3.99 499.0
2457870.75335 17.031 0.009 3.43 404.0
2457870.80950 17.034 0.010 4.29 417.0
2457870.86776 17.052 0.010 3.81 429.0
2457870.91533 17.019 0.010 3.83 462.0
2457871.72277 17.073 0.011 4.11 481.0
2457871.76876 17.032 0.010 3.91 470.0
2457871.84051 17.033 0.009 3.45 442.0
2457871.89444 17.002 0.010 3.60 483.0
2457872.73804 17.027 0.010 3.85 466.0
2457872.79500 17.036 0.009 3.46 451.0
2457872.86827 17.026 0.010 3.87 475.0
2457872.91785 17.030 0.010 3.70 521.0
2457873.68704 17.030 0.010 4.55 486.0
2457873.73292 17.038 0.010 3.88 458.0
2457873.77965 17.032 0.009 3.13 419.0
2457873.83802 17.027 0.010 4.00 463.0
2457873.89895 17.030 0.010 3.83 491.0
2457874.66227 17.086 0.017 6.68 563.0
2457874.70822 17.083 0.013 5.79 514.0
2457874.76350 17.058 0.014 6.27 504.0
2457874.82177 17.047 0.011 4.84 462.0
2457874.87100 17.028 0.012 4.86 562.0
2457874.91795 17.025 0.012 5.12 531.0
2457875.80602 17.011 0.009 3.95 601.0
2457875.87410 17.040 0.011 4.51 978.0
2457875.91097 17.023 0.011 4.63 678.0
2457876.65771 17.036 0.014 6.38 677.0
2457876.70521 17.041 0.012 5.29 556.0
2457876.75332 17.033 0.010 4.41 501.0
2457876.81231 17.049 0.010 3.68 473.0
2457876.87413 17.038 0.011 4.31 507.0
2457876.93127 17.013 0.011 4.19 658.0
2457877.68239 17.055 0.012 4.98 554.0
2457877.73888 17.028 0.009 3.63 478.0
2457877.79562 17.044 0.009 3.49 471.0
2457877.84643 17.018 0.010 3.68 565.0
2457877.89790 17.035 0.011 4.36 564.0
2457878.79266 17.043 0.009 3.53 494.0
2457878.85296 17.026 0.009 3.47 485.0
2457878.90017 17.023 0.010 3.80 533.0
2457879.65262 17.042 0.017 7.47 689.0
2457879.70912 17.046 0.013 5.53 567.0
2457879.75498 17.029 0.015 6.35 715.0
2457879.84078 17.052 0.014 6.18 525.0
2457880.66056 17.044 0.016 6.85 643.0
2457880.70709 17.055 0.015 6.67 603.0
2457880.75300 17.044 0.012 5.18 582.0
2457880.81322 17.033 0.013 5.25 596.0
2457880.86673 17.030 0.015 6.49 573.0
2457881.74274 17.056 0.018 7.11 702.0
2457881.80001 17.053 0.013 5.26 636.0
2457881.84945 17.014 0.013 5.41 654.0
2457881.90234 17.027 0.016 6.79 617.0
2457882.69665 17.021 0.017 7.37 688.0
2457882.74252 17.057 0.012 4.89 634.0
2457882.79977 17.025 0.014 5.72 669.0
2457882.85843 17.039 0.012 4.29 714.0
2457882.91415 17.018 0.012 4.88 783.0
2457883.86233 17.013 0.019 6.76 871.0
2457889.92683 17.053 0.020 6.68 1165.0
2457890.70973 17.015 0.014 5.96 619.0
2457890.85236 17.029 0.012 4.90 695.0
2457893.70373 17.017 0.012 5.22 511.0
2457893.75961 17.033 0.012 5.46 528.0
2457893.81787 17.016 0.011 4.49 503.0
2457893.86514 17.048 0.013 5.59 563.0
2457893.91160 17.014 0.013 5.25 609.0
2457894.64167 17.052 0.014 5.87 566.0
2457894.68768 17.024 0.010 4.35 472.0
2457894.84700 17.029 0.010 3.94 492.0
2457894.89412 17.034 0.012 4.89 549.0
2457894.93959 17.053 0.016 5.85 919.0
2457895.63749 17.137 0.010 5.01 671.0
2457895.78776 17.034 0.011 4.68 496.0
2457897.65185 17.073 0.017 6.26 530.0
2457897.74838 17.054 0.011 5.46 581.0
2457900.91065 17.010 0.016 7.17 575.0
2457900.92729 17.035 0.017 7.63 580.0
2457901.61875 17.037 0.013 6.61 530.0
2457901.66608 17.054 0.013 6.20 466.0
2457901.73303 17.045 0.010 4.87 564.0
2457901.80641 17.032 0.011 5.01 491.0
2457902.57758 17.079 0.018 7.93 602.0
2457902.62459 17.056 0.015 6.80 509.0
2457902.72774 17.030 0.011 4.76 470.0
2457902.78797 17.020 0.011 4.93 506.0
2457902.83405 17.032 0.016 7.12 556.0
2457902.93555 17.028 0.017 6.40 813.0
2457903.73052 17.070 0.017 7.34 467.0
2457903.79337 17.036 0.016 7.18 486.0
2457903.84936 17.021 0.014 6.18 552.0
2457903.89564 17.001 0.013 5.52 570.0
2457904.59177 17.065 0.016 7.66 562.0
2457904.63904 17.064 0.015 5.78 478.0
2457904.68301 17.034 0.010 4.78 432.0
2457904.73931 17.042 0.010 3.99 418.0
2457904.79851 17.026 0.010 3.98 413.0
2457904.84599 17.037 0.012 5.10 488.0
2457904.94133 17.048 0.017 6.74 830.0
2457905.65200 17.054 0.010 4.34 464.0
2457905.70735 17.045 0.009 3.74 419.0
2457905.76518 17.027 0.011 4.53 478.0
2457905.92416 17.011 0.012 4.71 622.0
2457906.56956 17.057 0.013 5.57 659.0
2457906.66335 17.033 0.010 4.04 480.0
2457906.71822 17.075 0.010 3.43 485.0
2457906.87259 17.012 0.011 4.36 605.0
2457906.91895 17.052 0.015 4.75 770.0
2457907.60626 17.009 0.012 5.21 808.0
2457907.71234 17.012 0.011 4.47 675.0
2457907.75208 17.037 0.010 4.15 626.0
2457907.82884 16.994 0.011 4.75 738.0
2457908.58564 17.035 0.016 6.37 778.0
2457908.63137 17.013 0.013 5.43 661.0
2457908.73380 17.042 0.010 3.64 577.0
2457908.79264 17.037 0.012 4.97 601.0
2457909.56387 17.010 0.017 6.61 963.0
2457909.60977 17.063 0.013 5.02 734.0
2457909.65912 17.045 0.011 3.94 626.0
2457909.71484 17.009 0.010 3.53 623.0
2457909.81093 17.023 0.011 3.78 699.0
2457909.84958 17.032 0.012 4.17 573.0
2457909.90057 17.002 0.011 4.34 688.0
2457910.61188 17.008 0.012 5.10 696.0
2457910.65870 17.045 0.012 4.73 620.0
2457910.71557 17.026 0.011 4.30 584.0
2457910.77527 17.049 0.011 3.85 639.0
2457910.82131 17.040 0.013 4.38 649.0
2457911.58492 17.074 0.017 6.55 914.0
2457911.62507 17.047 0.015 5.46 758.0
2457911.67230 17.027 0.013 5.19 723.0
2457911.71722 17.038 0.017 6.59 740.0
2457911.82600 17.047 0.018 6.69 845.0
2457916.55352 17.065 0.019 6.70 1078.0
2457916.60036 17.025 0.012 4.30 876.0
2457916.67780 17.035 0.012 4.06 890.0
2457916.72022 17.062 0.013 4.29 837.0
2457916.76532 17.044 0.011 3.39 786.0
2457917.54771 17.031 0.016 6.54 771.0
2457917.57239 17.054 0.015 6.24 747.0
2457917.62216 17.069 0.015 5.13 630.0
2457917.66915 17.039 0.012 4.56 596.0
2457917.71825 17.023 0.012 4.94 614.0
2457917.81413 17.081 0.017 6.27 750.0
2457917.85963 17.024 0.015 5.63 834.0
2457918.59257 17.129 0.019 6.40 935.0
2457922.57959 17.043 0.016 7.06 592.0
2457922.62974 17.100 0.016 5.53 553.0
2457922.68560 17.014 0.011 4.47 481.0
2457922.74440 17.044 0.013 5.43 529.0
2457923.55330 17.044 0.013 5.71 607.0
2457923.59862 17.037 0.013 5.91 531.0
2457923.64456 17.031 0.013 5.85 521.0
2457923.72017 17.032 0.014 6.23 546.0
2457923.76625 17.088 0.015 6.18 535.0
2457923.81428 17.076 0.018 6.63 591.0
2457924.71143 17.033 0.011 4.30 486.0
2457925.57902 17.119 0.021 7.52 542.0
2457925.79297 17.033 0.012 5.50 449.0
2457925.84517 17.030 0.012 5.49 527.0
2457926.56094 17.065 0.013 6.42 547.0
2457926.61333 17.070 0.013 5.95 516.0
2457926.67923 17.063 0.013 5.72 458.0
2457926.74279 17.046 0.013 5.99 498.0
2457929.81090 17.033 0.014 6.88 684.0
2457932.61909 17.042 0.013 5.22 491.0
2457932.72836 17.037 0.013 6.12 460.0
2457932.78352 17.014 0.013 6.06 490.0
2457932.82910 17.059 0.014 6.14 548.0
2457933.64411 17.036 0.013 5.93 424.0
2457933.76049 17.032 0.013 5.99 428.0
2457934.74793 16.980 0.010 4.47 473.0
2457935.53364 17.034 0.011 4.92 543.0
2457935.59006 17.056 0.011 4.48 493.0
2457935.64705 17.048 0.011 4.88 455.0
2457935.69635 17.033 0.011 4.20 468.0
2457935.74339 17.017 0.010 4.45 417.0
2457935.79037 17.009 0.009 3.98 414.0
2457935.85924 17.020 0.010 4.27 471.0
2457936.48874 17.051 0.013 5.97 622.0
2457936.54136 16.997 0.014 6.43 527.0
2457936.58897 17.036 0.011 5.14 469.0
2457936.63691 17.045 0.012 5.38 442.0
2457936.70924 17.026 0.011 5.21 434.0
2457936.76577 17.030 0.011 5.02 410.0
2457936.81349 17.076 0.014 4.98 416.0
2457937.48314 17.011 0.015 6.28 751.0
2457937.53007 17.059 0.014 5.85 648.0
2457937.57810 17.025 0.013 5.23 557.0
2457937.62530 17.089 0.011 4.56 472.0
2457937.67353 17.020 0.011 4.65 500.0
2457937.73161 17.028 0.012 5.20 461.0
2457937.78857 17.044 0.011 5.23 438.0
2457937.83546 17.023 0.013 6.15 512.0
2457938.55352 17.058 0.016 6.36 637.0
2457938.60198 17.032 0.015 6.55 580.0
2457938.65454 17.036 0.017 7.33 612.0
2457944.53308 17.082 0.016 4.95 870.0
2457944.57329 17.018 0.012 4.84 799.0
2457944.61195 17.040 0.012 4.44 755.0
2457944.70957 17.030 0.013 4.93 723.0
2457944.75631 17.012 0.014 5.36 757.0
2457945.51529 17.039 0.016 6.47 824.0
2457945.56157 17.028 0.012 4.99 632.0
2457945.60930 17.060 0.010 3.76 576.0
2457945.65782 17.027 0.011 4.36 554.0
2457945.70559 17.022 0.010 4.19 554.0
2457945.75294 17.025 0.010 3.82 613.0
2457945.79997 17.026 0.012 4.77 707.0
2457946.49583 17.069 0.012 5.36 473.0
2457946.55306 17.004 0.012 5.04 599.0
2457946.60109 17.020 0.012 4.96 571.0
2457946.66641 17.008 0.011 4.65 523.0
2457946.71395 17.046 0.013 5.38 535.0
2457946.76184 17.058 0.014 5.67 546.0
2457947.51296 17.079 0.014 6.53 477.0
2457947.65112 17.015 0.012 5.68 485.0
2457947.74514 16.991 0.015 6.69 554.0
2457948.47052 17.043 0.015 6.94 597.0
2457948.50582 17.055 0.012 5.72 478.0
2457948.56369 17.018 0.011 5.44 442.0
2457948.62137 17.045 0.012 5.60 470.0
2457948.67296 16.989 0.012 4.95 732.0
2457948.74353 17.089 0.013 5.36 574.0
2457948.79023 17.033 0.012 5.18 614.0
2457948.83455 17.013 0.013 5.33 685.0
2457949.63426 17.011 0.013 6.00 569.0
2457949.68844 16.968 0.016 7.02 650.0
2457949.73778 17.035 0.014 5.44 765.0
2457952.68965 16.989 0.011 4.96 454.0
2457952.74139 17.007 0.012 5.81 435.0
2457953.59225 17.021 0.010 4.54 419.0
2457953.64699 17.078 0.011 5.08 419.0
2457953.74979 17.022 0.011 4.92 408.0
2457953.79866 17.064 0.013 5.96 491.0
2457954.60153 17.012 0.009 3.91 399.0
2457954.66948 17.028 0.009 3.98 397.0
2457954.73037 17.034 0.010 4.84 522.0
2457954.78608 17.017 0.010 4.53 557.0
2457956.50577 17.039 0.012 5.07 558.0
2457956.78116 17.041 0.012 5.50 503.0
2457957.64028 17.089 0.014 5.97 463.0
2457958.59029 17.052 0.015 6.82 511.0
2457958.62446 17.061 0.015 6.94 471.0
2457960.48597 17.061 0.013 5.83 511.0
2457960.59810 17.037 0.009 4.66 427.0
2457960.65398 17.027 0.010 4.65 385.0
2457961.53807 17.050 0.010 5.04 536.0
2457961.63608 17.043 0.011 4.99 469.0
2457961.74832 17.036 0.014 6.73 588.0
2457962.65988 17.001 0.009 4.23 553.0
2457965.64065 17.036 0.011 4.33 534.0
2457966.70982 17.071 0.014 6.26 488.0
2457967.57219 17.071 0.014 5.78 544.0
2457972.66403 17.069 0.016 5.66 792.0
2457974.64405 17.035 0.012 4.72 595.0
2457979.47394 17.095 0.015 4.66 751.0
2457979.59248 17.039 0.010 4.01 519.0
2457979.64338 16.997 0.010 4.34 484.0
2457986.48548 17.037 0.011 4.45 519.0
2457987.66045 17.044 0.011 4.45 488.0
2457991.47697 17.084 0.015 5.45 711.0
2457998.47603 17.008 0.018 4.56 2438.0
2458010.49963 17.065 0.022 7.11 632.0
2458012.48053 17.052 0.014 4.52 1007.0
2458015.49308 17.066 0.019 6.41 548.0
2458015.54977 17.067 0.016 6.22 535.0
2458018.50376 17.017 0.011 4.19 539.0
2458029.55975 17.003 0.013 4.80 831.0
2458035.53056 17.048 0.015 6.09 638.0
2458039.49400 17.039 0.017 6.86 661.0
2458039.54948 17.058 0.020 8.14 637.0
2458041.48854 16.963 0.020 7.31 1162.0
2458056.49651 16.979 0.025 7.14 1716.0
2458162.84965 17.061 0.013 5.34 555.0
2458162.88821 17.018 0.012 4.39 1029.0
2458164.87376 17.060 0.012 5.19 555.0
2458166.84002 17.057 0.018 7.96 591.0
2458166.87905 17.040 0.013 5.82 564.0
2458168.86094 17.074 0.011 4.81 526.0
2458168.89846 17.011 0.019 5.28 1167.0
2458169.89794 17.062 0.016 4.26 1044.0
2458170.89495 17.067 0.013 4.11 811.0
2458171.85412 17.038 0.011 4.33 546.0
2458171.89162 17.004 0.011 3.89 677.0
2458174.88195 17.040 0.010 4.13 592.0
2458175.86827 17.068 0.010 4.31 482.0
2458176.81103 17.015 0.012 5.37 773.0
2458176.84868 17.033 0.010 4.12 559.0
2458176.88676 17.014 0.011 4.39 539.0
2458181.82598 17.031 0.012 4.82 801.0
2458181.86932 17.001 0.011 4.27 724.0
2458182.79808 17.087 0.015 5.47 843.0
2458182.87682 17.009 0.011 4.13 660.0
2458183.80271 17.045 0.014 5.67 823.0
2458185.82412 17.047 0.015 5.83 873.0
2458185.86271 17.061 0.013 5.06 780.0
2458185.90321 17.053 0.017 5.35 1123.0
2458189.81883 17.050 0.011 4.64 522.0
2458189.86585 17.040 0.010 4.32 504.0
2458190.80909 17.053 0.010 4.85 440.0
2458190.86607 17.034 0.008 3.31 427.0
2458190.91212 17.060 0.013 4.00 1116.0
2458191.82749 17.052 0.014 6.19 521.0
2458191.88340 17.048 0.012 5.55 474.0
2458192.79799 17.038 0.012 5.43 539.0
2458192.90204 17.016 0.010 4.15 469.0
2458193.81567 17.044 0.012 5.63 446.0
2458193.86373 17.025 0.011 5.41 440.0
2458193.91014 17.039 0.013 4.63 776.0
2458194.80983 17.028 0.011 5.07 451.0
2458194.85625 17.037 0.010 4.81 431.0
2458194.91390 17.058 0.012 3.78 995.0
2458195.79879 17.038 0.012 5.65 505.0
2458195.84569 17.053 0.012 5.40 477.0
2458195.90227 17.041 0.010 3.97 451.0
2458196.79850 17.015 0.010 4.08 458.0
2458196.84449 17.029 0.012 6.02 454.0
2458196.90028 17.037 0.011 4.65 440.0
2458197.76933 17.086 0.014 6.33 531.0
2458197.81492 17.035 0.011 4.98 474.0
2458197.86128 17.057 0.010 4.26 465.0
2458197.91602 17.009 0.011 3.32 1307.0
2458198.78676 17.037 0.010 4.12 476.0
2458198.83236 17.043 0.010 4.13 460.0
2458198.88728 17.051 0.011 4.69 530.0
2458199.76159 17.033 0.012 5.34 475.0
2458199.80689 17.040 0.011 4.87 442.0
2458199.86202 17.035 0.010 4.57 455.0
2458200.76761 17.056 0.013 5.80 557.0
2458200.81354 17.026 0.010 4.53 487.0
2458200.85991 17.042 0.010 3.80 504.0
2458200.91518 17.031 0.012 4.18 1025.0
2458201.77837 17.057 0.015 6.86 527.0
2458201.82451 17.048 0.013 6.18 475.0
2458201.87911 17.036 0.010 4.67 430.0
2458202.79156 17.034 0.010 4.59 518.0
2458202.83699 17.027 0.009 3.96 507.0
2458202.89255 17.038 0.009 4.02 480.0
2458203.76245 17.048 0.011 4.87 477.0
2458203.80815 17.039 0.010 4.36 450.0
2458203.85445 17.053 0.010 4.24 458.0
2458203.90947 17.046 0.010 3.88 486.0
2458204.77084 17.034 0.012 5.40 604.0
2458204.81654 17.051 0.011 5.17 489.0
2458204.87138 17.054 0.013 6.25 460.0
2458204.92169 17.039 0.014 4.74 1038.0
2458205.77201 17.061 0.015 6.38 599.0
2458205.81617 17.039 0.012 5.68 513.0
2458205.88474 17.040 0.012 5.61 467.0
2458206.73681 17.070 0.016 5.71 774.0
2458206.78234 17.057 0.011 4.41 610.0
2458206.82797 17.031 0.009 3.85 541.0
2458206.88289 17.029 0.009 3.51 417.0
2458207.73273 17.081 0.014 5.90 840.0
2458207.77819 17.028 0.011 4.71 674.0
2458207.82360 17.040 0.010 4.34 598.0
2458207.87024 17.036 0.009 3.58 533.0
2458208.72885 17.076 0.016 4.77 1034.0
2458208.77463 17.026 0.012 4.47 852.0
2458208.82028 17.001 0.010 3.83 734.0
2458208.86598 17.013 0.011 4.50 677.0
2458209.72389 17.047 0.014 5.65 947.0
2458209.77172 17.031 0.012 4.51 765.0
2458209.81799 17.050 0.011 4.21 669.0
2458209.86363 17.033 0.011 4.02 656.0
2458209.90970 17.037 0.011 4.44 661.0
2458210.74018 17.030 0.014 5.50 858.0
2458210.78769 17.025 0.011 4.29 697.0
2458210.83392 17.053 0.011 4.06 666.0
2458210.87963 17.047 0.011 4.03 648.0
2458211.72041 17.067 0.020 7.28 898.0
2458211.76806 17.035 0.013 5.34 750.0
2458211.81396 17.025 0.012 4.93 689.0
2458211.85969 17.051 0.010 3.92 659.0
2458211.90754 17.033 0.011 4.37 675.0
2458212.73380 17.001 0.021 5.75 2490.0
2458212.77234 17.012 0.014 4.18 1646.0
2458212.80963 17.030 0.010 3.71 748.0
2458212.85595 17.051 0.010 3.38 893.0
2458212.90240 17.054 0.010 3.28 734.0
2458217.78833 17.054 0.013 6.02 498.0
2458217.84061 17.032 0.010 4.58 469.0
2458217.89308 17.047 0.011 4.72 475.0
2458220.77710 17.041 0.013 6.09 427.0
2458220.82337 17.023 0.010 4.69 395.0
2458220.89597 17.052 0.010 4.79 449.0
2458221.70955 17.046 0.012 5.76 480.0
2458221.72713 17.043 0.012 5.83 437.0
2458221.82112 17.038 0.010 4.64 416.0
2458221.87573 17.048 0.009 3.90 439.0
2458222.69853 17.052 0.011 5.53 519.0
2458222.74454 17.015 0.009 4.26 434.0
2458222.79345 17.045 0.009 3.89 409.0
2458222.86803 17.048 0.012 5.16 456.0
2458222.91820 17.043 0.012 5.15 539.0
2458223.82404 17.017 0.012 4.67 467.0
2458223.87806 17.047 0.011 4.55 464.0
2458224.69243 17.050 0.014 6.06 592.0
2458224.73895 17.029 0.011 5.21 513.0
2458224.79855 17.063 0.012 5.18 502.0
2458224.85886 17.030 0.010 4.06 489.0
2458224.90818 17.034 0.010 4.44 462.0
2458225.83697 17.035 0.014 6.51 471.0
2458226.82925 17.049 0.012 5.77 449.0
2458226.88333 17.053 0.013 5.72 453.0
2458227.69409 17.017 0.012 5.51 504.0
2458227.74017 17.019 0.011 5.34 440.0
2458227.80916 17.039 0.010 4.29 402.0
2458227.86615 17.062 0.009 3.78 430.0
2458227.91448 17.007 0.010 4.33 476.0
2458228.76312 17.044 0.013 6.01 463.0
2458228.81055 17.039 0.009 4.11 415.0
2458228.88839 17.033 0.009 3.82 418.0
2458229.69347 17.029 0.012 5.77 502.0
2458229.74912 17.025 0.009 4.30 426.0
2458229.80664 17.039 0.009 3.67 386.0
2458229.85761 17.046 0.010 4.40 408.0
2458229.90511 17.027 0.009 3.82 436.0
2458230.71085 17.042 0.013 6.34 496.0
2458230.75922 17.027 0.011 5.40 456.0
2458230.81830 17.041 0.009 3.92 427.0
2458230.87853 17.040 0.010 4.29 440.0
2458231.81225 17.059 0.009 4.03 458.0
2458232.84662 17.076 0.010 4.33 450.0
2458233.69294 17.034 0.012 4.95 616.0
2458233.74262 17.055 0.010 4.02 535.0
2458233.84477 17.039 0.009 4.03 425.0
2458235.75255 17.022 0.010 3.85 622.0
2458236.69445 17.013 0.011 4.44 755.0
2458236.74441 17.047 0.011 3.74 863.0
2458236.82084 17.050 0.011 4.05 754.0
2458238.72453 17.067 0.014 5.32 878.0
2458238.77111 17.053 0.012 4.74 820.0
2458238.82609 17.012 0.012 4.88 794.0
2458238.88118 17.036 0.011 3.51 821.0
2458244.66789 17.045 0.012 5.42 611.0
2458244.71569 17.063 0.012 5.24 556.0
2458244.76227 17.043 0.012 5.20 564.0
2458244.82053 17.054 0.011 4.29 589.0
2458244.86879 17.042 0.011 4.20 613.0
2458245.73845 17.043 0.013 5.72 606.0
2458245.78498 17.018 0.015 6.27 656.0
2458245.83402 17.046 0.018 7.42 678.0
2458245.88112 17.073 0.014 5.37 683.0
2458246.72199 17.044 0.013 6.03 524.0
2458246.77229 17.031 0.013 5.46 565.0
2458246.82299 17.051 0.011 4.64 577.0
2458246.87209 17.054 0.012 4.55 627.0
2458246.92594 17.035 0.015 5.82 745.0
2458247.65857 17.025 0.012 5.22 598.0
2458247.70588 17.064 0.011 4.95 520.0
2458247.75226 17.029 0.010 4.62 489.0
2458247.81158 17.027 0.010 4.60 569.0
2458247.86769 17.034 0.012 4.57 612.0
2458247.91577 17.064 0.016 6.28 626.0
2458248.72299 17.054 0.014 6.37 494.0
2458248.77853 17.043 0.014 6.43 569.0
2458249.67361 17.056 0.015 7.02 540.0
2458249.72034 17.038 0.012 5.78 510.0
2458249.76692 17.045 0.013 6.37 455.0
2458249.81649 17.032 0.010 4.76 484.0
2458249.88206 17.033 0.013 5.30 584.0
2458249.92882 17.057 0.012 4.64 684.0
2458250.68138 17.042 0.010 5.06 416.0
2458250.72755 17.029 0.009 3.84 412.0
2458250.78392 17.053 0.009 3.63 440.0
2458250.84191 17.075 0.010 4.08 442.0
2458250.89120 17.035 0.010 3.91 483.0
2458250.93738 17.073 0.015 4.28 1278.0
2458251.70000 17.050 0.013 6.19 475.0
2458251.74646 17.015 0.014 7.02 473.0
2458251.81378 17.019 0.012 6.03 477.0
2458251.86750 17.066 0.011 4.56 501.0
2458251.91341 17.035 0.009 3.93 519.0
2458252.87771 17.038 0.011 5.23 551.0
2458252.92367 17.025 0.011 4.90 598.0
2458253.64749 17.071 0.012 5.47 487.0
2458253.69525 17.025 0.010 4.67 466.0
2458253.74196 17.028 0.010 4.23 440.0
2458253.80722 17.043 0.010 4.72 477.0
2458253.86677 17.027 0.010 4.65 484.0
2458254.67054 17.048 0.010 4.87 455.0
2458254.71672 17.045 0.009 3.54 444.0
2458254.78440 17.050 0.009 3.53 464.0
2458254.85125 17.022 0.009 3.32 481.0
2458254.90944 17.046 0.009 3.46 543.0
2458255.62451 17.064 0.011 5.15 486.0
2458255.68681 17.022 0.010 4.55 464.0
2458255.82576 17.018 0.010 4.23 502.0
2458255.87213 17.041 0.011 4.39 549.0
2458255.91837 17.064 0.011 4.37 557.0
2458256.63370 17.044 0.012 5.61 521.0
2458256.68174 17.051 0.011 5.34 455.0
2458256.72750 17.009 0.011 5.35 454.0
2458256.78883 17.041 0.012 5.65 507.0
2458256.83645 17.081 0.012 4.88 530.0
2458256.90060 17.043 0.011 4.58 577.0
2458257.61538 17.012 0.016 7.11 618.0
2458257.69459 17.027 0.011 5.45 467.0
2458257.74200 17.038 0.011 5.22 428.0
2458257.79180 17.035 0.011 4.74 437.0
2458257.84019 17.062 0.009 3.71 466.0
2458257.89465 16.986 0.011 4.49 559.0
2458258.66964 17.027 0.009 4.91 460.0
2458258.73877 17.074 0.009 4.05 418.0
2458258.79633 17.035 0.009 3.85 429.0
2458258.84793 17.036 0.010 3.96 456.0
2458258.91242 17.041 0.009 3.38 496.0
2458259.63519 17.051 0.011 5.00 597.0
2458259.71924 17.051 0.010 4.65 543.0
2458259.77936 17.029 0.009 3.68 516.0
2458259.83213 17.041 0.010 4.08 553.0
2458259.88481 17.040 0.011 4.59 603.0
2458260.59888 17.058 0.012 5.10 671.0
2458260.66415 17.000 0.009 4.37 595.0
2458260.83352 17.038 0.008 3.27 624.0
2458261.67177 17.009 0.010 3.78 510.0
2458261.72918 17.036 0.010 3.90 472.0
2458261.77944 17.024 0.011 4.64 440.0
2458261.86888 17.062 0.013 4.30 507.0
2458261.91650 17.034 0.011 4.12 576.0
2458262.62301 17.019 0.011 5.06 526.0
2458262.67389 17.046 0.010 4.14 448.0
2458262.72376 17.034 0.010 4.24 444.0
2458262.77191 17.047 0.012 5.73 462.0
2458262.84463 17.014 0.009 4.04 404.0
2458262.89179 17.029 0.009 3.64 470.0
2458262.92968 17.016 0.011 4.42 590.0
2458263.66329 17.069 0.010 4.30 553.0
2458263.71648 17.024 0.009 3.67 489.0
2458263.77794 17.031 0.009 3.63 570.0
2458263.83187 17.050 0.009 3.43 388.0
2458263.88892 17.032 0.010 4.25 431.0
2458264.69685 17.034 0.010 3.86 641.0
2458264.74600 17.013 0.010 3.79 563.0
2458264.79961 17.046 0.010 3.83 617.0
2458264.84941 17.053 0.011 4.16 646.0
2458264.90375 17.035 0.013 5.82 669.0
2458265.61073 17.033 0.014 5.38 782.0
2458265.65793 17.013 0.014 5.69 736.0
2458265.71136 17.053 0.011 4.32 649.0
2458265.76202 17.033 0.009 3.61 609.0
2458265.89629 17.049 0.013 5.46 635.0
2458266.67859 17.020 0.018 7.09 824.0
2458266.73131 17.043 0.014 5.67 751.0
2458266.79251 17.007 0.013 5.16 812.0
2458271.59585 17.117 0.016 5.90 831.0
2458271.63837 17.069 0.018 5.94 752.0
2458271.68654 17.021 0.013 5.43 779.0
2458271.79816 17.018 0.012 4.87 720.0
2458271.82356 17.081 0.013 5.09 735.0
2458271.85966 17.018 0.013 5.10 765.0
2458272.64680 17.041 0.010 4.21 566.0
2458272.70395 17.006 0.011 4.47 561.0
2458272.75323 17.049 0.012 4.66 561.0
2458272.80236 17.036 0.010 4.23 583.0
2458272.85236 17.011 0.010 3.97 605.0
2458272.90256 17.049 0.012 4.66 657.0
2458272.94245 17.030 0.015 5.29 983.0
2458273.62115 17.042 0.012 5.22 564.0
2458273.67092 17.034 0.010 4.21 500.0
2458273.73870 17.024 0.010 4.19 462.0
2458273.79445 17.038 0.010 4.50 488.0
2458273.84184 17.053 0.012 5.31 547.0
2458273.87714 17.044 0.011 4.77 544.0
2458273.91568 17.019 0.011 5.23 491.0
2458274.60216 17.057 0.012 5.70 495.0
2458274.64944 17.048 0.013 6.36 454.0
2458274.69752 17.048 0.012 5.73 483.0
2458274.75771 17.066 0.015 6.68 532.0
2458274.81055 17.042 0.015 6.93 586.0
2458274.86116 17.051 0.014 5.57 647.0
2458274.90920 17.066 0.017 6.43 897.0
2458275.59534 17.057 0.012 4.97 562.0
2458275.65316 17.034 0.011 5.48 458.0
2458275.71862 17.047 0.009 3.77 495.0
2458275.76834 17.047 0.010 4.09 496.0
2458275.82169 17.029 0.012 4.89 568.0
2458275.87316 17.022 0.013 5.41 626.0
2458275.92037 17.042 0.013 5.03 802.0
2458276.60293 17.066 0.013 5.98 564.0
2458276.64892 17.056 0.010 4.74 459.0
2458276.69960 17.044 0.010 4.33 424.0
2458276.76023 17.042 0.010 4.78 472.0
2458276.81053 17.040 0.010 4.15 499.0
2458276.85834 17.045 0.012 5.07 557.0
2458277.59699 17.068 0.012 5.21 498.0
2458277.66013 17.024 0.009 3.98 413.0
2458277.71228 17.015 0.010 4.98 415.0
2458277.76553 17.039 0.010 4.60 437.0
2458277.86289 17.007 0.011 4.54 558.0
2458277.91533 17.073 0.012 4.97 650.0
2458278.54927 17.098 0.014 5.97 582.0
2458278.59652 17.040 0.010 4.69 494.0
2458278.64447 17.041 0.011 5.27 489.0
2458278.74808 17.028 0.010 4.53 560.0
2458282.53513 17.035 0.013 6.30 562.0
2458282.58162 17.049 0.011 5.05 504.0
2458282.63005 17.054 0.010 4.31 416.0
2458282.68905 17.027 0.009 4.04 378.0
2458282.75230 17.048 0.010 5.37 407.0
2458282.81378 17.062 0.010 4.42 451.0
2458282.86410 17.039 0.010 4.28 495.0
2458282.90929 17.024 0.014 4.87 594.0
2458283.54780 17.083 0.013 5.68 540.0
2458283.59430 17.034 0.010 4.94 431.0
2458283.64104 17.026 0.011 5.46 439.0
2458283.70795 17.044 0.010 4.96 416.0
2458283.76126 17.035 0.011 4.78 451.0
2458283.80773 17.035 0.010 4.03 490.0
2458283.85648 17.023 0.012 5.09 545.0
2458283.90646 17.046 0.014 5.99 605.0
2458284.54801 17.081 0.013 5.69 604.0
2458284.59637 17.059 0.010 4.59 446.0
2458284.64250 17.034 0.011 5.15 469.0
2458284.70989 17.048 0.010 4.59 435.0
2458284.76147 17.041 0.010 4.20 429.0
2458284.80885 17.018 0.009 3.55 420.0
2458284.85723 17.012 0.011 4.72 478.0
2458284.90673 17.023 0.013 5.40 587.0
2458285.74350 17.034 0.011 4.99 438.0
2458285.78535 17.015 0.010 4.59 443.0
2458286.54673 17.048 0.011 5.20 454.0
2458286.59359 17.019 0.011 5.90 405.0
2458286.64154 17.054 0.010 4.68 372.0
2458286.71216 17.024 0.010 4.48 387.0
2458286.77754 17.037 0.010 4.22 389.0
2458286.83774 17.035 0.011 5.20 443.0
2458286.88557 17.005 0.010 4.21 514.0
2458287.58133 17.066 0.010 4.72 427.0
2458287.63611 17.029 0.010 4.41 400.0
2458287.70437 17.024 0.011 6.19 392.0
2458287.75376 17.046 0.010 4.42 374.0
2458287.81589 17.041 0.010 4.44 388.0
2458287.87764 17.038 0.009 3.85 457.0
2458288.55738 17.044 0.011 5.00 455.0
2458288.61190 17.025 0.010 4.59 415.0
2458288.66832 17.049 0.010 4.65 394.0
2458288.72897 17.040 0.010 4.37 391.0
2458288.78921 17.038 0.009 3.66 405.0
2458288.85077 17.060 0.013 5.82 529.0
2458289.55248 17.042 0.011 4.89 530.0
2458289.60024 17.054 0.010 4.46 459.0
2458289.66364 17.049 0.010 4.66 451.0
2458289.73509 17.042 0.011 4.98 441.0
2458289.79292 17.034 0.011 5.07 467.0
2458290.59835 17.040 0.011 4.95 503.0
2458290.66482 17.057 0.011 4.90 488.0
2458290.73096 17.034 0.011 4.92 475.0
2458290.78957 17.047 0.012 5.12 513.0
2458290.83768 17.012 0.013 5.69 579.0
2458290.88470 17.053 0.013 5.45 641.0
2458291.59231 17.053 0.011 4.18 935.0
2458291.64151 17.048 0.011 4.36 549.0
2458291.72120 17.012 0.011 4.40 580.0
2458291.76850 17.045 0.010 4.14 547.0
2458291.82597 17.032 0.010 4.21 509.0
2458292.55303 17.041 0.013 5.33 632.0
2458292.60016 17.047 0.012 4.94 537.0
2458292.64748 17.115 0.017 6.10 646.0
2458292.71504 17.042 0.012 4.72 607.0
2458292.77298 17.032 0.011 4.62 527.0
2458292.84929 17.038 0.011 4.26 527.0
2458293.55077 17.077 0.020 7.27 709.0
2458293.60961 17.062 0.014 5.93 606.0
2458293.67328 17.031 0.012 4.94 572.0
2458293.73405 17.020 0.012 5.20 608.0
2458293.78736 17.072 0.019 7.37 697.0
2458294.60037 17.064 0.024 7.45 913.0
2458294.71391 17.048 0.021 8.40 837.0
2458294.78801 17.048 0.018 6.95 972.0
2458294.83840 17.055 0.018 6.75 1017.0
2458299.52350 17.041 0.018 5.64 1445.0
2458301.60795 17.056 0.017 6.99 660.0
2458301.64839 17.034 0.015 6.55 643.0
2458301.70673 17.026 0.018 7.04 922.0
2458301.75229 17.015 0.013 5.82 611.0
2458301.80624 17.126 0.019 6.24 1280.0
2458302.58725 17.045 0.010 5.43 621.0
2458302.69456 17.109 0.017 6.88 895.0
2458303.63717 17.084 0.016 7.38 479.0
2458304.55468 17.042 0.015 6.71 546.0
2458304.59373 17.033 0.017 7.61 530.0
2458304.64477 17.061 0.016 7.20 525.0
2458304.70103 17.019 0.015 6.69 606.0
2458304.75463 17.026 0.017 7.78 602.0
2458305.52198 17.033 0.016 7.20 612.0
2458305.55425 17.029 0.015 6.91 557.0
2458305.66046 17.056 0.012 6.03 459.0
2458305.70069 17.038 0.012 5.55 446.0
2458305.76397 17.032 0.014 6.41 508.0
2458305.81190 17.018 0.016 7.48 547.0
2458306.58819 17.025 0.015 7.28 496.0
2458306.66383 17.045 0.013 6.02 479.0
2458306.71285 17.051 0.016 7.28 545.0
2458306.75969 17.058 0.014 6.41 509.0
2458306.79279 17.021 0.014 6.54 537.0
2458306.83704 17.018 0.015 6.39 639.0
2458307.49858 17.056 0.012 5.78 578.0
2458307.54542 17.060 0.011 4.86 571.0
2458307.60311 17.043 0.010 4.90 465.0
2458307.66402 17.035 0.010 5.00 405.0
2458307.71229 17.036 0.010 4.13 432.0
2458307.75936 17.036 0.010 4.44 469.0
2458307.81562 17.046 0.012 5.22 538.0
2458308.46768 17.012 0.015 6.47 731.0
2458308.51549 17.084 0.012 5.85 447.0
2458308.56250 17.048 0.010 4.97 407.0
2458308.60968 17.020 0.010 4.76 393.0
2458308.66769 17.032 0.010 4.77 397.0
2458308.72504 17.056 0.012 4.93 457.0
2458308.77282 17.040 0.012 4.68 535.0
2458308.82095 16.977 0.013 6.23 565.0
2458309.48511 17.028 0.011 5.14 506.0
2458309.53769 17.024 0.010 4.70 441.0
2458309.59549 17.033 0.009 4.13 404.0
2458309.65513 17.044 0.010 4.55 416.0
2458309.70378 17.037 0.009 3.50 381.0
2458309.75094 17.052 0.010 4.19 480.0
2458310.50215 17.063 0.013 5.38 463.0
2458310.54683 17.043 0.011 5.22 456.0
2458310.57770 17.083 0.011 5.04 491.0
2458310.61529 17.054 0.009 4.16 441.0
2458310.65635 17.042 0.010 4.81 483.0
2458310.69124 17.020 0.010 4.66 507.0
2458310.72445 17.012 0.010 4.85 462.0
2458310.77775 17.025 0.011 5.06 474.0
2458310.82828 17.054 0.017 6.15 546.0
2458311.50047 17.042 0.014 6.88 491.0
2458311.54967 17.063 0.013 6.48 447.0
2458311.59669 17.046 0.010 4.70 395.0
2458311.65476 17.033 0.010 5.00 416.0
2458311.71311 17.036 0.010 4.05 440.0
2458311.75954 17.043 0.010 3.95 499.0
2458311.80584 17.038 0.012 4.86 573.0
2458312.51613 17.052 0.012 5.48 503.0
2458312.56445 17.041 0.011 5.10 458.0
2458312.61529 17.060 0.010 4.33 390.0
2458312.67806 17.035 0.010 4.61 415.0
2458312.74779 17.042 0.009 3.62 511.0
2458313.47388 17.101 0.013 5.06 643.0
2458313.51684 17.049 0.011 5.31 518.0
2458313.61789 17.036 0.009 3.55 383.0
2458313.67249 17.014 0.009 3.63 426.0
2458313.71946 17.049 0.010 3.61 469.0
2458313.76623 17.029 0.010 4.16 490.0
2458314.48451 17.041 0.012 5.59 540.0
2458314.53256 17.022 0.011 4.99 460.0
2458314.58040 17.055 0.012 5.32 490.0
2458314.63811 17.039 0.011 4.92 466.0
2458314.69525 17.037 0.010 4.16 478.0
2458314.74188 17.044 0.010 4.10 456.0
2458316.47231 17.061 0.017 6.12 592.0
2458316.51584 17.063 0.012 5.46 515.0
2458316.56322 17.044 0.012 5.54 505.0
2458316.61296 17.030 0.011 5.32 475.0
2458316.66398 17.065 0.014 5.90 468.0
2458316.73038 17.029 0.017 7.42 530.0
2458320.46886 17.074 0.016 6.48 846.0
2458320.51879 17.045 0.012 5.57 562.0
2458320.56555 17.048 0.011 5.49 512.0
2458320.63317 17.040 0.010 4.62 473.0
2458320.68289 17.035 0.010 4.34 434.0
2458320.72893 17.040 0.010 4.57 465.0
2458320.77548 17.030 0.009 4.43 453.0
2458321.50550 17.018 0.013 5.39 716.0
2458321.55186 17.082 0.014 5.50 634.0
2458321.78174 17.033 0.020 7.06 1209.0
2458328.64659 17.025 0.015 6.06 706.0
2458328.69572 17.048 0.016 6.27 763.0
2458328.74165 17.037 0.016 6.25 880.0
2458329.46957 17.078 0.015 5.81 728.0
2458329.62130 17.037 0.013 5.88 660.0
2458329.66818 17.050 0.011 4.20 626.0
2458329.71431 17.054 0.010 3.77 670.0
2458329.76030 17.059 0.012 4.54 744.0
2458330.54116 17.035 0.009 4.46 518.0
2458330.60055 17.054 0.015 5.91 1223.0
2458331.61401 17.052 0.011 4.95 480.0
2458331.66200 17.038 0.011 4.63 504.0
2458332.46815 17.061 0.016 5.38 1003.0
2458332.52369 17.027 0.011 4.53 502.0
2458332.58133 17.032 0.012 5.52 506.0
2458332.63223 17.026 0.012 5.45 558.0
2458332.67896 17.080 0.013 5.64 577.0
2458333.47074 17.084 0.015 5.14 799.0
2458333.52085 17.037 0.010 4.01 542.0
2458333.57842 17.041 0.010 5.09 471.0
2458333.63876 17.059 0.009 3.90 425.0
2458333.68655 17.032 0.011 4.93 457.0
2458334.52281 17.030 0.010 4.30 522.0
2458334.58084 17.028 0.011 5.61 514.0
2458334.63964 17.045 0.010 3.97 485.0
2458334.68681 17.024 0.010 4.43 455.0
2458335.55098 17.035 0.011 4.24 597.0
2458335.66200 17.031 0.011 5.36 433.0
2458335.72538 17.031 0.013 6.09 613.0
2458336.56634 17.035 0.011 5.26 410.0
2458336.62896 17.039 0.010 4.08 375.0
2458336.67652 17.048 0.009 3.84 378.0
2458338.58703 17.074 0.013 6.09 470.0
2458338.64486 17.058 0.011 5.29 442.0
2458339.46960 17.051 0.015 5.97 800.0
2458339.51752 17.047 0.010 4.11 455.0
2458339.58321 17.040 0.009 3.83 388.0
2458339.64107 17.049 0.010 4.77 385.0
2458340.53447 17.029 0.011 4.99 490.0
2458340.62633 17.048 0.010 4.29 451.0
2458340.72446 17.055 0.012 5.63 437.0
2458341.61626 17.061 0.009 3.66 386.0
2458341.73616 17.032 0.010 4.30 410.0
2458342.58429 17.007 0.012 5.44 481.0
2458342.64825 17.028 0.012 4.91 472.0
2458343.52341 17.065 0.014 5.61 491.0
2458344.59987 17.028 0.011 4.16 477.0
2458344.69546 17.031 0.010 4.19 473.0
2458345.47035 17.027 0.017 6.18 964.0
2458345.59528 17.041 0.011 4.50 448.0
2458345.68555 17.047 0.010 3.90 416.0
2458346.53816 17.087 0.012 5.16 421.0
2458346.59929 17.055 0.011 4.71 421.0
2458346.71989 16.998 0.009 4.17 397.0
2458347.70324 17.032 0.010 3.93 412.0
2458349.62812 17.058 0.017 7.61 541.0
2458353.56045 17.054 0.013 5.09 684.0
2458353.60906 17.037 0.015 6.06 714.0
2458355.62487 17.021 0.011 3.99 694.0
2458355.67154 17.024 0.012 4.85 731.0
2458356.67096 17.017 0.010 3.66 703.0
2458357.66923 17.040 0.012 4.34 690.0
2458358.55696 17.021 0.014 5.81 636.0
2458358.64155 17.030 0.012 4.89 614.0
2458358.69274 17.080 0.016 6.33 742.0
2458359.55081 17.055 0.011 4.54 557.0
2458359.64938 17.035 0.013 5.51 631.0
2458359.69728 17.035 0.016 6.43 751.0
2458360.54635 17.102 0.015 6.22 555.0
2458360.59310 17.020 0.014 6.09 609.0
2458360.64480 17.045 0.013 5.21 684.0
2458363.55410 17.050 0.011 5.10 508.0
2458363.65085 17.047 0.012 6.40 427.0
2458364.55395 17.041 0.010 4.43 484.0
2458364.60031 17.035 0.009 4.04 480.0
2458364.67543 17.048 0.010 4.82 431.0
2458366.51433 17.090 0.014 4.93 452.0
2458366.58546 17.068 0.012 5.05 480.0
2458367.64301 16.996 0.010 4.73 491.0
2458368.54867 17.044 0.009 3.66 446.0
2458368.63988 17.054 0.010 4.03 507.0
2458370.60488 17.049 0.011 4.32 488.0
2458372.61796 17.023 0.011 4.89 501.0
2458375.48316 17.024 0.015 6.31 648.0
2458376.58062 17.045 0.012 5.41 545.0
2458376.62643 17.023 0.016 7.01 563.0
2458377.50633 17.071 0.020 6.78 1363.0
2458381.48714 17.014 0.020 6.44 1523.0
2458384.48752 17.069 0.014 5.22 733.0
2458413.52922 17.057 0.016 5.59 921.0
2458415.49642 17.100 0.023 7.00 1145.0
2458418.49845 17.050 0.018 6.53 840.0
2458419.49686 17.019 0.015 4.83 947.0
2458521.87219 17.031 0.010 4.45 568.0
2458522.86466 17.063 0.010 4.66 582.0
2458529.85713 17.090 0.013 5.79 556.0
2458531.85543 17.027 0.012 5.62 548.0
2458532.85743 17.048 0.014 5.94 773.0
2458533.86412 17.024 0.010 4.18 787.0
2458535.84645 17.038 0.015 6.19 751.0
2458536.87338 17.057 0.012 5.11 685.0
2458537.86287 17.109 0.017 6.67 590.0
2458538.88274 17.060 0.012 5.34 596.0
2458540.84358 17.058 0.014 4.69 1080.0
2458544.83633 17.032 0.009 4.48 446.0
2458544.88123 17.087 0.012 5.12 433.0
2458548.84479 17.038 0.010 3.92 527.0
2458549.83706 17.085 0.013 5.74 465.0
2458549.87810 17.050 0.011 5.39 465.0
2458550.84836 17.031 0.009 4.45 448.0
2458550.88789 17.063 0.010 4.89 462.0
2458552.85764 17.012 0.013 6.28 460.0
2458553.82665 17.076 0.017 6.46 489.0
2458553.87299 17.056 0.015 6.71 487.0
2458554.79683 17.044 0.014 6.54 497.0
2458554.84693 17.025 0.010 4.85 487.0
2458554.88682 17.029 0.011 5.57 445.0
2458555.79822 17.022 0.010 4.94 528.0
2458555.84631 17.006 0.010 5.11 454.0
2458555.89404 17.053 0.009 4.10 441.0
2458556.80479 17.044 0.012 5.46 501.0
2458556.84532 17.041 0.010 5.26 452.0
2458556.88545 17.016 0.010 5.29 461.0
2458557.79532 17.040 0.014 6.36 480.0
2458557.84945 17.004 0.010 5.09 446.0
2458557.89178 17.021 0.010 4.75 440.0
2458558.79298 17.032 0.011 5.54 498.0
2458558.84059 17.032 0.011 4.98 477.0
2458558.88025 17.053 0.010 5.11 429.0
2458559.77530 17.061 0.013 5.78 561.0
2458559.82326 17.062 0.010 4.31 450.0
2458559.86353 17.047 0.009 3.91 426.0
2458559.90353 17.044 0.010 4.85 463.0
2458560.80905 17.032 0.009 3.64 561.0
2458560.84853 17.037 0.009 3.87 443.0
2458560.88784 17.045 0.009 4.08 476.0
2458561.78849 17.091 0.012 4.41 652.0
2458561.82814 17.040 0.010 4.18 599.0
2458561.87040 17.032 0.010 4.23 512.0
2458562.77342 17.014 0.014 6.23 768.0
2458562.81440 17.033 0.014 5.93 753.0
2458562.86180 17.046 0.012 4.87 691.0
2458562.91009 17.023 0.015 6.08 738.0
2458563.79175 17.051 0.012 5.22 833.0
2458563.83985 17.043 0.010 3.89 733.0
2458563.88794 17.032 0.011 4.05 709.0
2458564.76203 17.036 0.012 5.19 788.0
2458564.81288 17.038 0.010 4.14 651.0
2458564.86280 17.058 0.010 3.87 642.0
2458564.90338 17.040 0.010 4.05 652.0
2458565.80066 17.048 0.012 4.86 719.0
2458565.84764 17.034 0.011 4.69 685.0
2458565.89210 17.018 0.010 4.21 630.0
2458566.78498 17.050 0.011 4.18 723.0
2458566.83312 17.030 0.011 4.59 685.0
2458566.87467 17.026 0.010 4.28 619.0
2458567.77605 17.067 0.014 4.42 1493.0
2458567.83562 17.040 0.010 4.10 682.0
2458567.88250 17.054 0.012 5.02 657.0
2458572.87275 17.059 0.011 5.33 557.0
2458574.72731 17.093 0.015 7.11 470.0
2458574.83148 17.047 0.013 6.58 439.0
2458574.88241 17.048 0.011 5.17 426.0
2458575.72752 17.048 0.012 6.03 468.0
2458575.76530 17.060 0.013 6.09 477.0
2458575.80450 17.043 0.012 6.01 452.0
2458575.85121 17.007 0.012 6.20 454.0
2458575.89069 17.039 0.011 5.00 461.0
2458576.77099 17.062 0.012 5.84 460.0
2458576.81475 17.048 0.013 6.15 461.0
2458576.85349 17.089 0.013 6.45 447.0
2458577.72727 17.059 0.014 6.39 543.0
2458577.80943 17.043 0.015 7.02 529.0
2458577.86318 17.010 0.012 6.50 523.0
2458578.71456 17.028 0.012 5.80 496.0
2458578.74775 17.026 0.011 5.22 495.0
2458578.78685 17.045 0.010 4.74 471.0
2458578.84560 17.047 0.011 5.05 510.0
2458578.89253 17.047 0.011 5.08 468.0
2458579.71424 17.058 0.014 6.12 596.0
2458579.76184 17.074 0.012 5.24 554.0
2458579.79808 17.022 0.012 5.40 552.0
2458579.83716 17.051 0.013 5.75 600.0
2458579.89896 17.121 0.014 4.79 592.0
2458580.72153 17.049 0.012 5.82 546.0
2458580.76031 17.062 0.012 5.75 485.0
2458580.80545 17.038 0.011 5.58 469.0
2458580.85138 17.070 0.012 5.84 507.0
2458581.72620 17.030 0.010 4.70 496.0
2458581.78217 17.069 0.011 5.40 458.0
2458581.83534 17.047 0.009 3.98 454.0
2458582.71803 17.033 0.011 5.66 454.0
2458582.76858 17.088 0.011 5.56 453.0
2458582.81954 17.043 0.011 5.38 471.0
2458582.87761 17.044 0.011 4.97 500.0
2458583.70519 17.079 0.012 5.82 535.0
2458583.74091 17.048 0.010 5.42 469.0
2458583.79897 17.052 0.010 5.17 454.0
2458583.84923 17.036 0.009 4.44 475.0
2458584.74552 17.045 0.010 5.14 459.0
2458584.79452 17.032 0.010 4.58 434.0
2458584.84930 17.031 0.010 4.74 424.0
2458585.70997 17.038 0.011 5.78 497.0
2458585.75025 17.061 0.012 6.37 479.0
2458585.79819 17.020 0.010 5.05 463.0
2458585.86772 17.016 0.009 3.87 456.0
2458586.71923 17.072 0.011 6.02 468.0
2458586.82409 17.008 0.009 4.53 414.0
2458586.89429 17.018 0.009 3.86 415.0
2458587.70087 17.010 0.013 6.26 594.0
2458587.74280 17.035 0.011 5.67 483.0
2458587.79091 17.026 0.011 5.44 465.0
2458587.87685 17.055 0.010 4.17 484.0
2458588.69697 17.026 0.013 6.17 614.0
2458588.73125 17.038 0.010 5.42 527.0
2458588.79666 17.067 0.010 4.52 424.0
2458588.85404 17.034 0.008 3.46 419.0
2458589.71419 17.044 0.011 4.78 670.0
2458590.68919 17.059 0.013 5.39 804.0
2458590.72793 17.034 0.011 5.58 685.0
2458590.78830 17.027 0.009 3.87 597.0
2458590.84153 17.032 0.009 3.17 584.0
2458591.72272 17.026 0.011 4.60 770.0
2458591.77108 17.055 0.012 5.21 712.0
2458591.82600 17.031 0.009 3.72 650.0
2458591.92278 17.043 0.011 4.41 665.0
2458592.80410 17.013 0.012 5.30 795.0
2458592.85274 17.057 0.012 5.11 794.0
2458592.89842 17.015 0.013 3.99 1291.0
2458593.74661 17.018 0.016 5.20 1769.0
2458593.80485 17.022 0.015 5.79 1000.0
2458593.89553 17.091 0.014 4.23 1179.0
2458594.67970 17.003 0.014 5.63 1036.0
2458594.72800 17.037 0.013 4.97 854.0
2458594.77698 17.069 0.012 5.14 727.0
2458594.83119 17.055 0.011 4.05 736.0
2458594.89338 17.058 0.014 4.66 854.0
2458595.72765 17.058 0.016 5.75 1027.0
2458599.66499 17.063 0.017 7.23 725.0
2458599.71472 17.014 0.012 5.58 585.0
2458599.75287 17.063 0.015 6.75 555.0
2458599.79623 17.038 0.011 5.75 511.0
2458599.86610 17.055 0.010 4.51 508.0
2458599.90495 17.042 0.011 4.61 521.0
2458600.69752 17.046 0.011 5.05 476.0
2458600.75476 17.044 0.010 4.47 477.0
2458600.80591 17.029 0.010 5.10 474.0
2458600.87086 17.033 0.010 4.24 561.0
2458600.91709 17.038 0.010 4.20 555.0
2458601.72374 17.062 0.010 4.87 500.0
2458601.78008 17.032 0.010 4.46 512.0
2458601.85964 17.044 0.009 3.32 503.0
2458602.73206 17.045 0.009 4.51 428.0
2458602.78921 17.035 0.009 4.32 462.0
2458602.86976 17.034 0.010 3.99 481.0
2458603.67163 17.065 0.011 5.51 487.0
2458603.71389 17.029 0.010 4.88 442.0
2458603.76998 17.058 0.010 4.42 413.0
2458603.83963 17.041 0.009 4.05 437.0
2458603.89057 17.061 0.011 4.12 514.0
2458603.93734 16.980 0.016 5.17 1514.0
2458604.75071 17.022 0.013 6.30 457.0
2458604.79398 17.025 0.012 5.62 449.0
2458604.91145 17.054 0.014 6.18 515.0
2458605.66926 17.073 0.013 6.30 498.0
2458605.71906 17.080 0.012 5.80 479.0
2458605.76927 17.038 0.012 5.68 482.0
2458605.84513 17.045 0.011 4.75 577.0
2458606.66912 17.067 0.010 4.25 484.0
2458606.70757 17.034 0.010 4.58 451.0
2458606.75970 17.050 0.009 4.00 424.0
2458606.82562 17.051 0.008 3.06 446.0
2458608.67714 16.997 0.011 5.17 630.0
2458608.78313 17.035 0.009 3.79 507.0
2458608.84884 17.059 0.009 3.60 511.0
2458609.66295 17.033 0.011 5.46 540.0
2458612.75470 17.063 0.013 6.43 443.0
2458613.64395 17.029 0.017 6.52 554.0
2458613.68829 17.041 0.011 5.28 472.0
2458614.63540 17.052 0.015 6.34 640.0
2458614.67792 17.019 0.015 7.05 549.0
2458614.72350 17.066 0.013 5.87 538.0
2458615.71569 17.040 0.013 6.24 545.0
2458616.63310 17.055 0.012 5.38 605.0
2458616.67771 17.052 0.011 4.94 542.0
2458618.63567 17.031 0.012 5.81 631.0
2458618.68630 17.011 0.013 5.88 627.0
2458618.73343 17.040 0.011 5.01 608.0
2458619.63917 17.041 0.015 6.50 671.0
2458619.67970 16.989 0.014 6.23 603.0
2458620.69147 17.024 0.014 6.27 634.0
2458620.93657 17.038 0.014 5.55 761.0
2458621.69900 17.049 0.017 6.45 852.0
2458622.67824 17.115 0.018 4.62 1437.0
2458626.63927 16.976 0.015 6.51 737.0
2458626.67635 17.003 0.018 7.65 722.0
2458626.71427 17.052 0.015 6.33 690.0
2458626.87972 17.058 0.013 4.64 782.0
2458627.61602 17.035 0.011 5.53 642.0
2458627.68071 17.021 0.010 4.76 462.0
2458627.71894 17.031 0.009 4.26 461.0
2458627.81054 17.048 0.011 4.65 592.0
2458635.66377 17.064 0.011 5.45 437.0
2458635.82419 17.031 0.010 4.56 509.0
2458635.86978 17.037 0.013 5.86 576.0
2458635.91559 17.044 0.015 6.77 605.0
2458636.61850 17.054 0.012 5.81 489.0
2458636.78023 17.024 0.009 3.80 409.0
2458636.82707 17.047 0.011 4.74 452.0
2458636.87257 17.021 0.010 4.35 508.0
2458637.58569 17.066 0.011 5.40 487.0
2458637.62571 17.100 0.012 5.64 405.0
2458639.66825 17.064 0.009 3.82 504.0
2458640.60191 17.031 0.011 5.60 482.0
2458640.64739 17.004 0.010 5.20 481.0
2458641.60877 17.058 0.011 5.21 553.0
2458641.66787 17.023 0.009 4.39 513.0
2458642.56360 17.043 0.012 5.69 685.0
2458642.70831 17.052 0.009 3.98 492.0
2458642.81779 17.052 0.012 4.92 545.0
2458643.57916 17.054 0.011 5.89 542.0
2458643.63249 17.026 0.009 4.46 460.0
2458643.74871 17.033 0.009 4.10 460.0
2458643.79803 17.041 0.009 3.67 434.0
2458643.84449 17.038 0.010 3.92 487.0
2458644.55798 17.059 0.013 5.64 594.0
2458644.59800 17.068 0.012 5.53 551.0
2458644.70995 17.033 0.010 4.18 442.0
2458644.85672 17.026 0.010 4.15 537.0
2458646.58015 17.049 0.016 7.20 601.0
2458646.61772 17.052 0.016 7.18 533.0
2458647.59075 17.067 0.014 5.69 670.0
2458647.62808 17.073 0.013 5.59 602.0
2458647.78017 17.065 0.013 5.67 601.0
2458648.62140 17.055 0.014 5.62 748.0
2458654.52412 17.121 0.015 5.20 1358.0
2458655.61670 17.039 0.011 4.33 1075.0
2458655.70089 17.033 0.015 5.82 1174.0
2458656.75079 17.049 0.010 4.76 558.0
2458657.54095 17.112 0.014 6.16 509.0
2458657.60415 17.062 0.012 4.98 436.0
2458657.65059 17.050 0.011 4.94 471.0
2458660.50683 17.045 0.014 6.69 531.0
2458660.59063 17.073 0.015 6.12 428.0
2458660.81528 17.026 0.010 4.46 543.0
2458660.86544 17.045 0.012 5.60 674.0
2458661.53810 17.086 0.014 6.32 527.0
2458662.55342 17.053 0.014 6.49 563.0
2458662.59655 17.074 0.018 6.74 552.0
2458662.76515 17.051 0.013 6.27 508.0
2458664.61074 17.060 0.010 4.96 371.0
2458666.75384 17.035 0.013 6.44 440.0
2458666.82300 17.068 0.014 6.73 450.0
2458667.72419 17.039 0.009 4.18 418.0
2458667.77167 17.035 0.009 3.95 426.0
2458667.81758 17.024 0.010 4.98 475.0
2458668.55564 17.097 0.014 6.52 453.0
2458668.67170 17.046 0.010 4.81 390.0
2458668.72202 17.072 0.012 4.81 383.0
2458669.67257 17.074 0.012 5.03 464.0
2458669.72283 17.041 0.011 4.98 443.0
2458669.77047 17.054 0.010 3.99 444.0
2458670.51155 17.067 0.011 5.30 512.0
2458670.55482 17.044 0.009 4.66 476.0
2458670.60142 17.036 0.009 4.02 399.0
2458670.72046 17.017 0.009 3.93 369.0
2458670.76888 17.029 0.009 3.58 400.0
2458673.59797 17.060 0.010 4.21 514.0
2458673.83463 17.045 0.015 6.98 586.0
2458674.73425 17.001 0.012 5.80 474.0
2458674.77526 17.033 0.013 6.05 519.0
2458674.82428 17.019 0.015 6.80 637.0
2458676.71929 17.042 0.011 4.63 598.0
2458676.75749 17.036 0.012 4.97 658.0
2458677.78013 17.023 0.012 4.40 838.0
2458681.62984 17.026 0.013 5.05 920.0
2458681.67107 17.012 0.014 5.09 968.0
2458681.73377 17.059 0.016 5.35 1043.0
2458681.78782 17.000 0.019 6.55 1261.0
2458682.65104 17.059 0.012 4.43 666.0
2458682.70588 17.029 0.012 4.26 710.0
2458682.75868 17.002 0.013 5.30 775.0
2458682.79720 17.065 0.021 7.04 877.0
2458683.46909 17.054 0.016 6.65 770.0
2458683.64347 17.022 0.012 5.34 568.0
2458683.68582 17.043 0.013 5.56 590.0
2458683.72911 17.027 0.012 5.17 597.0
2458684.47634 17.042 0.011 5.50 535.0
2458684.64369 17.050 0.011 4.41 591.0
2458684.70170 17.048 0.011 4.62 530.0
2458684.79160 17.026 0.011 4.64 597.0
2458685.68843 17.081 0.011 4.66 506.0
2458688.67044 17.048 0.011 5.06 401.0
2458688.75407 17.035 0.014 6.90 477.0
2458689.66472 17.053 0.012 6.07 426.0
2458689.71670 17.053 0.011 5.54 419.0
2458689.76194 17.050 0.015 7.07 504.0
2458690.65901 17.028 0.009 3.97 426.0
2458690.70506 17.036 0.009 3.96 412.0
2458690.74317 17.030 0.010 4.78 426.0
2458690.78753 17.048 0.012 6.08 507.0
2458691.46777 17.036 0.015 5.28 1007.0
2458691.50589 17.041 0.009 4.11 448.0
2458691.54390 17.050 0.009 3.81 385.0
2458691.63006 17.027 0.009 3.79 397.0
2458691.68055 17.058 0.010 4.21 476.0
2458691.73148 17.014 0.010 4.77 477.0
2458691.76942 17.017 0.013 5.93 491.0
2458692.66739 17.044 0.010 4.24 538.0
2458692.70915 17.025 0.011 4.65 462.0
2458692.75518 17.019 0.013 5.76 559.0
2458693.46870 17.067 0.020 7.28 886.0
2458693.68427 17.020 0.011 5.30 422.0
2458693.74991 17.046 0.012 5.45 493.0
2458694.63091 17.016 0.009 3.99 398.0
2458694.66928 17.036 0.008 3.51 382.0
2458695.47206 17.082 0.012 5.09 651.0
2458695.59555 17.031 0.009 4.11 405.0
2458695.65228 17.022 0.008 3.90 367.0
2458697.54078 17.135 0.019 7.17 490.0
2458697.71424 17.031 0.013 6.28 428.0
2458698.47198 17.069 0.013 5.41 633.0
2458698.60431 17.032 0.009 3.91 382.0
2458698.64692 17.043 0.009 4.05 375.0
2458698.69074 17.049 0.010 4.07 395.0
2458698.74135 17.022 0.010 4.22 435.0
2458699.56950 17.025 0.009 4.14 397.0
2458699.61915 17.026 0.009 3.87 383.0
2458699.66277 17.048 0.009 3.82 399.0
2458699.74636 17.036 0.009 3.93 422.0
2458700.57328 17.011 0.009 3.93 426.0
2458700.66837 16.999 0.010 4.52 485.0
2458700.71190 17.042 0.011 5.09 468.0
2458700.75125 17.009 0.011 4.75 537.0
2458701.47441 17.093 0.011 4.40 595.0
2458701.63115 17.007 0.010 4.15 497.0
2458701.66944 17.041 0.010 4.44 454.0
2458701.72067 17.013 0.011 4.85 475.0
2458701.75883 17.030 0.012 5.19 594.0
2458702.47390 17.062 0.014 5.75 623.0
2458702.58803 17.028 0.011 5.18 447.0
2458702.62665 17.034 0.010 4.36 441.0
2458702.67434 17.016 0.010 4.70 452.0
2458702.73016 17.034 0.010 4.66 438.0
2458703.57414 17.059 0.013 5.88 554.0
2458704.63116 17.058 0.014 5.59 722.0
2458704.69470 17.047 0.015 6.38 681.0
2458708.58127 17.009 0.009 3.53 720.0
2458708.61084 17.013 0.010 3.80 733.0
2458708.71061 17.052 0.013 4.03 1310.0
2458711.47302 17.031 0.014 5.00 1042.0
2458711.62533 17.034 0.013 5.21 736.0
2458711.66628 17.034 0.013 5.20 776.0
2458712.48950 17.134 0.019 7.74 538.0
2458713.63923 17.025 0.013 5.69 532.0
2458713.68002 17.033 0.012 5.18 573.0
2458713.71836 17.044 0.016 6.59 621.0
2458714.47650 17.048 0.013 5.69 563.0
2458716.48050 17.070 0.010 4.33 476.0
2458722.47484 17.059 0.013 4.71 788.0
2458722.58024 17.031 0.010 4.46 406.0
2458723.53053 17.049 0.010 4.28 496.0
2458723.58316 17.059 0.010 4.24 504.0
2458723.62340 17.011 0.010 4.83 492.0
2458723.66204 17.059 0.011 4.81 479.0
2458724.58201 17.026 0.010 5.35 411.0
2458724.62387 17.045 0.010 4.83 431.0
2458725.57389 17.054 0.011 5.45 433.0
2458725.61955 17.071 0.012 4.97 425.0
2458725.66072 17.065 0.011 5.40 435.0
2458726.47483 17.093 0.020 6.54 863.0
2458726.51967 17.024 0.011 5.57 412.0
2458726.56428 17.037 0.011 5.16 424.0
2458726.61769 17.021 0.011 4.97 403.0
2458726.65678 17.003 0.010 4.59 387.0
2458727.55721 17.057 0.014 6.21 497.0
2458727.59336 17.018 0.012 5.54 526.0
2458728.57667 17.024 0.011 5.02 483.0
2458728.61966 17.015 0.010 4.49 459.0
2458728.65811 17.084 0.012 4.45 472.0
2458729.47464 17.059 0.014 5.37 765.0
2458729.52130 17.112 0.015 5.63 435.0
2458729.56394 17.034 0.011 4.85 459.0
2458729.60871 16.992 0.010 4.26 478.0
2458729.65687 17.095 0.014 5.78 478.0
2458730.52193 17.055 0.014 6.80 449.0
2458730.56546 17.035 0.013 6.32 477.0
2458730.60531 17.032 0.012 5.60 451.0
2458731.51043 17.082 0.016 7.26 501.0
2458731.58084 17.060 0.014 6.13 494.0
2458731.62380 17.028 0.013 6.25 510.0
2458736.63477 17.056 0.015 6.06 806.0
2458737.60248 17.011 0.017 6.85 766.0
2458737.64186 17.038 0.016 6.53 806.0
2458738.53220 17.008 0.013 5.78 712.0
2458738.65191 17.038 0.024 7.74 958.0
2458739.62167 17.104 0.020 6.24 746.0
2458740.53064 17.055 0.016 6.96 664.0
2458740.56923 17.042 0.018 7.34 687.0
2458741.48075 17.094 0.017 6.25 796.0
2458741.52666 17.085 0.016 7.05 605.0
2458741.56845 17.030 0.013 5.97 616.0
2458741.62288 17.002 0.014 6.19 679.0
2458742.52841 17.045 0.014 6.02 630.0
2458742.56843 17.035 0.014 5.82 629.0
2458742.62190 17.052 0.014 6.04 673.0
2458752.48313 17.074 0.012 4.07 889.0
2458753.49570 17.110 0.017 6.05 547.0
2458757.49058 17.104 0.015 6.69 531.0
2458759.51858 17.097 0.019 7.06 560.0
2458763.50724 17.034 0.014 5.50 790.0
2458764.52908 17.025 0.013 6.00 616.0
2458766.56613 17.056 0.019 6.71 1136.0
2458768.48516 17.078 0.018 6.52 914.0
2458773.49445 17.098 0.019 7.10 775.0
2458773.54628 17.055 0.018 7.22 705.0
2458774.49869 17.061 0.019 7.80 668.0
2458774.57263 17.059 0.014 6.22 667.0
2458775.50247 17.055 0.016 7.11 616.0
2458776.53444 17.091 0.019 7.72 744.0
2458781.54164 17.031 0.013 4.94 666.0
2458783.49610 17.019 0.015 5.55 1000.0
2458784.51176 17.097 0.017 7.18 622.0
2458785.50364 17.096 0.022 7.66 947.0
2458787.50868 17.068 0.016 5.58 934.0
2458900.83928 17.074 0.012 5.63 496.0
2458901.84221 17.036 0.010 5.09 451.0
2458901.87536 17.080 0.012 5.11 432.0
2458902.82910 17.024 0.010 5.25 474.0
2458902.87734 17.020 0.009 4.64 427.0
2458903.82964 17.029 0.013 6.45 536.0
2458903.87401 17.050 0.011 5.44 484.0
2458904.83245 17.057 0.012 6.06 431.0
2458905.83438 17.008 0.009 4.47 442.0
2458905.87642 17.009 0.009 4.68 422.0
2458909.82624 17.008 0.010 5.62 443.0
2458909.86033 17.035 0.010 5.11 414.0
2458909.89350 17.044 0.010 4.55 510.0
2458911.81047 17.058 0.011 5.80 492.0
2458912.80354 17.076 0.012 5.95 497.0
2458912.83301 17.042 0.013 5.57 479.0
2458912.89977 17.030 0.012 5.27 677.0
2458913.81617 17.090 0.014 7.10 489.0
2458913.84957 17.080 0.012 6.03 451.0
2458913.88253 17.036 0.011 6.22 438.0
2458914.84547 17.020 0.010 5.09 476.0
2458914.87829 17.046 0.010 4.46 469.0
2458915.81451 17.050 0.013 6.00 596.0
2458916.79642 17.098 0.013 5.41 742.0
2458917.84322 17.050 0.012 4.35 752.0
2458917.87877 16.991 0.011 4.44 790.0
2458918.80132 17.024 0.012 5.22 903.0
2458918.86274 17.056 0.011 4.78 673.0
2458919.86844 17.020 0.011 4.82 633.0
2458919.90159 17.027 0.011 4.94 628.0
2458920.81345 17.037 0.012 5.11 742.0
2458920.85115 17.011 0.010 4.21 665.0
2458920.88424 17.017 0.010 4.68 617.0
2458921.78116 17.041 0.013 5.55 807.0
2458921.81464 17.051 0.011 4.74 697.0
2458921.84978 17.005 0.010 4.06 653.0
2458921.88320 17.025 0.010 4.27 636.0
2458922.80968 17.071 0.013 5.67 786.0
2459795.58181 17.043 0.011 5.85 425.0
2459795.65382 17.026 0.011 5.61 432.0
2459796.69978 17.028 0.010 5.33 428.0
2459797.59842 17.063 0.015 5.70 556.0
2459807.63469 17.015 0.010 4.89 469.0
2459808.48584 17.024 0.015 6.74 514.0
2459810.70251 16.992 0.009 4.58 396.0
2459812.55385 17.045 0.015 7.35 413.0
2459813.66185 17.026 0.012 5.99 426.0
2459815.47758 16.994 0.013 5.10 946.0
2459815.68313 17.019 0.011 5.26 486.0
2459816.47564 17.035 0.015 5.63 820.0
2459817.65433 17.008 0.010 5.77 503.0
2459818.68774 17.021 0.011 5.25 495.0
2459821.68554 17.020 0.012 6.07 512.0
2459837.62318 17.019 0.010 4.95 563.0
2459856.57915 16.973 0.019 6.84 1229.0
2459864.49517 16.978 0.019 6.59 1358.0
2459865.50674 17.033 0.017 7.25 717.0
2459870.51021 17.030 0.015 6.56 677.0
2460029.76787 17.044 0.011 5.70 452.0
2460036.89266 17.026 0.008 4.18 437.0
2460039.78038 17.017 0.012 5.71 638.0
2460041.82163 17.075 0.014 5.51 680.0
2460048.83196 17.007 0.009 4.61 499.0
2460048.89400 17.042 0.009 4.24 499.0
2460049.82802 17.042 0.010 5.22 460.0
2460049.87416 17.019 0.008 3.97 460.0
2460050.74990 17.026 0.010 5.48 462.0
2460050.89384 17.010 0.009 4.78 446.0
2460051.76688 17.015 0.011 5.69 441.0
2460052.85354 17.009 0.009 4.18 490.0
2460053.74652 17.033 0.009 4.91 442.0
2460053.78955 17.032 0.009 4.71 431.0
2460054.83871 17.037 0.008 4.02 444.0
2460056.74227 17.058 0.012 5.42 500.0
2460057.75472 16.985 0.011 6.04 476.0
2460058.72571 17.031 0.010 5.03 515.0
2460058.79740 17.053 0.011 5.12 513.0
2460058.91416 17.050 0.010 5.29 429.0
2460059.71272 17.015 0.011 6.04 485.0
2460060.70733 17.010 0.010 4.83 517.0
2460060.90223 17.022 0.008 3.53 470.0
2460061.72810 17.022 0.009 4.15 467.0
2460062.71328 17.029 0.010 4.93 497.0
2460062.84032 17.034 0.009 4.23 463.0
2460065.86234 17.040 0.010 4.87 492.0
2460066.72731 17.011 0.010 4.80 541.0
2460066.82683 17.050 0.010 4.77 493.0
2460067.72560 17.059 0.011 5.06 625.0
2460067.81201 17.045 0.011 4.81 610.0
2460067.85474 17.037 0.011 4.84 619.0
2460068.86818 17.032 0.012 5.00 782.0
2460069.67478 17.018 0.015 5.82 1084.0
2460069.79598 17.014 0.014 5.88 921.0
2460069.88093 17.020 0.013 4.89 990.0
2460070.83808 16.998 0.015 5.18 1320.0
2460076.77652 17.031 0.009 4.30 506.0
2460083.77079 17.006 0.011 4.71 568.0
2460083.85557 17.019 0.012 4.75 601.0
2460085.73033 17.024 0.012 5.17 494.0
2460086.67431 17.018 0.013 6.05 540.0
2460086.71235 17.028 0.013 5.99 513.0
2460086.83047 17.032 0.012 5.22 501.0
2460087.71608 17.054 0.010 4.11 481.0
2460087.75469 17.046 0.010 4.14 501.0
2460087.79483 17.010 0.011 4.51 514.0
2460087.83242 17.022 0.010 4.06 540.0
2460087.87131 17.031 0.010 4.14 548.0
2460087.91082 17.015 0.010 4.37 582.0
2460088.65860 17.033 0.014 6.40 517.0
2460088.69601 17.029 0.011 4.87 480.0
2460088.73344 17.021 0.011 5.17 457.0
2460088.77244 17.059 0.011 4.98 467.0
2460088.89333 17.079 0.017 6.50 616.0
2460088.93055 17.056 0.017 6.28 800.0
2460089.68512 17.024 0.012 4.96 555.0
2460089.76229 17.019 0.011 5.28 514.0
2460089.85878 17.032 0.013 5.89 574.0
2460089.89637 17.024 0.014 5.95 600.0
2460089.94043 16.987 0.021 6.32 1768.0
2460091.63222 17.040 0.013 5.29 670.0
2460091.67158 17.018 0.012 5.02 614.0
2460091.71150 17.044 0.012 5.08 541.0
2460091.75080 17.038 0.010 4.45 563.0
2460091.79084 17.044 0.012 4.74 569.0
2460091.82945 17.026 0.012 5.40 604.0
2460091.86701 17.021 0.012 4.83 626.0
2460091.91864 16.986 0.012 5.06 800.0
2460092.92757 17.016 0.013 5.45 666.0
2460093.92500 17.041 0.016 6.61 803.0
2460094.83296 17.042 0.010 4.35 464.0
2460094.87033 17.027 0.010 4.29 517.0
2460094.90795 17.016 0.010 4.30 624.0
2460095.80524 17.029 0.011 4.41 580.0
2460095.84395 17.018 0.011 4.85 554.0
2460095.88114 16.987 0.013 5.78 602.0
2460095.91902 17.034 0.013 5.45 635.0
2460095.94570 17.040 0.019 5.13 2072.0
2460096.79318 17.025 0.012 4.57 656.0
2460096.83064 17.031 0.011 4.43 686.0
2460096.86786 17.026 0.011 4.50 660.0
2460097.79108 17.004 0.013 4.59 840.0
2460097.83495 17.014 0.014 5.22 856.0
2460097.87214 17.071 0.016 5.44 882.0
2460097.90989 17.057 0.018 6.18 901.0
2460104.71215 17.019 0.012 5.19 547.0
2460104.75328 17.030 0.012 5.38 543.0
2460104.79195 17.028 0.013 5.50 588.0
2460104.83003 17.023 0.013 5.52 641.0
2460104.86811 17.041 0.012 4.71 679.0
2460104.90812 17.042 0.014 5.23 848.0
2460105.60766 17.020 0.014 6.13 501.0
2460105.64522 17.043 0.015 5.28 494.0
2460105.68260 17.046 0.013 5.54 506.0
2460105.72126 17.011 0.013 5.34 610.0
2460105.76083 17.022 0.011 4.99 534.0
2460105.79903 17.028 0.011 4.75 504.0
2460105.83729 17.017 0.012 5.46 495.0
2460105.87543 17.033 0.011 5.03 543.0
2460107.72165 17.044 0.014 6.58 474.0
2460107.80473 17.023 0.014 6.32 493.0
2460107.84349 17.058 0.015 6.50 551.0
2460107.88981 17.028 0.016 6.99 595.0
2460108.56410 17.028 0.012 5.63 517.0
2460108.68449 17.013 0.013 5.95 462.0
2460108.72282 17.074 0.016 5.84 503.0
2460108.76291 17.036 0.014 6.17 513.0
2460108.80123 17.057 0.015 6.37 508.0
2460108.84279 17.040 0.016 6.72 606.0
2460108.90122 17.022 0.021 8.15 771.0
2460110.58417 17.036 0.012 5.45 535.0
2460110.62372 17.056 0.012 5.42 490.0
2460110.66417 17.031 0.010 4.36 453.0
2460110.70359 17.024 0.011 4.91 476.0
2460110.86499 17.067 0.014 5.63 654.0
2460110.89982 17.055 0.015 5.40 773.0
2460111.58383 17.037 0.011 4.92 507.0
2460111.62320 17.024 0.010 4.26 500.0
2460111.66269 17.033 0.010 4.37 466.0
2460111.70353 17.034 0.009 3.79 440.0
2460111.74224 16.985 0.010 4.66 443.0
2460111.78107 17.043 0.012 4.38 516.0
2460112.56221 16.992 0.013 5.60 541.0
2460112.64574 17.012 0.011 4.97 494.0
2460112.68459 17.031 0.011 4.76 529.0
2460112.72629 17.029 0.011 4.61 535.0
2460112.76554 17.018 0.012 5.03 535.0
2460112.84226 17.020 0.011 4.75 580.0
2460113.52229 17.080 0.017 5.67 688.0
2460113.64686 17.022 0.011 5.02 427.0
2460113.67885 17.046 0.011 4.88 451.0
2460113.71945 17.032 0.011 4.75 464.0
2460113.76369 17.014 0.012 5.41 521.0
2460113.80070 17.037 0.011 4.95 525.0
2460113.84427 17.014 0.012 5.68 544.0
2460113.88635 17.043 0.017 7.43 650.0
2460114.79378 17.017 0.016 7.13 614.0
2460114.85822 17.026 0.017 6.94 746.0
2460116.63331 17.027 0.013 5.92 491.0
2460116.76501 17.028 0.012 5.78 477.0
2460116.80898 17.042 0.012 5.52 509.0
2460118.65810 17.035 0.013 6.20 499.0
2460118.77939 17.030 0.014 6.07 516.0
2460118.81685 16.993 0.012 5.99 541.0
2460119.59718 17.013 0.014 6.44 518.0
2460119.77221 16.992 0.014 6.58 495.0
2460119.85822 17.014 0.012 5.49 534.0
2460119.88630 17.021 0.014 6.00 595.0
2460120.64473 17.017 0.011 5.09 457.0
2460120.69105 17.030 0.011 4.98 431.0
2460120.72527 17.029 0.011 5.23 428.0
2460120.77312 17.028 0.011 5.30 441.0
2460120.80573 17.034 0.013 5.92 480.0
2460120.84361 17.013 0.011 5.25 515.0
2460121.51843 17.032 0.018 7.34 706.0
2460121.58823 17.016 0.016 7.34 544.0
2460121.63599 17.061 0.015 5.96 527.0
2460121.67530 17.021 0.014 6.53 528.0
2460121.71354 17.015 0.013 5.51 563.0
2460122.66668 17.008 0.012 5.39 489.0
2460122.71244 17.026 0.011 4.94 583.0
2460122.79500 17.017 0.012 5.52 510.0
2460122.83330 17.037 0.013 5.85 537.0
2460122.87423 17.012 0.014 5.97 636.0
2460123.61713 17.087 0.014 5.36 570.0
2460123.72004 17.026 0.011 4.58 537.0
2460123.83181 17.021 0.014 6.02 732.0
2460124.65726 17.022 0.011 4.85 625.0
2460124.69706 16.988 0.012 5.44 651.0
2460124.73594 17.018 0.012 5.19 654.0
2460124.77463 17.023 0.013 5.36 685.0
2460124.82678 17.030 0.011 4.35 696.0
2460125.60876 17.079 0.020 6.14 791.0
2460125.68562 17.016 0.013 4.84 744.0
2460125.72364 17.028 0.013 4.97 738.0
2460125.76410 17.044 0.015 5.51 856.0
2460125.83939 17.048 0.015 4.88 1160.0
2460130.50847 17.054 0.020 6.51 1341.0
2460130.54735 17.056 0.017 5.68 1165.0
2460130.58474 17.022 0.016 5.88 948.0
2460130.62450 17.049 0.015 5.44 868.0
2460130.67207 17.038 0.014 5.40 788.0
2460131.57283 17.075 0.021 5.90 1227.0
2460131.69803 17.006 0.014 5.30 902.0
2460131.77510 17.068 0.015 5.47 955.0
2460131.81309 17.078 0.021 6.54 1178.0
2460132.51003 17.029 0.013 6.01 653.0
2460132.59268 17.039 0.014 5.97 752.0
2460132.70580 17.032 0.017 6.62 830.0
2460132.75061 16.995 0.016 5.69 1238.0
2460133.63469 17.029 0.016 7.00 603.0
2460133.67422 17.022 0.013 5.56 559.0
2460133.72172 17.036 0.013 5.82 561.0
2460133.76117 17.052 0.013 5.54 608.0
2460133.79858 17.026 0.014 5.91 607.0
2460133.83636 17.012 0.017 6.84 715.0
2460134.59889 17.042 0.012 5.87 505.0
2460134.65369 17.022 0.011 5.32 453.0
2460134.69629 17.037 0.012 5.70 517.0
2460134.76043 17.032 0.013 5.70 596.0
2460134.79920 17.042 0.011 4.77 696.0
2460138.49979 17.055 0.014 5.98 654.0
2460138.79296 17.000 0.015 6.70 622.0
2460138.82941 16.998 0.020 8.55 655.0
2460139.49540 17.028 0.013 5.61 632.0
2460139.55303 17.073 0.014 5.98 511.0
2460139.60600 17.016 0.011 5.16 430.0
2460139.63654 17.044 0.011 4.90 432.0
2460139.67595 17.016 0.010 4.73 430.0
2460139.71426 17.034 0.011 5.01 450.0
2460139.75194 17.077 0.017 5.90 524.0
2460139.79025 17.034 0.012 5.41 538.0
2460139.82820 16.999 0.022 8.65 657.0
2460140.62083 17.054 0.013 6.03 432.0
2460140.66974 17.025 0.012 5.44 463.0
2460140.71096 17.017 0.012 5.11 492.0
2460140.75210 17.020 0.012 5.15 492.0
2460140.79314 17.015 0.013 5.73 555.0
2460140.82556 17.028 0.013 5.55 603.0
2460141.63182 16.990 0.010 4.96 441.0
2460142.50106 17.043 0.016 6.92 559.0
2460142.54064 17.033 0.014 6.39 508.0
2460142.62130 17.011 0.011 5.08 424.0
2460142.66432 17.027 0.011 5.32 427.0
2460142.70822 17.049 0.012 5.61 446.0
2460142.74836 17.025 0.012 5.29 501.0
2460142.78605 17.038 0.014 5.96 556.0
2460143.61588 17.026 0.010 4.05 482.0
2460143.65594 17.039 0.010 4.59 449.0
2460143.69355 17.031 0.010 4.52 461.0
2460143.73152 17.031 0.010 4.85 464.0
2460143.81398 17.033 0.013 6.04 515.0
2460144.54461 17.054 0.011 4.73 515.0
2460144.61964 17.035 0.009 4.39 475.0
2460148.65723 17.031 0.013 6.25 492.0
2460148.77606 17.022 0.018 7.91 596.0
2460149.47520 17.037 0.013 5.12 745.0
2460149.61593 17.034 0.011 5.03 490.0
2460149.66783 17.067 0.014 5.15 464.0
2460149.70495 17.035 0.013 5.93 483.0
2460149.74647 17.044 0.014 6.70 493.0
2460149.78428 17.013 0.013 6.21 516.0
2460151.53378 17.085 0.016 6.36 586.0
2460151.69746 17.009 0.011 4.82 552.0
2460151.73821 17.039 0.011 4.89 495.0
2460151.77743 17.061 0.011 4.88 491.0
2460151.80408 17.010 0.012 5.46 570.0
2460158.53204 17.016 0.013 5.06 902.0
2460158.64643 17.000 0.012 4.57 902.0
2460158.68435 17.026 0.014 4.88 999.0
2460159.51262 17.016 0.011 4.46 719.0
2460159.60224 17.008 0.011 4.18 626.0
2460159.64051 17.004 0.012 4.92 632.0
2460159.67890 17.032 0.013 5.25 699.0
2460159.71708 17.025 0.014 5.87 679.0
2460160.60885 17.025 0.012 4.80 572.0
2460160.64691 17.041 0.013 5.03 607.0
2460160.68444 17.000 0.012 5.17 617.0
2460161.51366 17.002 0.012 5.84 503.0
2460161.64241 17.056 0.014 6.10 538.0
2460161.68019 17.015 0.012 5.47 538.0
2460161.71950 17.012 0.016 7.04 586.0
2460167.57869 17.116 0.019 6.92 437.0
2460167.59825 17.034 0.013 6.58 408.0
2460167.63670 17.103 0.017 7.56 442.0
2460167.67362 17.085 0.014 6.70 429.0
2460167.70995 17.006 0.015 7.31 455.0
2460168.71711 17.025 0.011 5.14 390.0
2460169.63507 17.036 0.011 5.49 416.0
2460169.67615 17.070 0.013 6.15 428.0
2460170.59565 17.047 0.011 4.67 404.0
2460171.65532 17.028 0.011 4.65 458.0
2460171.69192 17.027 0.012 5.65 480.0
2460172.60996 17.086 0.015 5.40 445.0
2460172.65953 17.051 0.016 7.22 505.0
2460173.60507 17.042 0.011 4.67 438.0
2460173.64386 17.021 0.013 5.93 481.0
2460173.68179 17.098 0.018 7.56 538.0
2460174.65678 17.038 0.012 5.48 570.0
2460174.72224 17.067 0.015 7.30 632.0
2460175.60347 17.020 0.012 5.62 526.0
2460177.60814 16.994 0.010 5.43 488.0
2460177.68153 17.073 0.015 5.76 487.0
2460178.58268 17.021 0.014 6.33 480.0
2460178.62150 17.056 0.014 6.16 488.0
2460178.65871 16.993 0.014 6.56 514.0
2460178.70538 17.010 0.017 7.66 585.0
2460179.57524 16.996 0.011 5.10 500.0
2460179.61356 17.018 0.011 5.18 489.0
2460179.65160 17.022 0.013 5.81 566.0
2460179.68891 17.038 0.014 6.39 568.0
2460180.47390 17.096 0.022 6.44 1373.0
2460180.66962 17.027 0.013 5.70 627.0
2460185.57093 17.067 0.020 7.38 872.0
2460185.61543 17.050 0.016 5.87 887.0
2460185.65117 17.035 0.020 7.33 965.0
2460186.59508 17.006 0.015 5.53 888.0
2460186.63297 17.002 0.015 5.69 952.0
2460186.67078 17.072 0.019 6.66 1079.0
2460187.51951 17.027 0.015 5.17 847.0
2460187.56236 17.010 0.014 5.35 852.0
2460187.60398 17.028 0.015 5.68 937.0
2460187.64181 17.056 0.014 5.15 1012.0
2460187.67942 17.037 0.016 5.74 1091.0
2460188.60282 17.024 0.014 5.94 870.0
2460188.66902 17.017 0.014 5.92 843.0
2460191.49373 17.068 0.016 6.79 583.0
2460191.61873 17.008 0.018 7.55 731.0
2460191.67986 17.011 0.019 7.49 784.0
2460192.52810 17.082 0.016 6.65 576.0
2460194.62220 17.028 0.017 7.40 609.0
2460201.47641 17.000 0.020 6.26 1679.0
2460201.55284 17.025 0.013 5.88 486.0
2460201.62696 17.000 0.014 6.19 557.0
2460203.64702 17.020 0.013 6.26 581.0
2460222.56289 16.998 0.015 6.75 628.0
2460228.57423 17.039 0.019 7.75 747.0
2460242.51547 17.027 0.016 6.23 908.0
2460378.85205 17.033 0.010 4.07 505.0
2460390.89498 17.009 0.010 4.40 524.0
2460395.89346 17.019 0.011 4.06 691.0
2460398.81635 17.027 0.011 4.40 749.0
2460404.75575 17.007 0.011 5.02 513.0
2460406.88360 17.054 0.014 6.19 565.0
2460408.77026 17.033 0.011 4.66 517.0
2460408.86257 17.042 0.011 5.12 494.0
2460408.90279 17.042 0.011 4.40 508.0
2460409.73031 17.019 0.012 5.32 587.0
2460409.87653 17.042 0.011 4.73 522.0
2460409.91786 17.031 0.010 3.99 644.0
2460410.75235 17.020 0.010 4.83 541.0
2460410.84463 17.029 0.012 5.78 508.0
2460411.79176 17.030 0.011 4.99 487.0
2460411.87623 17.037 0.010 4.27 482.0
2460411.91548 17.023 0.010 4.50 498.0
2460412.79682 17.023 0.013 6.42 477.0
2460412.86832 17.011 0.013 5.99 512.0
2460416.76799 17.027 0.014 6.42 508.0
2460416.80589 17.009 0.016 7.63 507.0
2460416.88339 17.000 0.016 7.45 532.0
2460416.92210 17.021 0.012 5.19 603.0
2460417.71333 17.032 0.010 4.49 546.0
2460417.75157 17.039 0.011 4.65 524.0
2460417.80246 17.033 0.011 5.24 529.0
2460418.70066 17.022 0.014 5.97 621.0
2460418.73818 17.039 0.011 5.02 544.0
2460418.81434 17.029 0.010 4.59 468.0
2460418.89771 17.014 0.010 4.18 518.0
2460419.69512 17.010 0.010 4.06 608.0
2460419.73350 17.023 0.011 4.29 557.0
2460419.80883 17.020 0.011 5.25 504.0
2460419.87956 17.024 0.011 4.33 525.0
2460420.73452 17.040 0.011 4.50 561.0
2460420.81379 17.038 0.012 5.37 508.0
2460420.90971 17.027 0.012 5.61 513.0
2460423.69666 17.062 0.017 6.82 787.0
2460423.73412 17.003 0.013 5.43 724.0
2460423.80062 17.035 0.012 5.08 684.0
2460423.87574 17.026 0.012 4.46 782.0
2460423.91408 17.041 0.012 4.80 800.0
2460424.73893 17.023 0.014 5.62 849.0
2460424.79098 17.008 0.015 5.82 823.0
2460424.83039 17.035 0.013 5.04 782.0
2460424.87393 17.045 0.014 5.03 905.0
2460424.91261 17.018 0.013 5.02 823.0
2460425.72023 17.038 0.014 5.60 843.0
2460425.76034 17.019 0.013 5.15 780.0
2460425.79922 17.035 0.013 5.39 759.0
2460425.83923 17.012 0.012 4.78 770.0
2460425.88096 17.021 0.012 4.46 790.0
2460425.91930 17.059 0.013 4.74 828.0
2460432.71953 17.087 0.014 5.85 598.0
2460432.76091 17.043 0.014 6.25 630.0
2460432.79914 17.024 0.012 5.48 596.0
2460433.71170 16.995 0.015 7.07 570.0
2460433.75006 17.010 0.013 6.05 550.0
2460433.78930 17.018 0.012 5.73 573.0
2460433.82880 17.066 0.012 5.19 592.0
2460434.67250 17.062 0.016 6.37 640.0
2460434.69800 17.073 0.015 6.55 588.0
2460434.72251 17.010 0.012 5.22 564.0
2460434.74503 17.039 0.013 5.80 531.0
2460434.76331 17.062 0.012 5.06 550.0
2460434.78352 17.049 0.012 5.21 565.0
2460434.80262 17.043 0.011 4.69 572.0
2460434.82361 17.016 0.012 5.07 613.0
2460434.84572 17.027 0.012 5.14 598.0
2460434.86707 17.028 0.013 5.62 626.0
2460434.88738 17.009 0.012 5.18 625.0
2460434.90950 17.025 0.012 4.92 630.0
2460434.92814 17.016 0.013 5.47 672.0
2460435.66007 17.063 0.016 7.03 698.0
2460435.78642 17.074 0.013 6.09 492.0
2460435.80580 17.013 0.011 5.35 480.0
2460435.83020 17.021 0.011 4.91 500.0
2460435.84903 17.032 0.012 5.45 492.0
2460435.87708 17.014 0.011 4.80 502.0
2460435.88857 17.041 0.013 5.91 523.0
2460435.90981 17.036 0.014 6.24 536.0
2460435.92829 17.013 0.014 5.91 678.0
2460436.71675 17.018 0.016 7.77 490.0
2460436.75048 17.014 0.015 7.29 479.0
2460436.76320 17.096 0.017 7.56 503.0
2460436.78898 17.113 0.016 6.53 504.0
2460436.80946 17.047 0.013 6.12 512.0
2460436.83074 17.029 0.013 6.02 519.0
2460436.84921 17.030 0.015 6.65 556.0
2460436.87028 17.031 0.014 5.98 581.0
2460436.88924 17.029 0.012 5.33 586.0
2460436.91568 17.020 0.013 5.69 655.0
2460436.93283 17.019 0.020 7.03 1110.0
2460437.70273 16.992 0.014 6.77 511.0
2460437.76588 17.071 0.014 6.58 475.0
2460439.70053 16.999 0.012 5.73 570.0
2460439.80833 17.043 0.012 5.51 520.0
2460439.86500 17.063 0.011 5.08 613.0
2460439.93006 17.031 0.015 6.52 805.0
2460440.71354 17.028 0.015 6.72 610.0
2460440.82171 17.006 0.013 5.90 615.0
2460440.89819 17.050 0.016 6.28 675.0
2460440.93568 17.069 0.017 6.51 783.0
2460442.74157 17.039 0.013 5.92 525.0
2460442.90970 17.018 0.014 6.36 652.0
2460443.75456 17.038 0.012 5.60 500.0
2460443.82440 17.029 0.012 5.44 545.0
2460443.86817 17.049 0.013 5.67 579.0
2460443.90610 17.046 0.014 5.79 616.0
2460448.64367 17.061 0.017 7.05 638.0
2460448.68787 17.070 0.015 6.04 562.0
2460448.77146 17.019 0.012 5.72 555.0
2460448.81199 17.041 0.013 5.53 557.0
2460448.87510 17.017 0.015 6.61 592.0
2460448.91255 17.054 0.012 5.22 587.0
2460449.62661 17.062 0.016 6.32 591.0
2460449.78596 17.015 0.012 5.23 523.0
2460449.82403 17.039 0.012 5.62 515.0
2460450.63226 17.053 0.013 5.58 646.0
2460450.71460 17.005 0.012 5.50 555.0
2460450.75286 17.033 0.011 4.81 543.0
2460450.79235 17.043 0.012 4.96 591.0
2460450.83014 17.035 0.011 4.73 642.0
2460458.91141 17.022 0.014 5.34 893.0
2460459.66840 17.020 0.010 4.41 661.0
2460459.70835 17.041 0.011 4.74 587.0
2460459.74585 17.047 0.011 4.81 551.0
2460459.83972 17.028 0.012 4.66 959.0
2460460.60435 17.043 0.011 4.59 574.0
2460460.71323 17.042 0.010 4.61 532.0
2460460.77354 17.032 0.012 4.73 584.0
2460460.83907 17.035 0.011 4.49 580.0
2460460.89510 17.037 0.012 4.97 829.0
2460461.67587 17.015 0.009 3.95 606.0
2460461.71817 17.038 0.009 3.93 472.0
2460461.76577 17.008 0.009 4.06 607.0
2460461.89861 17.024 0.011 4.98 654.0
2460462.59700 17.076 0.015 6.35 585.0
2460462.71157 17.039 0.009 4.40 422.0
2460462.75223 17.024 0.010 4.82 403.0
2460462.80257 17.101 0.012 4.20 427.0
2460463.58319 17.047 0.012 5.56 460.0
2460463.76203 17.042 0.011 5.18 473.0
2460463.83223 16.989 0.011 4.98 524.0
2460463.86990 17.022 0.011 4.98 530.0
2460463.90688 17.061 0.011 4.92 581.0
2460464.68101 17.033 0.010 4.35 570.0
2460464.73206 17.081 0.012 4.32 453.0
2460466.75796 17.048 0.011 5.56 518.0
2460466.80609 17.042 0.012 5.30 557.0
2460466.84453 17.034 0.011 5.23 543.0
2460466.88588 17.016 0.013 5.84 646.0
2460467.59170 17.039 0.012 5.36 682.0
2460467.69931 17.087 0.012 5.08 638.0
2460467.86683 17.061 0.012 5.14 781.0
2460467.91119 17.033 0.015 6.47 934.0
2460468.58046 17.051 0.012 5.31 548.0
2460468.73215 16.988 0.010 4.63 451.0
2460468.80503 17.014 0.012 5.30 508.0
2460468.86264 17.053 0.013 5.87 577.0
2460468.89986 17.062 0.012 5.15 649.0
2460469.71297 17.033 0.009 5.19 515.0
2460469.86404 17.025 0.014 6.50 554.0
2460469.90159 17.027 0.013 5.66 634.0
2460471.81079 17.041 0.013 6.16 573.0
2460473.62205 17.034 0.013 6.06 568.0
2460473.67341 17.029 0.011 5.25 481.0
2460473.71482 17.023 0.011 5.29 441.0
2460473.75387 17.017 0.011 5.12 444.0
2460473.79850 17.020 0.012 5.99 472.0
2460473.83602 17.046 0.014 6.31 507.0
2460473.87396 17.032 0.015 6.93 536.0
2460476.81304 17.022 0.012 5.20 574.0
2460476.85137 17.035 0.014 5.95 649.0
2460476.88834 17.045 0.015 6.35 729.0
2460477.59693 17.052 0.014 5.96 667.0
2460477.63496 17.016 0.014 6.15 673.0
2460477.67234 17.012 0.011 4.81 665.0
2460477.71207 17.011 0.011 4.80 637.0
2460477.76717 17.073 0.015 5.04 675.0
2460477.83374 17.028 0.012 4.79 712.0
2460477.87485 17.027 0.014 5.49 884.0
2460478.73312 17.022 0.012 5.16 618.0
2460478.77164 17.024 0.012 5.00 633.0
2460478.82148 17.035 0.013 5.73 575.0
2460478.85884 17.033 0.015 6.61 585.0
2460479.63261 17.013 0.014 5.90 639.0
2460479.66953 17.057 0.014 6.22 627.0
2460479.71026 17.037 0.013 5.71 669.0
2460479.75069 17.015 0.012 5.09 659.0
2460479.78830 17.041 0.013 5.45 692.0
2460479.82650 17.030 0.013 5.44 716.0
2460480.57836 17.001 0.015 6.00 832.0
2460480.61645 17.016 0.014 5.21 915.0
2460480.80941 17.046 0.014 5.27 889.0
2460486.53861 17.037 0.016 7.03 690.0
2460486.59862 17.034 0.015 7.02 662.0
2460486.67767 17.022 0.011 4.37 586.0
2460486.71945 16.992 0.012 5.32 624.0
2460486.75701 17.017 0.013 5.90 614.0
2460486.83219 17.062 0.019 7.15 756.0
2460487.63236 17.015 0.013 5.92 576.0
2460487.74480 17.008 0.014 6.46 603.0
2460488.61491 17.035 0.012 5.90 493.0
2460488.65550 17.053 0.013 5.64 605.0
2460488.69507 17.051 0.012 5.31 470.0
2460488.73250 17.040 0.012 5.13 649.0
2460488.78888 17.028 0.012 5.16 601.0
2460488.83894 17.024 0.013 5.22 632.0
2460490.51513 17.033 0.013 5.11 740.0
2460490.55301 17.022 0.013 5.48 628.0
2460490.80251 17.044 0.011 5.09 477.0
2460490.84000 17.027 0.011 4.99 531.0
2460491.51091 17.021 0.011 4.87 479.0
2460491.54878 17.058 0.011 5.25 443.0
2460491.58689 17.048 0.012 5.45 448.0
2460491.64134 17.020 0.011 5.16 457.0
2460491.68788 17.043 0.012 5.23 442.0
2460491.76530 17.022 0.013 5.86 465.0
2460491.80271 17.049 0.015 6.29 514.0
2460491.84070 17.045 0.013 5.51 589.0
2460492.51759 17.036 0.012 4.96 611.0
2460492.55477 17.031 0.010 4.46 518.0
2460492.59310 17.038 0.010 4.33 461.0
2460492.65874 17.020 0.009 3.86 405.0
2460492.71308 17.012 0.010 4.32 434.0
2460492.79103 17.045 0.010 4.40 450.0
2460492.82819 17.022 0.012 5.23 547.0
2460493.50816 17.023 0.012 5.71 579.0
2460493.54511 17.030 0.011 5.27 509.0
2460493.58314 17.035 0.010 4.49 491.0
2460493.65915 17.034 0.010 4.34 440.0
2460493.71874 17.042 0.011 4.65 449.0
2460497.65620 17.019 0.011 5.25 430.0
2460497.73512 17.061 0.011 4.92 428.0
2460497.77304 17.049 0.012 5.52 445.0
2460497.81076 17.021 0.012 5.45 468.0
2460497.84929 17.001 0.014 6.33 574.0
2460499.65330 17.027 0.010 4.95 393.0
2460499.70099 17.007 0.010 5.01 411.0
2460499.77798 17.026 0.010 4.70 438.0
2460499.81525 17.011 0.010 4.77 442.0
2460499.85269 17.024 0.012 5.39 514.0
2460503.58468 17.040 0.014 6.59 496.0
2460513.56115 17.047 0.021 7.78 1035.0
2460513.59990 17.034 0.017 6.26 981.0
2460513.64007 17.077 0.020 7.20 940.0
2460513.72225 17.006 0.016 6.15 964.0
2460513.75556 17.061 0.016 5.81 1052.0
2460515.59280 17.079 0.015 6.67 568.0
2460515.63927 17.069 0.015 6.52 568.0
2460515.71563 17.026 0.014 6.31 602.0
2460515.75491 17.090 0.019 7.64 709.0
2460515.78828 17.025 0.018 7.09 812.0
2460516.52523 17.069 0.015 6.85 491.0
2460516.65174 17.022 0.012 5.40 508.0
2460516.69391 16.996 0.014 6.56 526.0
2460517.46924 17.066 0.017 5.73 1031.0
2460517.58504 17.068 0.015 6.58 456.0
2460517.67853 17.047 0.013 6.33 491.0
2460517.71684 17.024 0.014 6.16 573.0
2460517.75514 17.046 0.015 6.29 642.0
2460517.78786 17.041 0.015 6.14 716.0
2460518.51047 17.033 0.013 5.53 575.0
2460518.59839 17.032 0.011 5.36 490.0
2460518.75793 17.018 0.014 6.48 545.0
2460518.78268 17.049 0.014 5.99 569.0
2460519.56066 17.025 0.011 4.98 469.0
2460519.70658 17.023 0.014 6.40 457.0
2460520.54882 17.026 0.012 5.52 455.0
2460520.61266 17.026 0.012 5.37 481.0
2460520.70779 17.015 0.011 5.55 466.0
2460520.74573 17.013 0.011 5.34 503.0
2460520.77311 17.029 0.012 5.62 536.0
2460521.51442 17.012 0.010 5.11 451.0
2460521.60975 17.017 0.010 4.50 421.0
2460521.65451 17.007 0.010 4.59 421.0
2460521.69277 17.038 0.010 5.04 445.0
2460521.74062 16.990 0.012 5.90 479.0
2460527.68104 17.077 0.016 7.30 461.0
2460528.55250 17.042 0.013 6.46 452.0
2460528.59307 17.025 0.013 6.33 475.0
2460528.63215 17.028 0.013 6.28 482.0
2460528.67181 17.052 0.013 5.98 512.0
2460528.70894 17.034 0.013 5.91 557.0
2460528.74625 17.008 0.014 6.68 570.0
2460530.55485 17.039 0.012 5.80 477.0
2460530.59357 17.024 0.014 6.29 510.0
2460530.63167 17.052 0.012 5.27 488.0
2460530.67900 17.025 0.011 5.35 480.0
2460531.64063 17.053 0.018 7.66 590.0
2460531.70055 17.038 0.018 7.61 668.0
2460532.60371 17.027 0.010 4.64 468.0
2460532.64242 17.027 0.011 4.85 426.0
2460532.68262 17.017 0.012 5.85 442.0
2460532.72119 17.057 0.012 6.09 474.0
2460533.63538 17.043 0.011 5.15 424.0
2460533.67461 17.032 0.011 5.85 408.0
2460533.71495 17.035 0.013 7.35 434.0
2460534.47209 17.091 0.019 5.14 1121.0
2460534.56862 17.075 0.011 4.79 470.0
2460534.62188 17.049 0.010 4.66 451.0
2460534.67073 17.005 0.010 5.00 468.0
2460535.67939 17.001 0.012 5.30 580.0
2460535.71828 17.024 0.013 5.75 637.0
2460535.75448 17.021 0.013 5.76 612.0
2460542.67912 17.063 0.019 7.34 943.0
2460542.70791 17.039 0.023 7.37 1570.0
2460543.67380 17.061 0.020 7.47 780.0
2460544.51128 17.036 0.014 6.36 519.0
2460544.55049 17.024 0.014 6.13 558.0
2460544.59220 17.079 0.015 6.14 573.0
2460544.67141 17.027 0.014 6.23 631.0
2460545.69197 17.017 0.015 6.99 613.0
2460546.61981 17.066 0.015 6.67 491.0
2460547.47732 17.059 0.015 5.87 820.0
2460547.53708 17.014 0.010 4.90 452.0
2460547.64001 17.038 0.012 5.58 461.0
2460547.68664 17.044 0.014 6.61 564.0
2460548.67217 17.070 0.015 5.75 467.0
2460549.59685 16.976 0.013 6.33 571.0
2460549.65847 17.020 0.013 6.23 559.0
2460549.69600 17.077 0.016 7.07 582.0
2460550.62367 17.052 0.016 7.33 505.0
2460550.66296 17.041 0.016 7.43 574.0
2460553.67232 17.066 0.019 7.37 579.0
2460554.66104 17.002 0.013 5.43 582.0
2460555.57076 17.020 0.010 4.59 455.0
2460555.60815 17.020 0.010 4.79 463.0
2460555.64532 17.073 0.013 4.76 466.0
2460555.68281 17.043 0.011 4.96 499.0
2460556.56576 17.025 0.013 5.64 553.0
2460556.60489 17.043 0.014 5.81 577.0
2460556.64272 17.035 0.015 6.78 596.0
2460558.59403 17.048 0.011 4.88 513.0
2460559.57687 17.008 0.010 4.10 570.0
2460559.61560 17.029 0.011 4.59 624.0
2460559.66338 17.035 0.013 5.25 762.0
2460560.56681 17.083 0.013 5.82 541.0
2460560.60413 17.023 0.013 6.36 534.0
2460560.64720 17.047 0.015 7.02 562.0
2460561.48375 17.028 0.011 4.63 640.0
2460561.56012 17.011 0.011 4.80 491.0
2460561.59759 17.029 0.011 5.31 473.0
2460561.63908 17.011 0.011 5.00 492.0
2460562.56359 16.997 0.014 6.27 675.0
2460562.60133 17.067 0.013 6.06 668.0
2460568.61582 17.078 0.019 6.64 982.0
2460600.52099 17.019 0.013 4.89 1046.0
2460610.53246 17.030 0.014 5.60 755.0
2460717.88730 16.998 0.017 6.68 901.0
2460723.88764 16.975 0.013 5.67 670.0
2460726.84151 16.956 0.012 5.25 709.0
2460737.86281 16.912 0.009 4.52 545.0
2460738.85720 16.869 0.010 4.95 499.0
2460743.87063 16.874 0.010 4.80 490.0
2460746.88422 16.889 0.009 4.35 511.0
2460748.90273 16.904 0.011 4.51 876.0
2460751.81870 16.938 0.011 4.47 666.0
2460764.76728 16.984 0.011 4.82 585.0
2460764.80427 17.006 0.011 4.86 589.0
2460764.88219 17.003 0.011 4.98 534.0
2460765.79575 16.989 0.010 4.90 465.0
2460765.83269 17.010 0.011 5.02 453.0
2460765.87180 17.004 0.009 4.58 421.0
2460765.90965 17.008 0.009 3.88 419.0
2460766.75388 17.008 0.012 5.11 585.0
2460766.79160 17.046 0.013 5.53 611.0
2460766.82895 17.053 0.013 4.92 577.0
2460766.87715 17.019 0.011 4.92 540.0
2460766.91606 16.983 0.011 5.01 732.0
2460767.79657 17.014 0.010 4.71 483.0
2460767.83354 17.004 0.010 4.54 486.0
2460767.87844 17.021 0.010 4.87 480.0
2460767.91688 17.016 0.010 3.95 614.0
2460768.75400 17.013 0.012 5.68 523.0
2460768.79075 17.009 0.011 5.07 477.0
2460768.86856 17.014 0.011 5.36 475.0
2460768.90933 16.997 0.010 4.35 474.0
2460769.82968 17.020 0.011 4.94 574.0
2460769.86891 16.998 0.010 4.55 530.0
2460769.90641 17.021 0.009 3.99 458.0
2460770.79128 17.009 0.010 4.57 477.0
2460770.82894 17.003 0.010 4.67 488.0
2460770.86730 16.987 0.009 4.25 463.0
2460770.90676 17.027 0.009 3.92 472.0
2460771.78191 17.009 0.015 7.07 489.0
2460771.82635 17.039 0.017 6.82 487.0
2460771.86840 17.007 0.012 5.86 464.0
2460771.91036 17.013 0.011 5.37 454.0
2460772.73788 17.001 0.012 5.94 558.0
2460772.77590 17.001 0.011 5.60 496.0
2460772.81338 17.015 0.011 5.28 516.0
2460772.85081 17.003 0.011 5.55 536.0
2460773.73026 17.045 0.012 5.20 618.0
2460773.84252 17.024 0.010 4.42 511.0
2460773.88102 17.022 0.009 4.15 463.0
2460773.92002 17.048 0.011 4.42 650.0
2460774.78685 17.060 0.017 6.25 556.0
2460774.86175 17.026 0.011 5.20 462.0
2460774.90013 17.020 0.010 4.27 456.0
2460775.82822 17.019 0.013 6.17 570.0
2460775.86624 17.023 0.014 6.60 531.0
2460775.90592 17.009 0.013 6.27 485.0
2460777.76747 17.039 0.013 5.28 682.0
2460777.80483 17.035 0.012 5.21 632.0
2460777.84243 17.010 0.012 5.39 611.0
2460777.88034 16.999 0.010 4.35 608.0
2460777.92000 17.020 0.014 5.52 898.0
2460778.79964 17.008 0.014 5.78 829.0
2460778.83668 17.061 0.012 4.93 783.0
2460778.91388 17.005 0.013 5.11 884.0
2460779.72041 16.998 0.014 5.63 892.0
2460779.76062 17.022 0.014 5.84 813.0
2460779.79785 17.027 0.013 5.23 766.0
2460779.83498 16.992 0.012 5.00 737.0
2460779.87358 17.027 0.011 4.41 724.0
2460780.78036 16.989 0.013 5.21 770.0
2460780.81804 17.020 0.012 4.99 736.0
2460780.85598 17.023 0.010 3.99 744.0
2460780.89506 17.019 0.011 4.17 779.0
2460786.88896 17.013 0.013 5.53 609.0
2460787.85700 17.013 0.011 4.99 511.0
2460787.89553 17.003 0.012 5.69 517.0
2460787.93274 17.034 0.013 5.10 762.0
2460788.86705 17.026 0.011 4.94 499.0
2460789.78050 17.024 0.010 4.80 452.0
2460789.81785 17.031 0.010 4.58 446.0
2460789.85693 17.039 0.011 5.02 471.0
2460789.89433 17.013 0.010 4.72 487.0
2460789.93138 17.033 0.012 4.96 773.0
2460790.76896 17.022 0.010 4.67 430.0
2460790.80640 17.052 0.010 4.91 434.0
2460790.84585 17.017 0.009 4.48 419.0
2460790.88503 17.023 0.009 4.31 433.0
2460790.92235 17.029 0.011 5.02 521.0
2460791.80134 17.032 0.010 4.65 442.0
2460791.83984 17.030 0.009 4.26 438.0
2460791.88091 17.039 0.009 4.28 542.0
2460791.92497 17.016 0.011 4.43 591.0
2460794.83063 17.044 0.010 4.88 434.0
2460795.77472 17.054 0.011 5.39 455.0
2460795.91379 17.063 0.015 6.94 534.0
2460797.68339 17.047 0.013 6.21 526.0
2460797.72026 17.081 0.014 5.21 512.0
2460797.80290 17.016 0.011 4.98 515.0
2460797.84822 17.047 0.010 4.73 764.0
2460797.88916 17.040 0.010 4.60 580.0
2460797.92625 17.036 0.011 4.67 635.0
2460798.77818 17.006 0.010 4.78 449.0
2460798.81640 17.044 0.011 5.11 472.0
2460798.85580 17.031 0.011 4.96 520.0
2460798.89479 17.041 0.011 4.80 485.0
2460798.93207 16.989 0.013 5.30 754.0
2460800.77802 17.017 0.010 4.57 469.0
2460800.81554 17.017 0.010 4.77 443.0
2460800.85343 17.031 0.011 5.14 446.0
2460800.89110 17.021 0.011 5.03 489.0
2460800.93020 16.995 0.011 5.32 614.0
2460801.69977 17.034 0.013 5.97 519.0
2460801.73830 17.055 0.011 5.09 502.0
2460801.77690 17.049 0.011 4.97 480.0
2460801.81592 17.010 0.010 5.04 489.0
2460801.85702 17.015 0.011 4.63 526.0
2460801.89471 17.056 0.011 4.99 573.0
2460801.93201 16.999 0.012 4.84 725.0
2460802.69880 16.986 0.011 5.02 713.0
2460803.74258 17.063 0.014 6.61 589.0
2460803.82171 17.014 0.012 5.23 532.0
2460803.90889 17.051 0.013 5.83 585.0
2460804.86950 17.045 0.015 6.58 634.0
2460805.74935 17.029 0.012 5.07 641.0
2460805.78721 16.997 0.010 4.49 604.0
2460805.82596 17.015 0.012 4.64 793.0
2460805.86542 17.034 0.012 5.30 663.0
2460805.90298 17.026 0.012 5.39 583.0
2460806.73338 17.023 0.012 5.03 726.0
2460806.77136 17.058 0.013 5.49 697.0
2460806.80978 17.032 0.012 5.05 680.0
2460806.87230 17.018 0.013 5.19 771.0
2460806.90227 17.014 0.015 6.32 771.0
2460806.92884 17.001 0.015 6.25 794.0
2460807.64704 17.022 0.015 5.56 1032.0
2460807.68501 17.018 0.013 5.00 963.0
2460807.72229 17.002 0.012 4.45 908.0
2460807.76001 17.028 0.013 5.16 881.0
2460807.79873 17.021 0.011 4.07 825.0
2460807.83671 17.014 0.012 4.45 851.0
2460807.87680 17.043 0.012 4.49 877.0
2460807.91392 17.007 0.013 5.12 931.0
2460808.82886 17.021 0.013 4.61 1052.0
2460813.82795 17.047 0.016 6.80 698.0
2460813.83896 17.008 0.012 5.01 719.0
2460813.84987 17.019 0.012 4.91 702.0
2460813.90737 17.047 0.014 5.39 770.0
2460814.75201 17.077 0.014 4.86 627.0
2460815.87263 16.995 0.010 4.04 514.0
2460815.91002 17.007 0.011 5.02 594.0
2460816.73256 17.034 0.010 5.15 413.0
2460816.77042 17.013 0.010 4.61 429.0
2460816.81103 17.011 0.010 4.58 483.0
2460816.81567 16.993 0.010 4.56 505.0
2460816.87135 17.016 0.010 4.29 605.0
2460816.90400 17.012 0.011 4.85 594.0
2460817.62343 17.029 0.010 4.92 481.0
2460817.66037 17.007 0.010 4.84 464.0
2460817.75409 17.034 0.009 4.19 494.0
2460817.79430 17.004 0.010 4.32 520.0
2460817.90634 17.017 0.013 5.06 576.0
2460818.78599 17.022 0.010 4.34 449.0
2460819.64987 17.033 0.011 5.43 523.0
2460819.73195 17.084 0.012 4.75 435.0
2460819.77124 17.011 0.009 4.36 443.0
2460819.85055 17.039 0.010 4.29 519.0
2460819.89128 17.023 0.011 5.13 571.0
2460819.92861 17.034 0.011 5.00 602.0
2460820.70373 17.049 0.011 5.36 483.0
2460820.74175 17.047 0.011 5.17 516.0
2460820.89643 16.999 0.015 6.66 667.0
2460820.93372 16.979 0.013 5.72 767.0
2460821.66824 17.044 0.013 6.46 475.0
2460821.70558 17.006 0.012 6.13 464.0
2460821.74360 17.027 0.010 5.19 430.0
2460821.78452 17.023 0.011 5.04 452.0
2460821.82277 17.012 0.010 4.68 494.0
2460821.86040 17.075 0.014 4.86 564.0
2460821.89995 17.064 0.012 5.25 620.0
2460822.90628 17.056 0.013 5.93 613.0
2460823.79690 17.058 0.013 6.02 449.0
2460823.83515 17.000 0.011 5.57 493.0
2460823.87378 17.024 0.012 5.39 543.0
2460823.91351 17.020 0.014 6.49 659.0
2460824.59737 17.019 0.011 5.43 490.0
2460824.67296 17.021 0.012 5.61 497.0
2460824.71146 17.034 0.010 4.89 469.0
2460824.76252 17.003 0.010 4.56 484.0
2460825.57660 17.036 0.011 5.35 539.0
2460825.61584 17.044 0.011 5.09 448.0
2460825.65738 17.036 0.010 4.89 427.0
2460825.69858 17.003 0.009 4.29 419.0
2460825.73857 17.030 0.010 4.31 444.0
2460825.82354 17.003 0.010 4.72 536.0
2460825.86381 17.066 0.013 5.40 524.0
2460825.90107 17.012 0.011 5.23 512.0
2460825.94032 16.997 0.015 6.22 812.0
2460826.64521 17.021 0.010 4.31 470.0
2460826.73122 16.993 0.009 4.33 500.0
2460827.66814 17.027 0.009 4.48 431.0
2460827.70725 17.073 0.011 4.42 412.0
2460827.80235 16.999 0.009 4.07 446.0
2460827.84063 17.063 0.010 4.31 504.0
2460828.59168 17.038 0.010 4.99 486.0
2460828.63903 17.030 0.010 4.84 454.0
2460828.72453 17.035 0.009 4.33 417.0
2460828.90722 17.049 0.011 5.12 515.0
2460829.73110 17.038 0.009 4.68 417.0
2460829.79799 17.040 0.011 4.80 451.0
2460830.85017 17.028 0.013 6.25 525.0
2460830.88867 17.037 0.013 5.93 567.0
2460830.92994 17.046 0.015 6.39 630.0
2460831.87361 17.135 0.016 5.89 556.0
2460832.64400 17.012 0.014 6.73 636.0
2460832.72461 17.030 0.012 5.82 560.0
2460832.76621 17.004 0.013 6.02 668.0
2460832.80458 17.069 0.014 6.43 604.0
2460833.70019 17.032 0.013 5.88 589.0
2460833.74411 17.039 0.012 5.26 629.0
2460833.78277 17.020 0.013 5.70 666.0
2460833.82063 17.007 0.014 6.18 705.0
2460833.85871 17.027 0.014 6.11 624.0
2460833.89792 17.025 0.014 5.74 766.0
2460833.93771 17.002 0.017 6.96 862.0
2460834.81348 17.056 0.011 4.16 648.0
2460834.85336 17.039 0.011 4.21 677.0
2460834.89197 17.038 0.013 5.70 624.0
2460834.93159 16.979 0.016 7.27 638.0
2460835.60706 17.034 0.013 4.86 950.0
2460835.65532 17.044 0.012 4.77 768.0
2460835.69493 17.053 0.012 4.93 736.0
2460835.74563 17.030 0.013 4.57 1037.0
2460835.78954 17.033 0.011 4.45 821.0
2460841.62504 17.042 0.012 5.44 663.0
2460841.70373 17.022 0.013 5.11 780.0
2460842.70955 17.060 0.015 6.64 582.0
2460842.76349 17.042 0.015 6.53 655.0
2460843.69543 17.020 0.011 4.77 574.0
2460843.73446 17.034 0.011 4.92 579.0
2460843.77227 17.035 0.011 4.85 592.0
2460843.80947 17.177 0.014 5.60 623.0
2460843.84805 17.043 0.015 6.37 659.0
2460845.69612 17.055 0.013 5.99 488.0
2460845.73443 17.006 0.013 6.30 536.0
2460845.77215 17.020 0.012 5.16 562.0
2460845.80987 17.030 0.015 6.60 610.0
2460845.84794 17.033 0.014 5.87 658.0
2460845.88538 16.978 0.015 6.60 728.0
2460847.52637 17.031 0.014 6.13 648.0
2460848.81252 17.051 0.013 5.87 557.0
2460851.53438 17.006 0.014 7.04 518.0
2460851.57164 17.041 0.013 6.32 500.0
2460851.60931 17.049 0.013 6.51 488.0
2460851.64761 17.087 0.016 6.14 468.0
2460851.68650 17.099 0.016 6.76 456.0
2460853.74691 17.049 0.012 5.30 511.0
2460853.78412 17.031 0.013 6.04 503.0
2460853.82140 17.027 0.013 6.17 542.0
2460853.85976 17.036 0.013 6.01 523.0
2460857.68645 17.045 0.012 5.35 471.0
2460857.77167 17.078 0.015 6.09 478.0
2460857.84760 17.046 0.014 6.48 553.0
2460859.72945 17.023 0.010 4.75 425.0
2460868.47374 17.140 0.028 7.96 1147.0
2460868.55724 17.041 0.015 5.70 920.0
2460868.58867 17.037 0.015 5.93 904.0
2460868.63191 17.026 0.015 5.86 905.0
2460868.67729 17.018 0.014 5.53 863.0
2460868.71802 17.043 0.017 6.89 900.0
2460868.75858 17.029 0.017 6.46 980.0
2460868.79938 17.044 0.016 5.80 1091.0
2460868.83851 17.025 0.020 6.99 1335.0
2460869.49242 17.110 0.019 7.85 599.0
2460869.59888 17.086 0.016 6.52 688.0
2460869.64265 17.018 0.014 6.44 655.0
2460869.68422 17.007 0.013 5.92 629.0
2460869.72627 17.024 0.015 6.40 688.0
2460870.49522 17.081 0.016 6.76 496.0
2460870.51525 17.122 0.018 6.88 481.0
2460870.55605 17.019 0.013 6.56 493.0
2460870.59662 17.054 0.012 5.97 480.0
2460870.67943 17.035 0.011 5.39 475.0
2460870.72033 17.026 0.011 5.46 483.0
2460870.76139 17.036 0.011 5.44 513.0
2460870.81435 17.016 0.017 7.61 654.0
2460872.77012 17.039 0.016 7.65 544.0
2460872.81605 17.066 0.018 7.62 656.0
2460873.59498 17.041 0.012 6.11 473.0
2460873.64155 17.054 0.012 5.65 456.0
2460873.68259 17.041 0.011 5.28 439.0
2460873.72432 17.038 0.012 5.38 463.0
2460873.76527 17.007 0.011 5.10 511.0
2460873.80734 16.985 0.012 5.25 579.0
2460875.64081 17.049 0.010 4.44 421.0
2460875.68188 17.009 0.010 4.73 422.0
2460875.72328 17.005 0.010 4.78 459.0
2460875.76416 17.035 0.010 4.81 471.0
2460875.80470 17.048 0.012 5.49 564.0
2460876.80685 17.018 0.011 5.44 527.0
2460877.66782 17.029 0.010 4.90 482.0
2460878.47738 16.997 0.011 5.16 574.0
2460878.51852 17.068 0.011 4.87 473.0
2460878.56092 17.041 0.010 4.72 455.0
2460878.60459 17.020 0.009 4.28 411.0
2460878.65418 17.009 0.009 4.83 401.0
2460878.69541 17.090 0.012 4.76 393.0
2460878.74018 17.039 0.011 5.24 439.0
2460878.78620 17.044 0.012 5.82 450.0
2460879.75814 17.113 0.015 5.52 512.0
2460880.69919 17.058 0.012 5.55 472.0
2460880.74040 17.040 0.012 5.57 509.0
2460881.69409 17.021 0.010 4.90 442.0
2460881.73683 17.072 0.011 4.96 499.0
2460882.62543 17.044 0.010 5.24 567.0
2460885.46580 17.019 0.016 5.81 1039.0
2460885.55125 17.010 0.009 4.86 409.0
2460885.59404 17.017 0.010 4.90 408.0
2460885.63594 17.040 0.010 5.02 391.0
2460885.67940 17.041 0.010 5.09 387.0
2460885.73882 17.018 0.011 5.76 453.0
2460885.78519 17.036 0.012 5.75 476.0
2460890.73050 17.025 0.015 6.41 750.0
2460895.68850 17.030 0.017 6.24 1019.0
2460895.72994 17.034 0.019 6.49 1152.0
2460895.74315 17.081 0.021 6.82 1183.0
2460895.75714 16.991 0.020 6.76 1290.0
2460896.47887 17.062 0.017 5.91 946.0
2460896.54873 17.015 0.013 5.12 819.0
2460896.58691 17.016 0.014 5.83 816.0
2460896.63096 17.034 0.014 5.51 834.0
2460896.66988 17.032 0.014 5.71 907.0
2460896.71008 17.057 0.017 6.30 1043.0
2460896.74654 17.068 0.023 6.85 1283.0
2460897.55496 17.028 0.017 5.92 1292.0
2460898.68539 17.026 0.013 5.64 623.0
2460898.72710 17.086 0.015 5.87 642.0
2460899.48268 17.013 0.011 5.04 478.0
2460899.67632 17.005 0.011 5.21 542.0
2460901.51874 17.033 0.014 6.10 550.0
2460901.55838 17.054 0.014 6.91 536.0
2460901.59627 17.032 0.012 5.59 497.0
2460901.67230 17.031 0.012 5.53 538.0
2460901.71424 17.030 0.012 5.58 565.0
2460903.56764 17.046 0.015 6.90 605.0
2460903.65296 17.001 0.014 6.61 558.0
2460903.69756 16.997 0.016 7.68 547.0
2460904.60398 17.026 0.011 5.62 461.0
2460904.64182 17.025 0.014 6.95 481.0
2460904.67986 17.021 0.014 6.97 474.0
2460907.52286 17.044 0.013 5.84 568.0
2460907.60059 17.088 0.015 6.47 565.0
2460908.52112 17.029 0.012 5.66 558.0
2460911.52153 17.030 0.015 7.04 525.0
2460911.57596 17.057 0.013 5.89 523.0
2460911.67847 17.057 0.013 6.04 567.0
2460912.48809 17.116 0.019 7.69 505.0
2460913.67031 17.056 0.011 5.54 444.0
2460913.70748 17.055 0.013 6.10 491.0
2460914.51568 17.049 0.013 5.83 510.0
2460914.55481 17.113 0.015 5.55 517.0
2460914.65597 17.062 0.012 5.71 452.0
2460914.69320 17.086 0.012 5.79 437.0
2460915.51960 17.034 0.011 4.85 461.0
2460915.55833 17.041 0.011 5.00 461.0
2460915.59630 17.020 0.011 5.02 461.0
2460915.65338 17.021 0.010 5.34 430.0
2460915.69064 17.021 0.012 5.82 455.0
2460916.57049 17.050 0.014 6.37 507.0
2460916.61801 17.043 0.015 7.12 486.0
2460924.62201 17.047 0.014 5.80 841.0
2460937.50958 17.041 0.015 6.91 572.0
2460942.61284 17.033 0.012 6.24 498.0
2460944.60686 17.115 0.016 7.01 701.0
2460952.52558 17.008 0.019 7.59 784.0
2460968.53529 17.034 0.014 6.18 648.0
