2457793.88298 19.971 0.144 4.75 805.0
2457794.88997 19.892 0.202 5.77 1227.0
2457797.87608 19.931 0.165 5.04 936.0
2457799.87070 20.594 0.290 5.62 705.0
2457801.86071 20.247 0.236 5.75 831.0
2457808.87879 20.094 0.117 4.44 452.0
2457809.87358 20.017 0.147 6.01 494.0
2457810.86853 20.292 0.160 4.84 479.0
2457811.88760 19.854 0.116 5.34 422.0
2457813.81789 19.886 0.136 5.22 648.0
2457814.89032 20.278 0.123 4.00 457.0
2457816.81616 20.412 0.237 6.46 530.0
2457817.81257 20.188 0.142 4.52 570.0
2457818.88914 20.094 0.119 4.43 463.0
2457819.87563 20.099 0.111 4.28 429.0
2457820.87834 20.125 0.117 4.14 489.0
2457821.87599 19.937 0.132 5.09 540.0
2457822.87176 20.086 0.141 4.91 526.0
2457823.85705 20.171 0.146 4.15 660.0
2457824.85312 20.292 0.225 5.67 710.0
2457825.84483 19.692 0.107 5.05 660.0
2457826.80314 20.022 0.165 5.24 782.0
2457826.89305 20.024 0.155 5.19 646.0
2457827.87983 20.166 0.140 4.52 557.0
2457828.84920 20.284 0.158 4.44 592.0
2457829.83130 20.263 0.214 5.59 699.0
2457830.84261 20.336 0.176 4.69 629.0
2457834.89922 20.386 0.214 5.02 689.0
2457835.86632 20.002 0.178 7.21 455.0
2457836.81894 20.551 0.224 5.90 420.0
2457837.75544 20.066 0.157 6.65 424.0
2457837.86360 20.478 0.212 6.06 424.0
2457838.80176 20.085 0.132 5.11 457.0
2457839.74659 20.084 0.111 4.80 401.0
2457839.87054 20.141 0.103 4.28 360.0
2457840.79332 20.300 0.157 5.45 390.0
2457840.91368 20.085 0.116 4.29 492.0
2457841.85128 19.964 0.165 7.05 428.0
2457842.76812 20.053 0.166 6.74 437.0
2457842.87652 20.357 0.164 5.23 429.0
2457843.80044 20.157 0.140 5.43 387.0
2457843.91619 20.306 0.141 4.86 407.0
2457845.74405 19.869 0.143 6.80 463.0
2457845.86140 20.611 0.190 4.96 391.0
2457846.79149 20.015 0.126 5.58 392.0
2457846.89722 20.318 0.154 5.12 405.0
2457847.80214 20.028 0.125 5.04 420.0
2457847.92308 20.262 0.234 4.68 1069.0
2457848.81564 20.122 0.108 4.57 371.0
2457849.72173 20.432 0.263 6.29 633.0
2457849.82892 20.036 0.098 4.18 400.0
2457850.73369 20.164 0.207 6.38 600.0
2457850.84267 20.334 0.142 4.76 409.0
2457851.75128 20.260 0.200 5.44 621.0
2457852.85713 20.373 0.254 7.41 492.0
2457853.91594 20.196 0.219 7.00 513.0
2457854.78624 20.372 0.159 3.96 628.0
2457854.90377 20.170 0.121 3.51 573.0
2457855.81258 19.900 0.114 4.13 666.0
2457856.71084 19.896 0.208 6.95 819.0
2457856.82329 19.759 0.148 6.19 640.0
2457857.85649 20.105 0.240 7.04 730.0
2457857.91300 20.003 0.198 5.12 1079.0
2457858.77623 20.166 0.167 4.94 653.0
2457858.92403 20.286 0.180 4.91 626.0
2457862.78233 20.066 0.144 5.46 493.0
2457862.90672 20.112 0.127 4.42 478.0
2457864.83321 20.235 0.109 3.93 401.0
2457865.69144 19.935 0.100 4.73 436.0
2457866.68688 19.947 0.104 4.68 458.0
2457866.92899 20.135 0.135 3.43 800.0
2457867.93074 19.959 0.152 4.72 816.0
2457868.88159 20.399 0.295 8.40 494.0
2457869.74612 20.036 0.104 4.34 417.0
2457869.87705 19.937 0.085 3.57 437.0
2457870.75767 19.899 0.073 3.63 362.0
2457870.88847 20.111 0.101 3.69 408.0
2457871.77156 20.079 0.100 3.80 430.0
2457871.91307 20.095 0.106 3.87 443.0
2457872.77172 19.990 0.079 3.26 419.0
2457872.92062 20.176 0.120 3.93 483.0
2457873.75102 20.087 0.095 3.53 415.0
2457873.88565 20.001 0.094 3.67 441.0
2457874.71102 20.081 0.161 6.13 490.0
2457874.84166 20.387 0.209 6.17 482.0
2457875.76427 20.072 0.120 4.53 457.0
2457875.91422 20.011 0.126 4.88 613.0
2457876.72313 20.310 0.171 5.05 527.0
2457876.86136 20.108 0.111 4.08 452.0
2457877.68518 20.295 0.154 4.85 514.0
2457877.81532 20.387 0.121 3.43 451.0
2457878.71486 20.182 0.109 3.63 518.0
2457878.85735 20.066 0.099 3.80 444.0
2457879.68249 20.697 0.288 5.78 561.0
2457879.79021 19.840 0.182 7.69 537.0
2457880.71141 20.062 0.189 6.79 567.0
2457880.83319 20.661 0.288 5.79 563.0
2457881.78785 20.112 0.202 5.73 769.0
2457881.90668 20.067 0.205 6.87 591.0
2457882.78691 20.004 0.155 5.54 614.0
2457882.91698 19.946 0.126 4.70 605.0
2457890.83978 20.232 0.168 4.69 648.0
2457893.66076 20.114 0.179 6.49 523.0
2457893.77831 20.267 0.171 5.41 505.0
2457893.89922 20.055 0.129 4.75 520.0
2457894.64455 20.230 0.182 6.00 547.0
2457894.77117 20.187 0.154 5.92 436.0
2457894.88112 20.010 0.110 4.34 484.0
2457895.64319 20.201 0.150 5.03 627.0
2457897.68540 19.945 0.119 5.03 456.0
2457900.91862 20.087 0.184 6.38 515.0
2457901.62018 19.843 0.161 7.37 521.0
2457901.78060 19.943 0.120 5.12 524.0
2457902.61165 20.348 0.242 6.71 511.0
2457902.73073 20.167 0.121 4.53 427.0
2457902.90481 20.299 0.236 6.32 606.0
2457903.78045 20.019 0.166 7.09 427.0
2457903.89859 20.281 0.182 5.57 512.0
2457904.64048 20.281 0.169 5.80 435.0
2457904.76853 20.206 0.110 4.13 372.0
2457904.87824 20.273 0.175 5.53 482.0
2457905.60641 20.052 0.131 5.39 484.0
2457905.72440 19.958 0.094 4.31 403.0
2457905.84619 20.218 0.137 4.32 493.0
2457905.94458 19.967 0.206 5.12 1279.0
2457906.66479 20.514 0.162 4.24 443.0
2457906.79598 20.047 0.104 3.82 482.0
2457906.90505 20.260 0.170 4.48 668.0
2457907.66962 20.127 0.167 4.67 753.0
2457907.76880 19.995 0.119 4.39 544.0
2457908.61915 20.410 0.239 5.70 666.0
2457908.73677 20.133 0.109 3.59 542.0
2457908.85781 20.117 0.127 4.46 495.0
2457908.94253 20.232 0.272 6.24 955.0
2457909.66058 20.022 0.119 4.14 564.0
2457909.78095 20.019 0.131 3.83 743.0
2457909.88573 20.163 0.139 4.12 641.0
2457910.56750 19.944 0.187 6.45 789.0
2457910.68496 20.268 0.154 4.40 555.0
2457910.80744 20.290 0.148 4.12 579.0
2457910.93138 20.362 0.208 5.37 730.0
2457911.64252 20.228 0.188 5.07 683.0
2457911.81199 20.162 0.222 6.03 754.0
2457917.62669 20.413 0.258 6.20 648.0
2457917.74054 20.164 0.138 4.27 565.0
2457917.84911 20.116 0.185 5.08 771.0
2457918.59932 19.983 0.170 6.11 835.0
2457918.60232 20.058 0.171 6.01 727.0
2457922.60349 19.954 0.145 6.11 530.0
2457922.73255 20.369 0.194 5.58 468.0
2457923.60316 20.193 0.170 5.86 511.0
2457923.74007 19.865 0.150 6.62 499.0
2457923.84889 20.121 0.185 6.18 523.0
2457924.52562 20.448 0.230 5.83 562.0
2457924.63287 20.077 0.125 4.54 456.0
2457924.76007 20.194 0.134 4.40 430.0
2457924.86775 20.125 0.130 4.18 543.0
2457925.65711 20.234 0.121 4.39 386.0
2457925.79454 20.183 0.166 6.04 416.0
2457926.71011 20.148 0.158 5.78 448.0
2457926.83453 20.409 0.243 6.76 484.0
2457928.67512 20.342 0.157 4.90 441.0
2457932.71364 20.283 0.218 6.98 442.0
2457932.83369 20.094 0.153 5.76 490.0
2457933.58376 20.249 0.192 6.66 435.0
2457933.69545 20.068 0.138 5.97 381.0
2457933.81407 20.155 0.202 7.38 434.0
2457934.51918 20.466 0.201 5.40 511.0
2457934.62596 20.271 0.139 4.92 414.0
2457934.74953 20.114 0.113 4.35 422.0
2457934.85153 20.149 0.199 7.13 453.0
2457935.60743 20.017 0.104 4.24 423.0
2457935.72971 20.094 0.109 4.32 376.0
2457935.86086 20.232 0.125 4.27 413.0
2457935.88964 20.034 0.117 4.77 455.0
2457936.59061 20.271 0.140 4.90 422.0
2457936.72645 20.244 0.150 5.30 395.0
2457936.84591 20.475 0.256 7.19 411.0
2457937.53170 20.125 0.183 5.87 625.0
2457937.64283 20.073 0.119 4.71 434.0
2457937.77475 20.043 0.154 6.38 442.0
2457938.55516 19.819 0.156 6.28 596.0
2457944.46740 19.945 0.231 6.11 1270.0
2457944.56163 20.325 0.246 5.51 818.0
2457944.60213 20.000 0.148 4.52 762.0
2457944.66200 20.107 0.182 5.24 709.0
2457944.71271 20.279 0.188 4.45 727.0
2457944.77149 20.293 0.189 4.47 771.0
2457945.56326 20.282 0.181 5.09 608.0
2457945.67557 20.148 0.113 3.74 504.0
2457945.78587 20.046 0.144 4.86 636.0
2457946.49752 20.097 0.135 5.33 444.0
2457946.61845 19.963 0.132 5.32 523.0
2457946.74809 20.030 0.158 5.87 504.0
2457946.84830 20.326 0.262 6.54 678.0
2457947.60220 20.121 0.140 5.37 436.0
2457947.76222 19.763 0.123 6.04 499.0
2457948.49211 20.012 0.151 6.28 464.0
2457948.62307 20.370 0.193 5.97 467.0
2457948.76048 20.230 0.151 4.87 515.0
2457949.55653 20.160 0.261 7.09 754.0
2457949.67262 19.977 0.161 6.10 584.0
2457952.69247 20.086 0.141 5.43 417.0
2457952.81396 20.339 0.190 5.92 420.0
2457953.59399 20.372 0.139 4.66 390.0
2457953.71677 20.088 0.101 4.51 344.0
2457954.47175 20.171 0.170 4.83 714.0
2457954.60325 20.067 0.091 3.90 356.0
2457954.75223 20.349 0.142 4.46 437.0
2457955.78766 20.218 0.149 5.81 413.0
2457956.58604 19.980 0.099 4.53 395.0
2457956.71930 20.212 0.127 4.51 403.0
2457957.64502 20.123 0.148 5.71 422.0
2457957.79086 20.157 0.187 7.05 423.0
2457958.65690 20.054 0.146 6.09 414.0
2457958.76933 20.038 0.153 6.42 415.0
2457959.51688 20.130 0.131 5.10 444.0
2457959.63374 20.043 0.101 4.46 373.0
2457959.75062 20.223 0.153 5.60 396.0
2457960.50320 19.878 0.107 5.14 440.0
2457960.63964 20.324 0.144 5.14 340.0
2457960.75997 20.052 0.126 5.44 386.0
2457961.58775 20.307 0.133 4.46 459.0
2457961.68150 20.277 0.153 5.06 416.0
2457962.51105 20.393 0.163 5.04 430.0
2457962.78586 19.799 0.138 6.51 515.0
2457964.57680 20.258 0.132 3.96 486.0
2457964.69745 20.024 0.126 5.17 435.0
2457965.66796 20.023 0.131 5.40 453.0
2457966.54197 19.928 0.192 7.60 533.0
2457966.63388 19.975 0.130 5.56 417.0
2457967.57523 19.981 0.151 6.13 485.0
2457967.66224 19.876 0.154 6.45 537.0
2457971.50324 20.068 0.225 5.15 1242.0
2457971.59373 20.011 0.175 4.98 783.0
2457971.64185 20.011 0.156 4.47 793.0
2457971.68111 20.114 0.273 5.07 1620.0
2457971.73299 20.124 0.192 4.57 985.0
2457972.51537 19.901 0.228 7.25 804.0
2457972.60459 19.971 0.177 5.32 734.0
2457972.66587 20.523 0.298 5.42 757.0
2457972.71133 19.789 0.154 5.26 845.0
2457973.65072 20.198 0.193 5.14 730.0
2457974.63157 20.174 0.156 4.60 552.0
2457974.74350 20.228 0.240 6.06 746.0
2457979.50223 20.122 0.120 4.56 455.0
2457979.63026 20.354 0.136 4.24 423.0
2457980.56501 20.074 0.172 5.96 515.0
2457980.67539 20.288 0.194 5.33 510.0
2457981.61785 19.942 0.115 4.28 508.0
2457982.51703 20.226 0.165 5.47 441.0
2457982.63804 20.313 0.188 5.68 454.0
2457983.56594 20.045 0.134 5.20 444.0
2457983.67644 20.194 0.125 4.78 409.0
2457984.59222 20.130 0.138 5.02 422.0
2457985.52189 20.091 0.179 6.42 497.0
2457985.63871 20.010 0.207 8.14 442.0
2457986.61589 20.397 0.147 4.52 400.0
2457987.54423 20.172 0.130 4.38 446.0
2457987.66386 20.415 0.152 4.21 438.0
2457991.64522 20.030 0.153 6.15 426.0
2457992.56140 20.466 0.171 4.73 430.0
2457993.49682 20.137 0.146 5.06 497.0
2457993.60852 20.108 0.135 5.40 401.0
2457994.54243 20.193 0.173 5.54 519.0
2457994.65361 19.692 0.125 6.27 521.0
2457998.52198 20.151 0.162 4.43 706.0
2458000.49406 19.915 0.145 5.36 652.0
2458000.53734 20.387 0.268 6.45 620.0
2458000.59001 20.216 0.242 6.47 680.0
2458000.63439 20.199 0.222 5.77 773.0
2458001.57652 20.221 0.193 5.45 637.0
2458003.59175 19.977 0.201 6.57 643.0
2458004.57930 20.288 0.241 6.65 560.0
2458007.53214 20.200 0.154 5.21 477.0
2458008.56163 20.170 0.163 5.86 439.0
2458010.58314 20.460 0.284 7.12 540.0
2458012.52594 20.082 0.124 4.47 530.0
2458013.53030 20.014 0.123 4.57 512.0
2458014.53955 20.029 0.123 4.85 473.0
2458015.53786 19.868 0.152 6.58 490.0
2458016.54564 19.972 0.155 6.58 480.0
2458017.56999 20.285 0.173 5.31 505.0
2458019.50348 20.191 0.143 4.96 469.0
2458020.54832 20.013 0.142 4.77 489.0
2458026.51425 19.792 0.189 4.85 1748.0
2458028.49754 19.902 0.217 7.80 709.0
2458030.50426 20.028 0.148 4.51 686.0
2458046.49955 20.455 0.297 6.09 712.0
2458055.51837 20.281 0.216 4.80 781.0
2458161.87076 20.276 0.209 5.85 670.0
2458162.85541 20.425 0.186 5.37 534.0
2458162.88272 20.180 0.144 4.39 637.0
2458163.89151 19.773 0.152 4.33 1466.0
2458164.88889 20.542 0.254 5.11 789.0
2458165.87682 19.836 0.108 4.86 520.0
2458166.86936 20.086 0.150 5.69 512.0
2458167.84419 19.900 0.126 5.21 561.0
2458167.89341 19.766 0.126 5.15 717.0
2458168.86517 20.095 0.140 5.28 493.0
2458169.84921 20.318 0.210 5.99 542.0
2458169.88821 19.966 0.180 5.97 567.0
2458170.87118 20.275 0.146 4.43 492.0
2458171.83660 20.103 0.147 4.91 572.0
2458171.88015 20.134 0.145 4.74 524.0
2458172.84213 20.124 0.131 4.39 521.0
2458172.89047 20.048 0.128 4.00 589.0
2458173.85189 20.616 0.208 4.30 624.0
2458174.82694 20.018 0.153 5.10 696.0
2458174.86281 19.894 0.109 4.31 626.0
2458175.82204 20.191 0.166 5.55 538.0
2458175.86140 20.195 0.133 4.37 494.0
2458176.82142 20.012 0.148 4.90 684.0
2458176.85445 20.121 0.127 4.38 541.0
2458181.80466 19.839 0.152 5.26 872.0
2458181.84750 20.164 0.157 4.12 751.0
2458181.89871 20.021 0.157 4.51 776.0
2458183.80692 20.095 0.209 6.16 778.0
2458184.83186 20.162 0.150 4.17 700.0
2458184.87157 20.256 0.181 4.63 658.0
2458185.83953 20.061 0.215 6.06 804.0
2458185.87969 20.338 0.227 5.36 719.0
2458189.82152 20.153 0.129 4.42 498.0
2458190.91334 19.706 0.145 3.94 1559.0
2458191.90058 20.245 0.155 5.02 456.0
2458192.89045 20.161 0.127 4.67 437.0
2458193.86793 20.365 0.172 5.55 419.0
2458194.82975 20.222 0.152 5.48 423.0
2458195.80303 20.076 0.137 5.37 473.0
2458196.77215 20.230 0.149 5.40 454.0
2458196.88924 20.193 0.123 4.60 402.0
2458197.83301 19.936 0.100 4.32 440.0
2458198.78947 20.270 0.130 4.24 461.0
2458200.83165 20.261 0.143 4.51 493.0
2458201.75856 19.831 0.174 7.46 559.0
2458201.88181 20.213 0.130 4.67 391.0
2458202.80938 20.089 0.111 4.09 485.0
2458203.75150 20.181 0.145 5.21 458.0
2458203.85870 20.109 0.109 4.03 426.0
2458204.79047 20.446 0.207 5.45 499.0
2458204.90677 20.304 0.141 4.74 408.0
2458205.84943 20.195 0.157 5.39 439.0
2458206.77137 20.285 0.152 4.23 624.0
2458206.88705 20.304 0.106 3.57 389.0
2458207.79763 20.082 0.130 4.41 616.0
2458207.91448 20.074 0.093 3.50 470.0
2458208.82448 20.253 0.149 3.59 696.0
2458209.85270 20.304 0.152 3.95 624.0
2458211.77229 20.466 0.244 5.25 717.0
2458211.87963 20.096 0.110 3.51 603.0
2458212.77353 20.306 0.174 4.32 764.0
2458212.87159 20.053 0.115 3.73 659.0
2458217.82536 20.102 0.121 4.64 447.0
2458220.74589 20.263 0.180 6.36 427.0
2458220.85334 20.046 0.090 4.12 366.0
2458221.76964 20.230 0.145 5.21 406.0
2458221.87694 20.168 0.110 3.50 406.0
2458222.76494 20.134 0.107 4.29 393.0
2458222.90636 20.006 0.108 4.12 459.0
2458223.88352 20.357 0.155 4.23 440.0
2458224.75855 20.078 0.131 4.69 485.0
2458226.83898 20.007 0.139 5.91 422.0
2458227.71355 20.184 0.160 5.83 444.0
2458227.85437 20.039 0.092 3.75 390.0
2458228.76734 20.134 0.128 4.99 419.0
2458228.90812 20.148 0.116 4.38 410.0
2458229.79350 20.055 0.092 3.88 365.0
2458229.90936 20.092 0.107 4.00 406.0
2458230.77873 20.261 0.148 5.27 426.0
2458230.91460 20.036 0.097 4.16 392.0
2458233.69722 20.282 0.154 4.42 582.0
2458235.72401 19.901 0.150 5.73 641.0
2458236.73293 20.411 0.174 3.62 801.0
2458238.72883 20.055 0.174 5.09 815.0
2458238.84877 20.236 0.172 4.30 764.0
2458244.70314 20.079 0.130 4.62 557.0
2458246.72477 20.001 0.126 4.97 504.0
2458246.84365 20.028 0.116 4.11 563.0
2458247.64760 20.182 0.180 5.55 629.0
2458247.75663 20.455 0.158 4.43 463.0
2458247.88727 20.068 0.161 5.37 592.0
2458248.76386 20.255 0.181 5.40 523.0
2458249.72466 20.206 0.144 5.37 441.0
2458249.84636 20.221 0.121 4.13 470.0
2458250.66373 20.276 0.124 4.65 403.0
2458250.78827 20.127 0.084 3.35 397.0
2458250.91090 20.176 0.142 4.75 486.0
2458251.83223 19.743 0.111 5.60 419.0
2458252.85866 20.038 0.142 5.44 504.0
2458253.65034 20.235 0.162 5.74 467.0
2458253.76031 20.419 0.141 4.03 440.0
2458254.64611 20.109 0.116 4.47 468.0
2458254.78726 20.337 0.107 3.24 425.0
2458254.92751 19.975 0.100 3.66 540.0
2458255.72062 20.235 0.152 5.03 418.0
2458255.87500 20.061 0.137 4.61 529.0
2458256.65364 20.033 0.132 5.28 467.0
2458256.77409 19.944 0.120 4.97 476.0
2458256.90345 20.134 0.140 4.64 537.0
2458257.71297 20.041 0.137 5.52 432.0
2458257.82727 19.873 0.098 4.33 443.0
2458258.67251 20.110 0.101 4.08 406.0
2458258.81753 20.049 0.096 3.57 417.0
2458259.61981 20.121 0.175 5.59 589.0
2458259.78248 20.326 0.123 3.57 475.0
2458259.90540 20.095 0.143 4.80 572.0
2458260.81657 20.030 0.098 3.72 532.0
2458261.85647 20.137 0.118 3.88 447.0
2458262.67729 20.122 0.109 4.08 423.0
2458262.79563 20.228 0.117 4.39 366.0
2458262.91724 20.480 0.172 4.26 492.0
2458263.72009 20.085 0.093 3.53 448.0
2458263.85277 19.935 0.074 3.50 352.0
2458264.85232 20.188 0.139 4.03 597.0
2458265.62872 20.312 0.204 4.75 734.0
2458265.74645 20.464 0.164 3.98 572.0
2458265.90369 20.272 0.189 5.52 548.0
2458266.75265 20.048 0.163 5.18 707.0
2458271.87562 20.116 0.195 4.82 995.0
2458272.73742 20.376 0.195 5.17 547.0
2458272.85452 20.183 0.147 4.41 582.0
2458273.59079 20.214 0.153 5.23 499.0
2458273.72183 20.343 0.127 4.01 433.0
2458273.84331 20.041 0.156 5.70 521.0
2458274.68513 20.418 0.238 6.57 479.0
2458274.81351 19.791 0.123 5.67 547.0
2458274.92740 20.129 0.282 7.07 911.0
2458275.69015 20.433 0.142 4.16 410.0
2458275.82467 20.048 0.134 4.93 526.0
2458276.57301 20.355 0.215 5.82 594.0
2458276.68641 20.390 0.126 3.97 379.0
2458276.81352 20.210 0.124 4.15 463.0
2458277.61835 20.038 0.104 4.52 431.0
2458277.75180 20.092 0.117 4.65 399.0
2458277.86589 20.170 0.122 3.91 510.0
2458278.56593 20.064 0.128 5.07 510.0
2458278.70132 20.153 0.122 4.50 427.0
2458282.58310 20.243 0.144 4.74 470.0
2458282.70820 20.199 0.093 3.75 354.0
2458282.84838 20.058 0.089 3.52 421.0
2458283.54929 20.295 0.216 6.56 491.0
2458283.66703 20.216 0.121 4.59 406.0
2458283.79362 20.108 0.112 4.31 447.0
2458283.90799 20.077 0.218 7.15 572.0
2458284.62837 20.261 0.139 4.91 413.0
2458284.76302 20.383 0.141 4.36 389.0
2458284.87547 20.249 0.141 4.23 463.0
2458285.77727 20.183 0.143 5.16 421.0
2458286.59515 20.353 0.164 5.43 375.0
2458286.73171 20.071 0.113 4.68 363.0
2458286.87175 20.297 0.146 4.68 429.0
2458287.58285 20.303 0.139 4.77 395.0
2458287.72246 20.101 0.096 4.11 344.0
2458287.86378 20.204 0.097 3.58 369.0
2458288.55895 19.996 0.115 5.03 433.0
2458288.68612 20.102 0.090 3.83 336.0
2458288.83651 20.065 0.137 5.03 456.0
2458289.55554 19.944 0.122 5.31 492.0
2458289.69462 20.187 0.092 3.52 376.0
2458289.82828 20.229 0.149 5.00 446.0
2458290.55285 19.845 0.117 5.05 560.0
2458290.69115 20.140 0.115 4.16 445.0
2458290.82401 20.012 0.123 4.57 483.0
2458291.59583 19.809 0.114 4.17 844.0
2458291.73975 20.144 0.118 3.74 472.0
2458291.87388 20.122 0.155 4.94 532.0
2458292.60324 19.869 0.116 4.94 508.0
2458292.73481 19.962 0.123 4.77 508.0
2458292.88572 20.308 0.179 4.67 550.0
2458293.61269 20.243 0.192 5.71 568.0
2458293.75439 19.876 0.178 6.81 674.0
2458294.63453 20.153 0.197 5.72 663.0
2458294.79157 20.188 0.257 6.78 895.0
2458301.61107 19.938 0.195 7.17 629.0
2458302.55320 20.481 0.210 5.37 595.0
2458304.54235 19.990 0.170 6.71 513.0
2458304.62873 19.995 0.175 6.87 504.0
2458304.76609 19.947 0.192 7.60 550.0
2458305.66209 20.192 0.145 5.49 423.0
2458305.78233 20.111 0.214 7.58 486.0
2458306.67818 19.634 0.112 6.57 457.0
2458306.77094 19.912 0.153 6.67 476.0
2458307.48587 20.411 0.235 6.11 596.0
2458307.60737 20.172 0.109 4.20 412.0
2458307.73093 20.104 0.106 4.25 385.0
2458307.84661 20.238 0.222 6.70 528.0
2458308.56419 20.230 0.128 4.69 372.0
2458308.69500 19.751 0.099 5.23 391.0
2458308.80508 19.891 0.157 6.61 528.0
2458309.53937 20.139 0.122 4.66 418.0
2458309.67306 20.036 0.106 4.49 378.0
2458309.78374 19.988 0.107 4.49 462.0
2458310.50383 20.256 0.162 5.35 434.0
2458310.59071 20.427 0.162 4.95 393.0
2458310.68114 20.308 0.136 4.50 454.0
2458310.77944 20.161 0.132 4.83 422.0
2458311.51743 20.518 0.233 6.01 463.0
2458311.63984 20.147 0.118 5.04 370.0
2458311.76124 20.089 0.116 4.13 449.0
2458312.48706 20.260 0.174 5.25 541.0
2458312.60064 19.910 0.104 5.08 398.0
2458312.74999 20.264 0.108 3.62 379.0
2458313.48851 20.018 0.117 4.44 543.0
2458313.60452 20.049 0.077 3.37 350.0
2458313.72118 20.167 0.114 3.67 420.0
2458313.82670 20.105 0.133 4.16 553.0
2458314.56633 20.173 0.137 4.99 457.0
2458314.69728 20.014 0.101 3.93 425.0
2458314.80474 20.347 0.168 5.38 434.0
2458316.56704 20.334 0.181 5.35 479.0
2458316.68351 19.927 0.178 7.46 443.0
2458320.50468 20.030 0.145 5.58 528.0
2458320.63492 20.294 0.120 4.15 428.0
2458320.74616 20.010 0.102 4.35 429.0
2458321.53782 20.309 0.192 5.10 632.0
2458328.50509 20.088 0.229 6.69 752.0
2458328.61635 20.129 0.180 5.59 631.0
2458328.72774 20.116 0.190 5.15 773.0
2458329.52683 20.027 0.173 5.75 641.0
2458329.63889 19.882 0.125 4.92 581.0
2458329.74671 20.266 0.168 4.40 651.0
2458330.56315 20.233 0.156 4.66 704.0
2458331.54392 20.353 0.132 4.28 396.0
2458331.66680 20.092 0.119 4.45 472.0
2458332.54459 20.384 0.177 5.10 490.0
2458332.66845 20.140 0.167 5.55 535.0
2458333.52570 20.248 0.132 4.30 479.0
2458333.65944 20.185 0.108 4.10 393.0
2458334.56923 20.237 0.133 4.42 483.0
2458334.69163 20.275 0.139 4.54 445.0
2458335.70775 19.583 0.126 6.95 518.0
2458336.58898 20.467 0.173 5.40 382.0
2458338.47397 19.823 0.141 5.86 614.0
2458338.59186 20.068 0.144 5.97 438.0
2458339.49040 20.060 0.108 4.20 473.0
2458339.63027 20.342 0.116 3.89 357.0
2458340.56138 20.264 0.124 3.99 527.0
2458340.74724 20.072 0.126 5.10 391.0
2458341.60538 20.364 0.122 3.77 369.0
2458342.51037 20.072 0.120 4.53 410.0
2458343.49188 20.373 0.229 6.03 619.0
2458344.52376 20.267 0.158 4.67 491.0
2458344.70029 20.493 0.192 4.67 446.0
2458345.55678 20.134 0.141 4.48 522.0
2458345.72211 20.077 0.102 4.24 355.0
2458346.60420 20.120 0.111 4.00 365.0
2458347.50779 20.069 0.107 4.24 391.0
2458347.69041 20.189 0.110 3.97 368.0
2458348.57121 19.788 0.117 5.37 486.0
2458349.53529 19.989 0.212 7.69 527.0
2458353.61392 19.734 0.159 6.05 799.0
2458355.54494 20.268 0.186 4.95 602.0
2458356.47924 19.904 0.169 5.72 800.0
2458356.67585 19.972 0.111 3.67 672.0
2458357.65821 20.032 0.130 3.94 611.0
2458358.56188 19.996 0.142 4.80 591.0
2458359.48412 20.637 0.222 5.06 469.0
2458359.65127 20.061 0.150 5.00 576.0
2458360.56382 19.905 0.158 6.16 558.0
2458360.69573 19.974 0.237 7.59 723.0
2458363.55600 20.422 0.173 4.85 458.0
2458364.50172 20.012 0.107 4.31 486.0
2458364.66100 20.271 0.108 3.96 372.0
2458366.58733 19.964 0.118 4.77 438.0
2458367.62950 20.003 0.100 4.18 425.0
2458368.55060 20.239 0.114 3.59 401.0
2458369.50208 19.981 0.128 5.08 476.0
2458369.65904 20.193 0.155 4.92 483.0
2458370.65506 20.229 0.143 4.44 488.0
2458371.60472 20.286 0.157 5.09 425.0
2458372.61985 20.296 0.161 4.75 449.0
2458373.55931 20.287 0.203 5.89 452.0
2458375.58597 19.995 0.143 5.87 434.0
2458376.51729 19.993 0.160 6.34 484.0
2458377.57775 20.142 0.206 5.71 811.0
2458382.53551 20.263 0.160 3.60 746.0
2458382.62708 20.227 0.164 3.82 780.0
2458383.56620 20.262 0.233 5.66 704.0
2458384.51672 20.010 0.149 4.58 658.0
2458384.60901 20.271 0.183 4.14 741.0
2458385.53976 20.145 0.105 3.06 608.0
2458385.63054 20.217 0.143 4.03 728.0
2458392.52166 19.901 0.157 6.17 520.0
2458393.50628 20.625 0.280 6.25 452.0
2458393.59809 20.076 0.191 6.82 484.0
2458394.58680 20.387 0.170 4.74 425.0
2458398.55011 19.814 0.124 5.68 452.0
2458401.53658 20.023 0.151 5.18 529.0
2458415.51597 20.110 0.299 7.26 918.0
2458418.53366 20.032 0.241 7.54 641.0
2458530.88374 19.954 0.114 4.19 581.0
2458532.88669 20.570 0.275 5.78 652.0
2458534.88326 19.895 0.157 5.44 738.0
2458535.88717 20.097 0.172 5.14 728.0
2458536.86642 20.002 0.143 4.65 672.0
2458537.86558 20.077 0.147 5.31 549.0
2458538.88610 20.376 0.178 5.00 574.0
2458539.87544 20.427 0.193 4.91 563.0
2458540.89777 20.197 0.224 4.58 1198.0
2458546.82517 20.494 0.193 5.45 460.0
2458546.86588 20.231 0.127 4.50 421.0
2458547.82218 20.205 0.144 5.05 462.0
2458547.87539 20.025 0.099 4.08 421.0
2458548.83320 20.084 0.121 4.29 540.0
2458548.87916 20.165 0.113 3.79 507.0
2458549.82680 20.252 0.169 5.59 454.0
2458549.86689 20.091 0.116 4.57 438.0
2458550.84002 20.126 0.105 4.16 420.0
2458550.87955 20.101 0.105 4.17 429.0
2458551.85019 20.428 0.211 6.38 425.0
2458551.88945 20.370 0.240 7.07 443.0
2458552.87122 20.335 0.175 5.70 424.0
2458553.84901 20.195 0.169 5.98 469.0
2458554.82380 20.358 0.180 5.40 479.0
2458554.86524 20.061 0.110 4.50 434.0
2458555.78686 20.275 0.166 5.17 521.0
2458555.82640 19.951 0.095 4.40 438.0
2458555.88388 20.139 0.100 3.77 411.0
2458556.79784 20.136 0.135 5.01 454.0
2458556.84804 20.335 0.170 5.54 439.0
2458556.88815 20.005 0.102 4.64 433.0
2458557.81530 20.327 0.185 5.69 457.0
2458557.85519 20.242 0.130 4.56 416.0
2458558.80831 20.135 0.125 4.55 462.0
2458558.85743 20.166 0.117 4.39 436.0
2458559.80154 20.411 0.177 5.18 469.0
2458559.84180 20.240 0.126 4.34 417.0
2458559.89185 20.338 0.129 4.17 412.0
2458561.80510 20.201 0.156 4.75 617.0
2458562.79244 20.268 0.206 5.42 762.0
2458562.84348 19.997 0.148 4.99 695.0
2458562.88974 19.941 0.135 4.93 641.0
2458563.78129 20.028 0.164 5.08 880.0
2458563.82986 20.086 0.142 4.15 741.0
2458563.87943 20.190 0.137 3.77 656.0
2458564.77084 20.042 0.182 5.59 767.0
2458565.77099 20.094 0.158 4.90 780.0
2458565.82615 19.824 0.113 4.44 674.0
2458565.88046 19.979 0.116 4.25 598.0
2458566.77765 19.958 0.124 4.40 712.0
2458566.83580 20.202 0.134 3.85 634.0
2458566.87733 19.878 0.097 4.04 570.0
2458567.78021 20.328 0.192 4.10 957.0
2458573.87242 20.622 0.279 6.53 467.0
2458573.91134 20.068 0.135 5.16 472.0
2458574.81020 20.479 0.243 6.82 413.0
2458574.86259 20.550 0.196 5.64 398.0
2458575.75700 19.832 0.121 6.13 455.0
2458575.80569 20.201 0.154 5.56 427.0
2458575.84449 19.964 0.134 5.90 432.0
2458575.89335 20.317 0.162 5.12 439.0
2458576.81896 20.239 0.141 5.30 416.0
2458576.85767 19.651 0.130 7.59 429.0
2458576.90839 19.649 0.105 6.50 401.0
2458577.73324 19.997 0.160 6.15 523.0
2458577.82949 19.813 0.147 6.84 503.0
2458578.72696 20.296 0.190 5.91 482.0
2458578.76454 19.864 0.100 4.85 433.0
2458578.81348 20.125 0.122 4.45 464.0
2458578.87084 20.318 0.160 5.01 489.0
2458578.92337 20.003 0.127 4.43 600.0
2458579.74233 20.353 0.176 5.08 505.0
2458579.78985 19.770 0.156 7.01 553.0
2458579.82726 19.980 0.146 5.52 565.0
2458579.89060 20.183 0.160 5.16 550.0
2458580.71801 19.962 0.145 5.86 524.0
2458580.76298 20.221 0.155 5.35 471.0
2458580.80812 19.906 0.107 5.16 444.0
2458580.85557 20.161 0.147 5.60 486.0
2458581.74129 20.107 0.119 4.52 460.0
2458581.85478 20.166 0.118 4.24 428.0
2458582.72070 20.029 0.125 5.47 431.0
2458582.80683 20.314 0.151 4.88 453.0
2458583.70939 20.087 0.154 5.71 512.0
2458583.75722 19.832 0.094 5.04 438.0
2458583.87739 20.103 0.101 3.78 453.0
2458584.73573 20.091 0.122 5.07 451.0
2458584.83535 20.081 0.103 4.37 396.0
2458585.71568 20.100 0.121 4.88 461.0
2458585.79938 19.932 0.097 4.79 433.0
2458585.92599 20.162 0.168 3.65 1137.0
2458586.73605 20.019 0.105 4.40 422.0
2458586.85293 20.054 0.083 3.57 369.0
2458587.70508 19.924 0.150 6.12 574.0
2458587.77662 20.277 0.153 5.29 446.0
2458587.91895 20.341 0.164 4.52 520.0
2458588.73246 19.941 0.115 5.27 512.0
2458588.85685 20.092 0.079 3.26 383.0
2458589.70749 20.100 0.152 4.68 707.0
2458589.79250 19.724 0.091 4.27 541.0
2458589.92469 20.118 0.130 3.50 724.0
2458590.72912 20.290 0.166 4.87 668.0
2458590.84423 19.932 0.079 3.07 543.0
2458591.71422 20.219 0.156 4.22 799.0
2458591.79253 20.163 0.120 3.67 639.0
2458592.83673 20.310 0.229 5.70 755.0
2458593.72112 20.203 0.227 5.29 1015.0
2458593.80951 20.277 0.286 5.54 1447.0
2458594.68394 20.184 0.194 4.80 980.0
2458594.74792 20.177 0.166 4.62 718.0
2458594.86343 20.019 0.120 4.00 697.0
2458595.70973 19.982 0.260 7.14 1050.0
2458595.82021 20.155 0.225 6.19 818.0
2458599.73152 20.325 0.200 5.63 548.0
2458599.78803 20.383 0.180 5.33 490.0
2458599.87033 20.128 0.130 4.74 480.0
2458599.92170 20.185 0.136 4.53 491.0
2458600.68914 20.208 0.152 5.37 453.0
2458600.81011 20.121 0.113 4.53 453.0
2458601.66923 20.165 0.121 4.57 452.0
2458601.74337 20.110 0.127 5.01 473.0
2458602.66712 20.070 0.101 4.22 437.0
2458602.73479 20.155 0.112 4.28 398.0
2458602.90385 19.960 0.096 3.83 452.0
2458603.68866 19.964 0.131 5.89 442.0
2458603.84352 20.274 0.111 3.76 399.0
2458604.70465 19.883 0.132 6.38 485.0
2458604.82641 20.156 0.113 4.15 410.0
2458605.67052 20.482 0.229 6.32 472.0
2458605.77053 20.174 0.159 5.79 450.0
2458605.93511 19.650 0.129 3.96 1249.0
2458606.72718 19.962 0.100 4.27 416.0
2458606.87828 20.163 0.105 3.62 447.0
2458607.68555 20.087 0.123 4.85 463.0
2458608.76877 20.191 0.110 3.71 482.0
2458608.91372 20.079 0.113 4.15 505.0
2458612.75749 20.350 0.208 6.42 413.0
2458612.88565 20.052 0.147 5.48 485.0
2458613.65973 20.224 0.209 6.68 488.0
2458613.78204 20.234 0.114 3.73 426.0
2458613.92092 20.107 0.127 4.02 567.0
2458615.65030 19.902 0.139 6.45 479.0
2458615.77149 20.186 0.111 4.07 401.0
2458616.69723 20.130 0.112 3.95 519.0
2458616.84578 20.139 0.106 3.69 456.0
2458617.65347 20.144 0.152 5.04 561.0
2458617.74013 20.311 0.127 3.96 499.0
2458618.69066 20.119 0.178 6.01 601.0
2458618.84320 20.261 0.146 4.28 573.0
2458619.64352 20.280 0.238 6.34 648.0
2458619.73068 19.822 0.118 5.20 552.0
2458619.91163 20.361 0.183 5.61 431.0
2458620.68071 20.228 0.202 6.04 608.0
2458620.82801 20.233 0.152 4.38 567.0
2458621.83549 20.166 0.168 4.14 814.0
2458626.76052 20.045 0.194 5.09 990.0
2458626.82286 19.771 0.116 4.82 699.0
2458626.87264 19.961 0.152 4.58 807.0
2458626.92291 20.704 0.276 4.21 834.0
2458627.65134 20.540 0.228 4.58 972.0
2458627.71228 20.192 0.125 4.41 452.0
2458635.64334 20.151 0.143 5.56 427.0
2458635.71190 20.387 0.141 4.47 386.0
2458635.85928 19.994 0.140 5.55 508.0
2458636.58234 20.334 0.210 6.21 499.0
2458636.67117 19.897 0.103 4.83 426.0
2458636.81651 20.143 0.096 3.56 380.0
2458636.93674 19.834 0.120 4.77 640.0
2458637.63018 20.039 0.106 4.95 374.0
2458637.77767 19.997 0.092 3.69 451.0
2458637.90159 20.095 0.105 3.58 510.0
2458638.67896 20.172 0.112 4.64 403.0
2458638.87296 20.010 0.143 5.62 540.0
2458639.68602 19.952 0.087 3.90 425.0
2458640.56577 20.371 0.209 6.21 516.0
2458640.63377 20.121 0.128 5.08 430.0
2458640.78766 20.103 0.131 4.77 438.0
2458640.90710 20.106 0.146 4.98 545.0
2458641.66947 20.115 0.109 4.14 470.0
2458642.64846 20.235 0.155 5.17 500.0
2458642.85297 20.065 0.135 4.42 546.0
2458643.56699 20.194 0.147 5.19 537.0
2458643.65060 20.297 0.124 4.06 423.0
2458643.78506 20.171 0.119 4.55 408.0
2458643.89339 19.917 0.105 4.56 482.0
2458644.57475 20.003 0.145 5.61 560.0
2458644.68736 19.917 0.084 4.08 379.0
2458644.81284 20.242 0.162 5.25 492.0
2458645.66732 19.996 0.144 5.64 565.0
2458646.62070 19.683 0.137 7.10 498.0
2458646.73557 20.005 0.140 5.69 478.0
2458646.83624 20.128 0.153 5.42 498.0
2458647.60783 19.970 0.158 5.69 609.0
2458647.69320 20.117 0.146 5.03 533.0
2458647.81929 19.754 0.124 5.88 557.0
2458648.61116 19.827 0.147 6.09 714.0
2458648.69859 20.256 0.188 5.48 606.0
2458648.82034 20.656 0.250 4.79 627.0
2458649.59012 20.154 0.266 6.70 863.0
2458654.88889 20.337 0.215 3.95 1306.0
2458655.64935 19.932 0.138 4.04 1279.0
2458655.85876 20.136 0.202 5.21 989.0
2458656.79844 20.286 0.133 4.32 485.0
2458657.54402 20.061 0.127 5.20 464.0
2458657.62255 20.078 0.119 4.90 401.0
2458657.74159 20.043 0.108 4.40 397.0
2458657.85280 20.117 0.116 3.84 466.0
2458658.55373 20.068 0.154 6.51 399.0
2458660.62906 20.381 0.150 4.86 382.0
2458660.76546 20.249 0.130 4.31 432.0
2458661.52841 20.026 0.168 6.67 514.0
2458661.62492 20.437 0.163 5.09 368.0
2458662.57396 19.861 0.135 6.41 502.0
2458662.68711 19.814 0.142 7.31 439.0
2458664.53620 20.063 0.131 5.60 406.0
2458664.66112 20.224 0.108 4.39 336.0
2458664.80206 19.778 0.082 4.33 495.0
2458666.49550 20.275 0.247 6.21 756.0
2458666.56628 20.165 0.197 6.53 530.0
2458667.59472 20.122 0.183 6.41 484.0
2458667.72578 20.080 0.096 4.12 362.0
2458668.48659 20.283 0.251 7.11 563.0
2458668.57258 19.820 0.115 5.90 412.0
2458668.72363 20.173 0.114 4.55 339.0
2458668.84949 20.312 0.203 6.36 453.0
2458669.54077 20.036 0.134 5.09 544.0
2458669.69102 20.372 0.168 5.06 444.0
2458669.81931 20.433 0.154 4.34 457.0
2458670.51318 19.903 0.102 4.81 487.0
2458670.62797 20.069 0.087 3.75 366.0
2458670.77050 19.929 0.078 3.74 356.0
2458672.68178 19.727 0.134 7.40 420.0
2458673.61963 20.211 0.124 4.46 425.0
2458673.76233 20.446 0.166 4.64 433.0
2458674.58449 20.282 0.176 5.95 433.0
2458674.69523 19.863 0.098 4.86 414.0
2458674.82593 20.221 0.195 5.89 578.0
2458675.82608 20.011 0.123 5.06 465.0
2458676.49017 19.826 0.143 5.47 761.0
2458676.56750 19.996 0.121 4.40 598.0
2458676.74066 20.089 0.138 4.57 561.0
2458676.81694 19.843 0.193 6.95 689.0
2458677.60808 20.382 0.219 5.17 698.0
2458681.49560 20.109 0.268 5.80 1379.0
2458681.57228 20.009 0.229 5.58 1148.0
2458681.65393 20.262 0.240 4.91 1043.0
2458682.49047 20.462 0.253 5.13 933.0
2458682.56682 20.126 0.172 4.83 721.0
2458682.78013 20.295 0.205 4.70 772.0
2458683.49116 20.434 0.268 6.77 556.0
2458683.57588 20.353 0.207 5.32 590.0
2458683.75140 20.414 0.211 5.05 582.0
2458684.49768 20.220 0.180 5.88 504.0
2458684.57863 20.132 0.145 4.67 604.0
2458684.73317 19.993 0.128 5.11 491.0
2458685.50259 20.365 0.195 5.65 485.0
2458685.66586 19.936 0.129 4.47 874.0
2458688.55550 20.195 0.206 6.86 471.0
2458688.65197 20.210 0.143 5.64 359.0
2458689.50279 20.382 0.240 6.59 504.0
2458689.58855 20.035 0.140 6.01 417.0
2458689.70002 20.204 0.143 5.58 371.0
2458690.49132 19.943 0.141 5.78 515.0
2458690.58548 19.986 0.132 5.67 449.0
2458690.72659 20.335 0.128 4.37 382.0
2458691.48915 20.238 0.117 4.06 475.0
2458691.56529 20.174 0.098 3.95 364.0
2458691.75293 19.931 0.115 5.03 436.0
2458692.49172 19.941 0.147 5.68 565.0
2458692.58006 20.019 0.115 4.55 532.0
2458692.69251 20.175 0.118 4.33 392.0
2458693.49059 20.326 0.238 7.01 472.0
2458693.62541 20.088 0.130 5.33 383.0
2458693.77320 19.840 0.143 6.47 484.0
2458694.49401 20.485 0.183 4.94 454.0
2458694.57332 20.167 0.099 3.65 405.0
2458694.65252 20.060 0.096 4.04 354.0
2458695.49389 20.328 0.159 5.11 449.0
2458695.72967 20.036 0.083 3.74 368.0
2458695.78279 20.084 0.109 4.37 425.0
2458697.56349 20.367 0.235 6.74 442.0
2458698.49350 20.476 0.186 5.54 409.0
2458698.72348 20.003 0.097 3.95 379.0
2458698.76957 20.047 0.098 3.84 406.0
2458699.49642 20.608 0.216 4.85 469.0
2458699.72294 20.034 0.096 3.86 381.0
2458699.76896 20.085 0.127 4.88 424.0
2458700.49601 20.115 0.102 3.75 430.0
2458700.73330 20.224 0.134 4.21 451.0
2458700.77018 20.330 0.164 4.69 531.0
2458701.49615 20.467 0.210 5.50 468.0
2458701.65277 20.086 0.114 4.36 419.0
2458702.49635 20.073 0.148 5.81 454.0
2458702.60985 20.180 0.134 5.12 398.0
2458702.76324 20.273 0.145 4.95 415.0
2458703.49658 20.015 0.197 7.14 562.0
2458704.55397 19.816 0.147 6.18 635.0
2458704.68551 20.590 0.296 5.76 609.0
2458708.60330 19.932 0.119 4.10 785.0
2458710.49695 19.890 0.136 4.86 741.0
2458711.49512 20.162 0.199 4.63 1014.0
2458711.60785 20.336 0.210 5.14 684.0
2458711.73467 19.851 0.215 6.27 1111.0
2458712.51178 20.092 0.180 5.78 591.0
2458712.62958 20.293 0.195 5.58 528.0
2458713.49622 19.982 0.131 5.70 437.0
2458713.62263 20.224 0.183 5.76 501.0
2458713.73778 20.193 0.193 5.83 598.0
2458714.49859 19.910 0.145 6.34 448.0
2458714.65110 19.995 0.125 4.69 794.0
2458715.51433 20.557 0.228 6.05 425.0
2458715.65374 20.276 0.135 4.57 402.0
2458716.51216 20.140 0.100 3.87 376.0
2458716.73139 20.267 0.162 4.67 546.0
2458717.49749 19.705 0.122 6.63 426.0
2458717.63428 20.244 0.182 6.37 400.0
2458718.51298 20.268 0.129 4.25 425.0
2458718.64898 20.185 0.110 3.72 392.0
2458719.49466 20.125 0.162 5.77 453.0
2458719.58568 20.393 0.164 5.04 420.0
2458719.69524 20.303 0.182 6.39 471.0
2458721.50482 20.113 0.123 4.94 389.0
2458721.69175 20.292 0.164 5.31 419.0
2458722.49954 20.314 0.132 4.44 419.0
2458722.70065 20.272 0.166 6.01 376.0
2458723.60491 20.265 0.141 4.70 465.0
2458723.64509 20.234 0.148 4.92 462.0
2458724.50923 20.235 0.121 4.27 405.0
2458724.64659 19.949 0.088 4.27 378.0
2458725.51320 20.333 0.140 4.32 435.0
2458725.59846 20.299 0.152 5.10 394.0
2458726.58688 20.326 0.159 5.39 379.0
2458726.63989 20.133 0.114 4.61 339.0
2458727.53711 20.406 0.194 5.34 442.0
2458727.62181 20.038 0.138 4.94 493.0
2458728.60195 20.060 0.124 5.02 426.0
2458728.64160 19.930 0.113 4.70 420.0
2458729.50273 19.974 0.147 6.52 419.0
2458729.64031 20.270 0.147 4.74 438.0
2458730.58709 20.199 0.177 6.55 412.0
2458730.62726 20.184 0.136 5.11 395.0
2458731.53880 20.463 0.247 6.84 438.0
2458731.60679 20.306 0.222 7.04 468.0
2458736.61429 20.059 0.197 6.15 714.0
2458737.62535 20.259 0.283 7.02 736.0
2458738.59434 20.043 0.181 5.38 730.0
2458739.50967 20.073 0.160 5.31 595.0
2458740.55229 20.044 0.197 6.52 619.0
2458741.60623 19.892 0.139 5.50 589.0
2458742.60513 19.910 0.136 5.06 583.0
2458746.59688 20.446 0.240 6.77 424.0
2458748.59197 19.756 0.155 6.87 508.0
2458750.59055 20.481 0.183 4.67 443.0
2458752.59225 20.274 0.170 5.53 448.0
2458753.60762 20.388 0.255 6.78 486.0
2458754.59092 20.136 0.166 5.53 507.0
2458755.59373 20.287 0.142 3.89 445.0
2458757.58136 20.571 0.272 6.58 440.0
2458759.60423 20.283 0.254 7.15 545.0
2458782.55654 20.281 0.180 4.53 614.0
2458783.55821 19.752 0.128 5.76 541.0
2458899.86496 20.334 0.176 5.65 466.0
2458900.87335 19.985 0.117 5.34 425.0
2458901.86703 20.274 0.136 4.81 414.0
2458902.86680 20.377 0.159 5.01 414.0
2458903.86398 20.216 0.178 5.95 481.0
2458904.85420 20.241 0.141 5.39 391.0
2458905.84863 20.150 0.124 5.10 415.0
2458906.86245 20.070 0.114 4.86 432.0
2458907.85934 20.167 0.133 4.88 486.0
2458909.83192 19.835 0.110 5.69 417.0
2458909.87547 20.291 0.122 4.65 381.0
2458910.82479 19.611 0.107 6.63 451.0
2458911.81466 20.354 0.183 5.76 479.0
2458911.84456 20.360 0.160 5.19 431.0
2458911.88670 20.080 0.162 6.44 449.0
2458912.81646 20.424 0.208 6.08 468.0
2458912.85916 19.929 0.112 5.60 405.0
2458912.89437 20.026 0.128 5.49 484.0
2458913.83001 20.284 0.175 6.07 449.0
2458913.86472 20.385 0.210 6.59 435.0
2458914.83718 20.228 0.151 5.32 449.0
2458914.87149 19.712 0.087 5.00 440.0
2458915.81717 20.505 0.252 6.15 583.0
2458915.85180 20.262 0.141 5.07 394.0
2458915.89454 20.484 0.180 5.35 425.0
2458916.81158 19.890 0.137 5.38 696.0
2458916.85411 20.291 0.167 4.39 580.0
2458916.89155 20.350 0.164 4.49 552.0
2458917.82314 20.348 0.231 5.48 833.0
2458917.85876 20.359 0.193 4.68 713.0
2458918.80398 20.209 0.197 5.02 896.0
2458918.83397 20.533 0.258 5.44 760.0
2458918.87731 20.389 0.199 5.09 625.0
2458918.91149 20.029 0.193 4.51 1445.0
2458919.82657 20.410 0.212 5.08 707.0
2458919.86093 20.300 0.177 5.00 626.0
2458919.90426 20.305 0.194 5.15 654.0
2458920.81764 20.469 0.222 5.12 706.0
2458920.86464 20.102 0.130 4.18 609.0
2458920.89932 20.052 0.143 5.27 589.0
2458921.80580 20.010 0.142 4.91 699.0
2458921.84274 20.109 0.150 4.82 636.0
2458921.88587 20.255 0.153 4.37 601.0
2458922.82324 20.329 0.207 5.18 711.0
2458923.79882 20.133 0.270 5.13 1786.0
2458923.82173 19.898 0.213 4.89 1939.0
2458923.85533 20.023 0.220 4.29 2121.0
2458923.88796 19.807 0.216 5.11 2306.0
2458923.89656 19.900 0.266 5.66 2386.0
2459795.61989 20.602 0.184 5.05 375.0
2459795.65711 20.096 0.143 5.98 408.0
2459795.70199 20.272 0.192 6.34 434.0
2459795.73675 20.098 0.175 6.51 486.0
2459795.77479 19.585 0.138 7.14 579.0
2459796.64337 20.374 0.180 5.62 396.0
2459796.67932 20.109 0.128 5.37 381.0
2459796.72518 20.129 0.158 6.29 399.0
2459796.76035 20.186 0.166 5.98 436.0
2459797.60021 19.842 0.145 5.81 509.0
2459797.63582 20.062 0.197 7.34 508.0
2459797.69125 19.863 0.120 5.52 476.0
2459797.73461 20.331 0.199 5.28 525.0
2459798.53588 19.941 0.220 7.16 743.0
2459804.49748 20.418 0.217 4.97 670.0
2459804.54129 20.341 0.211 5.44 636.0
2459804.57774 19.715 0.116 5.27 598.0
2459804.62097 20.191 0.214 6.19 661.0
2459804.65690 19.762 0.175 7.17 715.0
2459804.70474 19.913 0.167 5.80 742.0
2459805.52144 20.076 0.176 5.81 529.0
2459805.56597 19.660 0.109 5.18 570.0
2459805.60109 19.889 0.127 4.85 608.0
2459805.64372 20.032 0.152 5.55 584.0
2459805.67858 20.539 0.242 5.17 610.0
2459805.72101 19.942 0.152 5.58 650.0
2459806.56558 19.838 0.170 7.24 617.0
2459806.70748 20.107 0.202 6.19 601.0
2459807.48285 20.418 0.235 5.89 568.0
2459807.54358 20.217 0.152 5.53 409.0
2459807.58378 20.781 0.228 5.20 392.0
2459807.64737 20.015 0.119 5.29 423.0
2459807.70523 20.227 0.170 5.48 486.0
2459807.74658 20.173 0.145 5.02 473.0
2459808.51115 20.159 0.177 6.39 412.0
2459808.58015 19.939 0.125 5.65 378.0
2459808.65943 20.080 0.155 5.99 412.0
2459808.70461 19.817 0.146 6.63 548.0
2459809.60308 20.385 0.192 5.66 375.0
2459809.64007 20.099 0.143 5.93 359.0
2459810.47625 20.085 0.169 5.15 735.0
2459810.53206 20.277 0.098 3.58 355.0
2459810.66989 20.196 0.123 4.98 383.0
2459810.71746 20.372 0.133 4.24 375.0
2459811.51790 20.104 0.154 6.10 369.0
2459811.58641 20.273 0.155 5.55 361.0
2459811.70324 20.299 0.147 4.46 395.0
2459812.48217 19.801 0.169 6.86 575.0
2459812.52609 20.074 0.157 6.34 364.0
2459812.63223 20.043 0.134 5.44 373.0
2459813.51617 20.466 0.260 6.89 410.0
2459813.69702 20.097 0.148 5.97 373.0
2459814.48330 20.260 0.213 6.00 605.0
2459814.54701 20.271 0.166 5.54 415.0
2459814.58198 20.114 0.132 5.39 381.0
2459814.71540 19.947 0.148 6.39 441.0
2459815.53373 19.916 0.121 5.52 407.0
2459815.56841 19.981 0.135 5.87 414.0
2459815.69597 20.481 0.190 5.19 426.0
2459816.49001 19.942 0.145 5.98 433.0
2459816.53480 20.269 0.202 6.61 419.0
2459816.57069 20.164 0.142 5.11 397.0
2459816.69520 20.325 0.160 4.96 387.0
2459817.52330 20.395 0.172 5.02 452.0
2459817.58401 20.343 0.168 5.21 449.0
2459817.64425 20.485 0.206 6.57 459.0
2459817.71545 19.669 0.084 4.66 412.0
2459818.56267 19.783 0.148 6.75 494.0
2459819.48421 19.973 0.128 4.59 713.0
2459819.55538 19.998 0.104 4.45 448.0
2459819.65958 20.057 0.107 4.21 486.0
2459820.50946 20.427 0.174 5.21 432.0
2459820.55750 19.986 0.143 5.86 452.0
2459821.48276 20.331 0.279 6.31 780.0
2459821.67054 20.153 0.154 5.53 457.0
2459822.51023 19.915 0.126 5.74 452.0
2459822.55757 20.188 0.177 6.44 452.0
2459823.57128 19.976 0.157 6.89 477.0
2459823.61862 20.296 0.208 6.61 497.0
2459824.52759 19.773 0.179 7.85 564.0
2459824.58314 19.822 0.155 6.72 571.0
2459825.61233 19.828 0.189 7.57 617.0
2459829.65233 19.640 0.208 7.45 1100.0
2459830.66905 19.732 0.213 7.33 1063.0
2459831.52779 20.159 0.192 5.70 728.0
2459832.53773 20.029 0.210 6.69 751.0
2459834.53414 20.026 0.154 5.60 621.0
2459834.58157 20.441 0.223 5.36 673.0
2459834.63201 20.096 0.185 5.77 703.0
2459835.60984 20.158 0.235 7.24 584.0
2459836.65295 20.028 0.194 6.61 623.0
2459838.50730 20.327 0.205 6.06 476.0
2459838.56718 20.664 0.241 5.35 485.0
2459838.61512 20.064 0.157 5.85 493.0
2459840.51050 20.090 0.193 7.56 457.0
2459840.55806 20.220 0.192 7.02 443.0
2459840.60787 19.805 0.143 7.03 471.0
2459841.52250 20.323 0.200 6.24 502.0
2459841.56979 19.992 0.120 5.17 504.0
2459841.61666 19.938 0.131 5.55 536.0
2459843.57329 20.309 0.223 6.59 475.0
2459844.50434 20.081 0.142 5.59 498.0
2459844.55779 20.147 0.164 6.05 497.0
2459844.60521 20.484 0.250 6.31 534.0
2459845.51604 19.663 0.130 7.37 460.0
2459845.56411 20.373 0.186 5.80 439.0
2459846.55649 20.055 0.201 7.27 499.0
2459846.60503 20.400 0.248 6.56 536.0
2459848.54263 20.162 0.190 6.41 528.0
2459848.58943 20.192 0.178 5.80 541.0
2459849.53402 19.720 0.145 7.35 439.0
2459850.61557 20.166 0.187 6.32 497.0
2459851.61744 20.498 0.275 6.70 512.0
2459852.53964 20.033 0.196 7.55 521.0
2459852.58836 20.579 0.242 5.54 523.0
2459857.53739 20.006 0.256 7.90 855.0
2459859.49627 20.265 0.228 5.98 868.0
2459859.54356 20.343 0.207 5.26 751.0
2459859.59129 20.324 0.230 5.41 862.0
2459860.58108 20.178 0.248 6.02 910.0
2459861.55604 20.415 0.293 5.70 884.0
2459863.51088 19.832 0.146 6.02 670.0
2459864.50074 19.571 0.145 6.11 848.0
2459864.55721 20.279 0.222 5.08 834.0
2459865.55159 19.512 0.140 7.63 639.0
2459866.54581 20.287 0.199 5.10 685.0
2459867.52961 20.045 0.175 6.29 606.0
2459870.51218 20.473 0.284 6.67 605.0
2459994.86847 20.063 0.125 4.82 520.0
2459999.86279 20.352 0.183 5.10 543.0
2460003.85091 20.036 0.119 4.57 542.0
2460007.84296 20.359 0.169 4.71 540.0
2460012.83753 20.190 0.144 4.02 671.0
2460015.83068 20.214 0.155 4.62 674.0
2460021.88505 19.884 0.097 4.36 422.0
2460024.85947 20.235 0.107 3.72 385.0
2460027.80589 20.095 0.142 5.70 445.0
2460029.87132 20.098 0.112 4.68 428.0
2460032.79976 20.192 0.123 4.44 417.0
2460034.84402 20.153 0.114 4.55 410.0
2460037.77976 20.065 0.122 4.37 525.0
2460039.90586 20.358 0.139 4.02 503.0
2460042.76687 20.298 0.151 3.96 694.0
2460048.78076 19.938 0.114 5.16 483.0
2460051.77868 20.386 0.183 5.76 415.0
2460054.74825 20.266 0.136 5.01 398.0
2460057.85729 20.286 0.143 4.95 447.0
2460059.92120 20.401 0.220 6.06 538.0
2460062.72466 20.080 0.118 4.83 471.0
2460065.87433 20.150 0.136 5.07 463.0
2460068.68448 20.133 0.184 5.53 788.0
2460069.91589 20.301 0.197 4.26 918.0
2460076.67573 20.219 0.162 5.42 494.0
2460085.71225 19.841 0.162 7.39 488.0
2460089.67862 20.172 0.158 5.47 545.0
2460095.92795 20.452 0.211 5.04 608.0
2460110.61641 19.898 0.122 5.63 487.0
2460111.84755 20.403 0.207 4.85 645.0
2460113.57038 20.167 0.144 4.94 504.0
2460119.66466 20.435 0.247 6.59 480.0
2460120.82968 20.326 0.164 5.34 456.0
2460122.77737 20.584 0.265 6.05 482.0
2460124.58646 19.787 0.151 5.86 692.0
2460125.63151 20.055 0.177 5.60 683.0
2460132.57104 20.570 0.266 6.31 539.0
2460134.64546 20.271 0.174 6.11 472.0
2460139.82023 20.304 0.219 6.15 554.0
2460141.76404 20.660 0.215 5.16 455.0
2460143.81872 20.149 0.161 5.94 471.0
2460149.69434 20.242 0.161 5.46 429.0
2460153.52359 20.374 0.240 5.65 663.0
2460153.78705 20.228 0.231 5.14 1149.0
2460158.74478 19.885 0.161 4.73 1204.0
2460160.67676 19.985 0.143 5.15 575.0
2460165.69234 20.653 0.269 6.57 442.0
2460169.57362 20.190 0.145 5.18 394.0
2460171.58375 20.103 0.113 4.61 404.0
2460174.54952 20.290 0.181 5.96 444.0
2460179.50384 20.404 0.271 7.25 519.0
2460187.70148 20.372 0.271 5.24 1123.0
2460201.54516 20.123 0.128 5.05 430.0
2460203.66330 19.971 0.155 6.24 517.0
2460213.54514 20.248 0.280 7.00 724.0
2460226.57138 20.079 0.169 6.02 576.0
2460242.54839 20.157 0.266 6.56 939.0
2460358.88708 19.990 0.167 5.60 696.0
2460370.88042 20.099 0.121 4.09 555.0
2460377.89677 20.161 0.122 4.33 474.0
2460381.83830 20.237 0.147 4.20 509.0
2460384.83198 20.084 0.147 4.96 544.0
2460387.85038 20.075 0.117 4.19 515.0
2460391.80526 20.000 0.128 4.58 573.0
2460393.88196 20.475 0.188 4.70 550.0
2460396.79156 20.290 0.194 4.58 788.0
2460398.86692 20.416 0.174 4.20 643.0
2460404.90990 20.025 0.117 4.58 523.0
2460407.87732 20.139 0.114 4.44 453.0
2460411.80384 20.260 0.144 4.90 457.0
2460418.82309 20.174 0.134 5.05 452.0
2460423.88602 20.150 0.172 4.88 779.0
2460425.92957 19.988 0.182 4.80 1113.0
2460433.84037 20.405 0.234 6.01 580.0
2460435.92018 20.547 0.238 5.79 509.0
2460439.83193 19.995 0.117 4.95 529.0
2460449.83752 20.154 0.142 5.33 459.0
2460460.81547 20.457 0.202 5.12 527.0
2460463.64010 20.276 0.157 5.63 405.0
2460469.92174 20.596 0.251 5.30 589.0
2460478.87529 20.207 0.249 7.59 578.0
2460488.70929 20.009 0.121 4.77 463.0
2460493.52374 20.133 0.144 5.20 507.0
2460496.72814 19.851 0.170 6.67 637.0
2460500.49975 20.440 0.240 6.02 508.0
2460502.48750 20.214 0.263 7.63 617.0
2460506.52384 20.026 0.131 5.08 537.0
2460508.50494 20.028 0.172 5.74 707.0
2460515.64875 20.211 0.174 5.78 516.0
2460517.60936 20.259 0.229 7.63 411.0
2460519.68144 20.281 0.158 5.38 402.0
2460528.56542 20.544 0.228 6.26 425.0
2460532.66530 20.135 0.126 5.13 399.0
2460535.48864 20.420 0.191 5.23 509.0
2460544.64566 20.080 0.177 6.03 565.0
2460549.57216 20.003 0.152 6.12 511.0
2460556.49702 20.167 0.165 5.76 464.0
2460559.54661 20.094 0.118 4.27 556.0
2460561.61314 20.305 0.152 5.17 439.0
2460569.50952 20.115 0.213 6.14 707.0
2460571.64274 20.205 0.286 6.44 999.0
2460586.50580 20.392 0.281 6.96 536.0
2460595.51097 20.115 0.292 7.53 950.0
2460596.52947 20.402 0.291 5.38 1138.0
2460597.54019 20.374 0.234 5.43 837.0
2460598.51286 20.361 0.281 6.38 826.0
2460598.56023 20.259 0.246 5.85 933.0
2460599.51596 19.987 0.146 4.82 779.0
2460599.57546 20.007 0.157 4.76 906.0
2460600.51382 19.976 0.160 5.03 934.0
2460601.52739 20.134 0.198 5.27 919.0
2460601.56913 19.775 0.137 4.73 1047.0
2460609.55869 20.159 0.202 5.80 717.0
2460733.84820 20.430 0.200 5.48 534.0
2460736.84290 19.894 0.119 5.54 488.0
2460739.84166 20.065 0.143 5.17 557.0
2460742.82525 20.345 0.164 4.96 490.0
2460744.83018 20.060 0.138 4.89 528.0
2460747.82219 19.921 0.125 4.74 665.0
2460749.84625 20.334 0.180 4.37 695.0
2460751.87513 19.938 0.118 4.46 586.0
2460753.86349 20.575 0.230 4.54 670.0
2460761.82776 20.462 0.196 5.16 494.0
2460763.81673 20.200 0.153 5.07 486.0
2460765.81840 19.840 0.101 4.79 436.0
2460767.82237 20.410 0.170 4.85 466.0
2460769.81939 20.057 0.130 4.78 514.0
2460771.85342 20.270 0.171 5.79 448.0
2460773.79678 20.067 0.134 5.16 490.0
2460775.84951 20.198 0.179 5.86 542.0
2460778.78341 19.886 0.158 5.53 821.0
2460780.77456 20.151 0.173 4.85 726.0
2460781.70232 20.074 0.171 5.06 870.0
2460781.84554 20.083 0.155 4.89 713.0
2460787.75473 20.144 0.144 4.92 458.0
2460788.91209 20.036 0.117 4.39 470.0
2460790.73700 20.118 0.155 5.60 441.0
2460791.86246 19.821 0.088 4.30 448.0
2460794.86201 19.862 0.094 4.74 406.0
2460797.81420 19.658 0.083 4.65 603.0
2460798.91315 19.770 0.101 5.29 450.0
2460801.87421 19.558 0.078 4.52 504.0
2460803.83955 19.498 0.083 5.24 487.0
2460805.91993 19.267 0.071 5.21 501.0
2460808.83769 18.993 0.068 4.82 965.0
2460813.91623 18.744 0.051 5.23 752.0
2460815.78006 18.637 0.028 4.07 436.0
2460817.65091 18.863 0.040 4.90 434.0
2460818.76980 18.953 0.037 4.36 406.0
2460819.87993 19.232 0.059 4.65 519.0
2460821.68170 19.220 0.070 6.16 433.0
2460824.77782 19.449 0.075 4.74 478.0
2460825.81851 19.658 0.080 4.28 486.0
2460827.82769 19.623 0.071 4.16 436.0
2460829.77600 19.621 0.077 4.86 404.0
2460831.82127 19.857 0.119 5.63 475.0
2460833.64916 20.128 0.218 7.17 572.0
2460834.83468 20.085 0.140 4.75 613.0
2460841.64860 20.042 0.154 5.53 615.0
2460843.59743 20.201 0.267 7.73 615.0
2460845.84101 19.904 0.162 6.03 613.0
2460849.80577 20.001 0.163 6.01 545.0
2460853.61090 20.299 0.214 6.83 480.0
2460854.63327 20.284 0.159 5.68 411.0
2460859.52766 19.838 0.101 5.14 431.0
2460860.53346 20.416 0.215 5.64 585.0
2460861.65574 20.162 0.167 5.50 599.0
2460868.74920 19.792 0.191 6.42 963.0
2460870.54367 20.245 0.180 6.44 448.0
2460873.65414 20.380 0.200 5.90 435.0
2460874.76197 19.986 0.112 4.51 447.0
2460876.49267 20.379 0.170 5.23 440.0
2460878.52323 20.340 0.142 4.73 446.0
2460879.79158 20.416 0.200 5.70 493.0
2460879.79643 19.988 0.157 6.15 510.0
2460885.57946 20.460 0.161 5.28 395.0
2460896.52122 20.318 0.252 5.75 841.0
2460898.60873 20.201 0.175 5.60 514.0
2460899.71926 20.538 0.213 4.97 562.0
2460901.57877 19.873 0.129 5.56 475.0
2460904.58851 20.247 0.161 5.61 436.0
2460911.69125 20.251 0.255 7.67 537.0
2460912.72593 20.064 0.154 5.49 559.0
2460914.67624 20.204 0.148 5.27 399.0
2460923.60742 20.009 0.189 5.98 869.0
2460925.49723 20.076 0.183 6.06 711.0
2460925.59146 20.026 0.189 6.16 754.0
2460926.49807 19.939 0.221 7.69 733.0
2460926.54524 20.277 0.254 6.36 783.0
2460926.59245 20.005 0.215 6.63 835.0
2460927.49414 20.061 0.144 5.36 635.0
2460927.54127 20.160 0.147 4.88 626.0
2460927.58837 20.165 0.174 5.71 658.0
2460927.63581 19.982 0.167 6.08 716.0
2460928.49635 19.983 0.120 5.17 480.0
2460928.54345 20.262 0.161 5.32 515.0
2460928.59026 20.087 0.149 5.13 569.0
2460928.63766 20.003 0.169 6.10 647.0
2460929.52189 20.154 0.135 4.90 472.0
2460929.56913 19.903 0.102 4.78 469.0
2460929.61577 20.004 0.137 5.24 561.0
2460930.49866 20.217 0.145 5.01 500.0
2460930.54588 19.884 0.107 4.95 518.0
2460930.59269 20.283 0.179 5.59 567.0
2460930.64001 19.987 0.165 6.25 670.0
2460931.51019 20.321 0.188 5.68 481.0
2460931.56260 20.316 0.206 6.20 491.0
2460931.61328 20.336 0.213 6.01 468.0
2460932.53272 20.027 0.147 6.04 507.0
2460932.58025 19.975 0.178 7.40 512.0
2460932.62754 19.950 0.148 6.47 535.0
2460933.52482 20.120 0.150 5.47 525.0
2460933.57238 20.274 0.194 5.83 610.0
2460933.61945 20.678 0.294 5.69 658.0
2460934.52513 20.042 0.119 4.55 539.0
2460934.57404 20.294 0.165 4.95 574.0
2460934.62107 20.447 0.195 5.02 549.0
2460936.65412 20.447 0.247 6.31 547.0
2460942.58344 19.835 0.110 5.80 438.0
2460950.55933 20.301 0.216 5.39 796.0
2460953.58891 19.718 0.196 7.59 812.0
2460957.55964 20.412 0.250 6.29 727.0
2460967.52499 20.588 0.242 5.66 571.0
