2457791.88602 19.191 0.095 4.46 1478.0
2457792.88880 19.192 0.120 5.69 1642.0
2457793.88024 19.296 0.069 4.55 589.0
2457794.88721 19.318 0.105 5.78 903.0
2457795.89125 19.201 0.097 5.05 1252.0
2457797.89084 19.354 0.105 4.77 1172.0
2457799.88529 19.329 0.090 5.16 710.0
2457801.87742 19.291 0.090 5.29 702.0
2457803.85794 19.192 0.085 4.65 1069.0
2457807.84428 19.353 0.071 5.34 420.0
2457808.89504 19.249 0.074 5.14 603.0
2457809.90325 19.357 0.101 4.85 1009.0
2457811.82578 19.288 0.078 5.82 467.0
2457812.85736 19.313 0.067 4.90 457.0
2457814.82621 19.294 0.074 5.89 463.0
2457815.85312 19.323 0.075 6.09 446.0
2457816.84490 19.196 0.062 5.21 435.0
2457817.84148 19.325 0.066 4.50 489.0
2457818.82769 19.338 0.060 4.46 442.0
2457819.80756 19.251 0.068 5.99 421.0
2457819.90497 19.213 0.065 4.43 634.0
2457821.81569 19.441 0.098 5.67 568.0
2457822.81109 19.210 0.088 5.97 700.0
2457822.90044 19.287 0.059 4.32 447.0
2457823.88564 19.318 0.063 4.09 535.0
2457824.88174 19.377 0.088 5.28 588.0
2457825.87333 19.296 0.076 5.16 569.0
2457826.83221 19.395 0.091 5.23 669.0
2457827.80775 19.196 0.068 4.94 593.0
2457827.89688 19.262 0.063 4.73 519.0
2457828.86587 19.325 0.068 4.68 529.0
2457829.84787 19.268 0.085 5.28 713.0
2457830.85628 19.341 0.070 4.63 563.0
2457834.85204 19.273 0.072 5.12 508.0
2457835.79451 19.448 0.113 7.84 393.0
2457836.76435 19.156 0.090 7.91 429.0
2457836.88384 19.249 0.076 6.42 373.0
2457837.81747 19.358 0.065 5.21 340.0
2457838.75601 19.208 0.074 6.26 442.0
2457838.87371 19.314 0.057 4.45 397.0
2457839.82173 19.249 0.045 3.82 325.0
2457840.74603 19.316 0.077 6.16 404.0
2457840.86551 19.353 0.068 5.40 358.0
2457841.80533 19.206 0.080 7.31 369.0
2457841.91559 19.314 0.095 6.38 525.0
2457842.83021 19.241 0.062 5.59 364.0
2457843.75469 19.267 0.064 5.49 360.0
2457843.87224 19.241 0.054 5.01 320.0
2457844.78152 19.328 0.052 4.35 335.0
2457844.90049 19.185 0.064 5.78 360.0
2457845.81504 19.264 0.059 5.15 367.0
2457846.74618 19.279 0.074 6.44 362.0
2457846.85302 19.279 0.057 4.79 349.0
2457847.75613 19.366 0.075 5.69 384.0
2457847.87416 19.295 0.067 5.56 361.0
2457848.77004 19.308 0.068 5.59 358.0
2457848.88914 19.236 0.045 3.89 325.0
2457849.78353 19.284 0.048 4.03 364.0
2457849.90191 19.203 0.042 3.82 340.0
2457850.79580 19.274 0.067 5.14 435.0
2457850.91647 19.173 0.063 5.36 441.0
2457851.81351 19.301 0.068 5.05 459.0
2457852.74771 19.435 0.117 7.07 532.0
2457853.87319 19.322 0.091 6.75 476.0
2457853.88521 19.266 0.083 6.54 461.0
2457854.73605 19.395 0.081 4.67 662.0
2457854.78200 19.206 0.059 4.38 581.0
2457854.85519 19.223 0.059 4.23 537.0
2457855.76573 19.188 0.059 4.04 664.0
2457855.88874 19.390 0.063 3.74 589.0
2457856.77438 19.359 0.094 5.81 600.0
2457856.89945 19.255 0.101 6.72 594.0
2457858.82471 19.211 0.063 4.67 566.0
2457862.73553 19.073 0.066 6.06 451.0
2457862.84639 19.294 0.069 5.60 438.0
2457863.79321 19.349 0.081 6.17 407.0
2457864.74996 19.354 0.052 4.11 351.0
2457864.90230 19.293 0.054 4.31 414.0
2457865.75260 19.288 0.061 4.88 381.0
2457866.74935 19.226 0.050 4.19 379.0
2457866.88202 19.365 0.050 3.47 398.0
2457867.75283 19.307 0.044 3.49 337.0
2457867.88416 19.202 0.051 4.47 366.0
2457868.81860 19.316 0.086 6.55 412.0
2457869.69868 19.261 0.059 5.31 371.0
2457869.81758 19.277 0.048 4.15 348.0
2457870.70469 19.300 0.054 4.38 355.0
2457870.83998 19.206 0.050 4.71 357.0
2457871.72576 19.285 0.054 4.30 398.0
2457871.85962 19.285 0.050 4.00 374.0
2457872.72561 19.345 0.053 3.98 391.0
2457872.87135 19.265 0.048 3.85 396.0
2457873.70529 19.327 0.058 4.44 405.0
2457873.81403 19.321 0.047 3.56 367.0
2457874.66526 19.299 0.079 6.19 445.0
2457874.79225 19.283 0.073 5.76 416.0
2457874.90563 19.316 0.076 5.56 471.0
2457875.87817 19.265 0.063 4.66 561.0
2457876.67652 19.328 0.080 5.72 527.0
2457876.79936 19.306 0.052 3.97 412.0
2457876.93427 19.168 0.068 4.57 705.0
2457877.75729 19.250 0.045 3.45 390.0
2457877.88568 19.381 0.068 4.24 507.0
2457878.79720 19.274 0.046 3.51 412.0
2457878.91998 19.306 0.055 3.79 497.0
2457879.74437 19.280 0.089 6.31 507.0
2457880.66566 19.317 0.099 6.97 530.0
2457880.77333 19.292 0.080 5.77 508.0
2457880.91566 19.295 0.095 6.43 517.0
2457881.85401 19.224 0.073 5.20 568.0
2457882.73028 19.294 0.073 5.18 544.0
2457882.86144 19.321 0.083 5.07 642.0
2457889.89290 19.332 0.128 6.22 998.0
2457890.75550 19.182 0.080 6.01 574.0
2457890.91274 19.191 0.125 7.77 724.0
2457893.72250 19.357 0.078 5.78 432.0
2457893.85243 19.310 0.061 4.57 430.0
2457894.60372 19.187 0.084 7.22 512.0
2457894.71542 19.306 0.056 4.38 385.0
2457894.83466 19.302 0.060 4.56 418.0
2457894.94259 19.239 0.123 5.78 1307.0
2457897.63924 19.253 0.084 7.13 473.0
2457897.75407 19.056 0.056 5.67 461.0
2457900.93391 19.193 0.094 7.51 485.0
2457901.68616 19.256 0.065 5.70 405.0
2457901.83990 19.238 0.072 5.53 450.0
2457902.67481 19.212 0.052 4.54 376.0
2457902.80622 19.281 0.069 5.18 440.0
2457903.69376 19.199 0.084 7.73 367.0
2457903.85236 19.282 0.068 5.20 436.0
2457904.59326 19.368 0.098 7.24 453.0
2457904.70922 19.234 0.045 4.15 327.0
2457904.83220 19.314 0.058 4.62 377.0
2457904.94280 19.241 0.117 6.82 835.0
2457905.66917 19.288 0.050 4.07 366.0
2457905.79889 19.325 0.063 4.50 419.0
2457905.92566 19.297 0.077 5.29 534.0
2457906.61697 19.418 0.068 4.54 436.0
2457906.74582 19.289 0.048 3.65 404.0
2457906.85844 19.357 0.067 4.29 510.0
2457907.60807 19.188 0.067 5.31 652.0
2457907.73256 19.268 0.059 4.40 535.0
2457908.57838 19.314 0.100 6.32 678.0
2457908.68110 19.183 0.054 4.18 486.0
2457908.81142 19.338 0.068 4.97 443.0
2457908.92036 19.434 0.110 6.25 637.0
2457909.61126 19.294 0.078 5.00 623.0
2457909.73271 19.250 0.059 4.20 518.0
2457909.84139 19.373 0.059 3.68 486.0
2457909.93407 19.376 0.093 5.10 769.0
2457910.62856 19.400 0.080 4.93 557.0
2457910.76079 19.315 0.066 4.46 517.0
2457910.87812 19.361 0.072 4.45 652.0
2457911.59603 19.335 0.109 6.50 760.0
2457911.70394 19.323 0.089 5.85 586.0
2457916.55502 19.316 0.111 6.41 927.0
2457916.65314 19.224 0.094 4.18 1503.0
2457916.75160 19.191 0.065 4.26 674.0
2457917.57692 19.380 0.096 6.00 601.0
2457917.68990 19.249 0.068 4.91 519.0
2457917.80339 19.189 0.064 4.69 590.0
2457917.91073 19.296 0.111 5.86 923.0
2457918.69840 19.324 0.108 5.48 1200.0
2457922.67435 19.309 0.062 4.77 398.0
2457923.55841 19.310 0.086 6.29 519.0
2457923.68149 19.211 0.068 5.82 409.0
2457923.80351 19.392 0.091 6.02 465.0
2457924.58709 19.260 0.061 4.89 413.0
2457924.71314 19.291 0.058 4.26 402.0
2457924.82124 19.210 0.056 4.12 464.0
2457925.61083 19.223 0.081 6.87 406.0
2457925.74637 19.172 0.076 6.46 391.0
2457925.86216 19.324 0.076 5.66 453.0
2457926.63409 19.201 0.059 5.28 372.0
2457926.77803 19.277 0.081 6.41 413.0
2457928.62457 19.273 0.074 5.76 447.0
2457932.66487 19.423 0.103 7.05 420.0
2457932.78804 19.141 0.063 5.92 391.0
2457933.64570 19.167 0.063 6.13 335.0
2457933.77789 19.165 0.070 6.61 360.0
2457934.58010 19.179 0.058 5.25 400.0
2457934.81069 19.259 0.070 5.45 395.0
2457935.55032 19.339 0.066 5.24 421.0
2457935.68164 19.165 0.061 5.37 409.0
2457935.79188 19.314 0.049 4.02 343.0
2457935.87996 19.323 0.064 4.94 407.0
2457936.54287 19.249 0.063 5.20 423.0
2457936.66875 19.334 0.066 5.45 360.0
2457936.79963 19.325 0.061 5.27 331.0
2457937.48463 19.355 0.101 6.50 632.0
2457937.59548 19.258 0.072 5.50 435.0
2457937.71692 19.313 0.077 5.83 398.0
2457937.83694 19.368 0.083 6.13 414.0
2457938.62089 19.197 0.092 7.29 504.0
2457944.49538 19.213 0.085 5.49 776.0
2457944.53606 19.391 0.090 4.78 772.0
2457944.58754 19.377 0.082 4.54 701.0
2457944.62803 19.339 0.087 5.13 677.0
2457944.69816 19.263 0.074 4.63 637.0
2457944.74673 19.378 0.089 4.88 678.0
2457944.79862 19.290 0.091 5.02 778.0
2457944.83161 19.396 0.130 6.24 1085.0
2457945.51690 19.423 0.110 6.44 707.0
2457945.62669 19.304 0.059 4.31 482.0
2457945.73897 19.285 0.059 4.18 511.0
2457945.84670 19.326 0.109 6.12 783.0
2457946.57054 19.341 0.075 4.93 503.0
2457946.69986 19.300 0.069 5.01 447.0
2457946.81218 19.276 0.071 4.99 495.0
2457947.55351 19.314 0.077 6.20 414.0
2457947.81555 19.145 0.088 7.03 529.0
2457948.56520 19.175 0.057 5.40 356.0
2457948.68979 19.259 0.071 4.85 566.0
2457948.82211 19.301 0.090 6.14 572.0
2457949.61218 19.425 0.101 6.12 610.0
2457949.73940 19.400 0.114 5.60 821.0
2457952.76758 19.308 0.079 6.48 361.0
2457953.52429 19.249 0.061 5.02 396.0
2457953.66671 19.315 0.067 5.75 341.0
2457953.78344 19.255 0.067 5.78 390.0
2457954.54147 19.385 0.064 4.64 458.0
2457954.68742 19.426 0.058 4.36 330.0
2457955.74205 19.285 0.056 4.64 364.0
2457956.53019 19.255 0.061 4.51 458.0
2457956.67148 19.309 0.054 4.30 336.0
2457956.78623 19.216 0.066 5.79 417.0
2457957.71121 19.196 0.071 6.48 392.0
2457958.61852 19.165 0.067 6.15 386.0
2457958.71933 19.272 0.071 5.96 368.0
2457959.48074 19.181 0.058 5.24 425.0
2457959.58139 19.155 0.051 4.89 360.0
2457959.69931 19.298 0.054 4.71 338.0
2457959.80310 19.322 0.079 6.51 410.0
2457960.56759 19.262 0.056 5.09 327.0
2457960.70535 19.289 0.059 5.16 363.0
2457960.80288 19.294 0.078 6.68 381.0
2457961.63773 19.127 0.051 4.91 381.0
2457962.57797 19.253 0.047 3.94 384.0
2457964.53972 19.133 0.059 4.69 489.0
2457964.64439 19.316 0.070 5.30 420.0
2457965.63194 19.308 0.067 4.74 474.0
2457965.70844 19.269 0.065 4.64 565.0
2457966.58285 19.368 0.082 6.07 410.0
2457966.69755 19.282 0.078 6.29 383.0
2457967.62994 19.320 0.077 5.56 472.0
2457967.70526 19.172 0.091 7.19 502.0
2457971.48625 19.151 0.096 6.21 843.0
2457971.52899 19.196 0.098 4.95 1188.0
2457971.58198 19.352 0.087 4.86 666.0
2457971.61749 19.352 0.093 5.11 711.0
2457971.66584 19.319 0.107 5.70 789.0
2457972.50087 19.471 0.161 7.68 741.0
2457972.59013 19.223 0.090 5.68 657.0
2457972.63365 19.223 0.084 5.13 660.0
2457972.69685 19.482 0.111 5.18 742.0
2457972.73736 19.268 0.107 5.64 876.0
2457973.60259 19.379 0.107 6.27 640.0
2457973.74121 19.142 0.112 7.01 870.0
2457974.58146 19.330 0.074 5.01 486.0
2457974.69727 19.182 0.076 5.30 570.0
2457975.64397 19.392 0.113 7.40 459.0
2457979.57744 19.237 0.060 4.98 431.0
2457980.49386 19.464 0.109 6.80 499.0
2457980.62729 19.272 0.084 6.17 466.0
2457981.56003 19.345 0.074 5.04 476.0
2457981.67970 19.237 0.073 5.28 483.0
2457982.58935 19.241 0.065 5.18 391.0
2457983.51634 19.133 0.073 6.12 407.0
2457983.62703 19.334 0.062 4.63 391.0
2457984.54148 19.229 0.102 8.15 410.0
2457984.65416 19.213 0.068 5.54 391.0
2457985.59023 19.322 0.089 6.58 413.0
2457986.56476 19.309 0.049 3.93 352.0
2457987.47841 19.271 0.067 4.72 553.0
2457987.61707 19.240 0.053 4.20 417.0
2457990.53676 19.287 0.070 4.94 463.0
2457990.65684 19.186 0.094 7.81 445.0
2457991.58912 19.341 0.081 6.22 395.0
2457992.51353 19.209 0.054 4.55 409.0
2457992.63167 19.234 0.063 5.21 418.0
2457993.56121 19.345 0.064 4.48 436.0
2457994.49335 19.354 0.083 5.72 474.0
2457994.60641 19.409 0.086 5.72 488.0
2457998.49646 19.385 0.080 4.61 639.0
2457998.54760 19.336 0.082 5.03 595.0
2458000.51991 19.236 0.104 7.07 565.0
2458000.56370 19.188 0.076 5.47 577.0
2458000.61999 19.311 0.093 5.57 699.0
2458001.52951 19.363 0.067 4.35 528.0
2458002.49938 19.182 0.124 6.20 1063.0
2458003.48639 19.175 0.105 7.29 548.0
2458004.52214 19.164 0.074 5.95 507.0
2458005.55060 19.177 0.105 7.76 508.0
2458007.60860 19.135 0.077 6.93 429.0
2458010.52271 19.384 0.087 5.88 472.0
2458011.58769 19.110 0.071 6.06 449.0
2458012.58824 19.172 0.058 4.68 515.0
2458014.48314 19.200 0.066 4.48 560.0
2458015.48079 19.239 0.082 5.59 622.0
2458016.49827 19.281 0.077 5.67 492.0
2458017.52367 19.227 0.069 5.59 442.0
2458018.54944 19.181 0.059 5.13 441.0
2458020.49207 19.323 0.085 5.89 455.0
2458021.52353 19.252 0.081 5.51 568.0
2458026.49981 19.328 0.107 4.88 1126.0
2458026.54155 19.522 0.118 4.56 1076.0
2458029.54283 19.348 0.100 5.28 705.0
2458032.54954 19.288 0.101 5.87 711.0
2458035.53360 19.404 0.104 6.22 533.0
2458039.49703 19.297 0.088 6.18 516.0
2458040.54855 19.245 0.089 5.81 636.0
2458046.52533 19.362 0.135 7.49 749.0
2458053.52910 19.448 0.161 5.37 1419.0
2458057.51036 19.246 0.113 6.42 758.0
2458156.87360 19.388 0.079 4.55 653.0
2458161.85386 19.257 0.077 6.03 491.0
2458162.87799 19.261 0.053 4.22 454.0
2458163.89032 19.247 0.081 4.68 956.0
2458164.86587 19.329 0.072 5.56 458.0
2458165.86277 19.345 0.070 4.96 475.0
2458166.84456 19.243 0.083 6.63 458.0
2458166.89458 19.344 0.087 5.42 613.0
2458167.87016 19.117 0.055 5.20 428.0
2458168.85096 19.256 0.058 4.52 409.0
2458168.89060 19.273 0.071 5.48 474.0
2458169.87442 19.289 0.067 4.85 439.0
2458170.84805 19.324 0.058 4.06 440.0
2458170.89648 19.138 0.064 3.87 871.0
2458171.85718 19.406 0.066 4.21 447.0
2458172.82849 19.092 0.062 5.53 473.0
2458172.86762 19.268 0.066 4.76 472.0
2458173.83830 19.290 0.071 5.01 542.0
2458173.87717 19.257 0.055 4.00 492.0
2458174.84921 19.354 0.068 4.60 554.0
2458174.88803 19.338 0.055 3.63 485.0
2458175.84764 19.180 0.053 4.58 426.0
2458175.88689 19.196 0.059 4.77 451.0
2458176.84092 19.228 0.059 4.55 467.0
2458176.88050 19.176 0.058 4.80 453.0
2458181.83346 19.299 0.074 4.55 685.0
2458181.87541 19.236 0.068 4.46 626.0
2458182.86607 19.415 0.075 4.56 566.0
2458183.87124 19.307 0.074 5.08 528.0
2458184.85750 19.288 0.071 4.69 609.0
2458184.89827 19.361 0.085 5.09 616.0
2458185.86576 19.365 0.100 5.74 647.0
2458185.90778 19.340 0.113 5.04 1217.0
2458189.88426 19.284 0.063 4.14 518.0
2458190.86758 19.274 0.042 3.42 353.0
2458191.84474 19.282 0.059 4.63 394.0
2458192.83334 19.290 0.065 5.01 446.0
2458193.82078 19.258 0.074 6.58 370.0
2458194.78190 19.246 0.054 4.70 370.0
2458194.90136 19.308 0.049 3.77 373.0
2458195.87619 19.276 0.054 4.35 376.0
2458196.83352 19.245 0.056 4.59 370.0
2458197.78753 19.264 0.061 5.17 400.0
2458197.90376 19.267 0.044 3.44 386.0
2458198.85061 19.283 0.059 4.57 424.0
2458199.79626 19.174 0.058 5.08 382.0
2458200.78575 19.382 0.066 4.91 442.0
2458200.90277 19.189 0.057 4.83 447.0
2458201.82753 19.205 0.065 5.78 383.0
2458202.76431 19.273 0.062 4.72 487.0
2458202.87990 19.235 0.049 3.82 406.0
2458203.81272 19.266 0.052 4.40 375.0
2458204.73848 19.326 0.107 7.01 616.0
2458204.85142 19.202 0.054 4.71 387.0
2458205.79179 19.440 0.092 6.01 473.0
2458205.92333 19.158 0.099 4.26 1846.0
2458206.83252 19.236 0.050 3.92 460.0
2458207.75251 19.274 0.074 5.47 652.0
2458207.85960 19.254 0.050 3.78 470.0
2458208.77920 19.381 0.083 4.62 737.0
2458208.89568 19.281 0.059 3.83 566.0
2458209.80733 19.453 0.082 4.61 601.0
2458209.91426 19.375 0.080 4.88 591.0
2458210.82025 19.356 0.070 4.59 572.0
2458211.72494 19.140 0.096 6.53 751.0
2458211.83373 19.266 0.073 5.13 585.0
2458212.73531 19.231 0.091 5.32 948.0
2458212.82623 19.261 0.053 3.27 629.0
2458217.77285 19.133 0.064 5.84 412.0
2458217.89529 19.359 0.062 4.41 426.0
2458220.79356 19.247 0.062 5.75 344.0
2458220.92898 19.406 0.106 3.94 1601.0
2458221.82264 19.194 0.048 4.27 343.0
2458222.71850 19.302 0.065 5.31 398.0
2458222.85696 19.279 0.059 4.56 375.0
2458223.82860 19.211 0.056 4.49 373.0
2458224.71242 19.380 0.077 5.48 452.0
2458224.84691 19.219 0.055 4.30 427.0
2458225.84154 19.269 0.088 6.93 401.0
2458226.90361 19.265 0.076 6.33 382.0
2458227.78886 19.213 0.051 4.54 335.0
2458227.91905 19.179 0.052 4.14 419.0
2458228.83218 19.265 0.048 3.97 357.0
2458229.72835 19.201 0.044 3.94 348.0
2458229.86216 19.329 0.054 4.61 343.0
2458230.73075 19.179 0.057 5.33 389.0
2458230.86718 19.386 0.058 4.54 371.0
2458232.85576 19.215 0.047 3.85 382.0
2458233.76429 19.390 0.054 3.71 410.0
2458236.68332 19.396 0.086 4.86 680.0
2458236.82538 19.422 0.072 4.13 564.0
2458238.79115 19.341 0.071 4.15 697.0
2458244.65565 19.461 0.095 5.98 530.0
2458244.76528 19.360 0.067 4.52 481.0
2458244.90565 19.241 0.104 4.62 1419.0
2458245.82038 19.189 0.097 7.13 574.0
2458246.67883 19.294 0.096 7.19 471.0
2458246.79099 19.277 0.068 5.06 493.0
2458246.91357 19.355 0.102 6.18 640.0
2458247.71043 19.262 0.060 4.78 424.0
2458247.83235 19.270 0.058 4.32 499.0
2458248.71230 19.237 0.067 5.50 401.0
2458249.67814 19.254 0.096 7.48 439.0
2458249.78688 19.158 0.051 4.78 379.0
2458249.91810 19.378 0.072 4.68 555.0
2458250.73207 19.263 0.045 3.97 351.0
2458250.86209 19.403 0.061 4.37 393.0
2458251.65663 19.387 0.077 5.57 412.0
2458251.78092 19.146 0.065 6.18 577.0
2458251.90134 19.348 0.060 4.23 430.0
2458252.92669 19.236 0.071 5.24 512.0
2458253.71384 19.259 0.059 5.10 379.0
2458253.85456 19.240 0.054 4.55 411.0
2458254.71974 19.256 0.044 3.55 380.0
2458254.86953 19.277 0.049 3.62 439.0
2458255.67280 19.217 0.062 5.08 410.0
2458255.82877 19.237 0.054 4.17 428.0
2458255.93654 19.426 0.109 5.27 765.0
2458256.71542 19.214 0.077 6.82 381.0
2458256.83946 19.322 0.068 4.71 461.0
2458257.66481 19.379 0.070 5.01 438.0
2458257.77821 19.327 0.067 5.43 358.0
2458257.89766 19.245 0.064 4.68 485.0
2458258.75847 19.264 0.056 4.81 358.0
2458258.89721 19.263 0.047 3.66 404.0
2458259.72271 19.272 0.055 4.29 466.0
2458259.85262 19.077 0.055 4.82 492.0
2458260.63732 19.358 0.059 4.09 491.0
2458261.63853 19.256 0.064 4.75 473.0
2458261.76559 19.248 0.053 4.30 368.0
2458261.91951 19.178 0.057 4.13 495.0
2458262.62599 19.266 0.060 4.82 434.0
2458262.74280 19.347 0.052 4.15 365.0
2458262.87952 19.301 0.049 3.77 370.0
2458263.66629 19.189 0.051 4.29 467.0
2458263.79966 19.326 0.050 3.73 395.0
2458264.68263 19.287 0.073 4.14 1013.0
2458264.80260 19.204 0.052 3.71 541.0
2458264.92590 19.453 0.089 5.33 584.0
2458265.69771 19.424 0.074 4.32 581.0
2458265.82712 19.303 0.062 3.95 577.0
2458266.70082 19.366 0.106 6.22 664.0
2458266.92477 19.249 0.099 5.78 834.0
2458271.68805 19.355 0.096 5.61 687.0
2458271.83476 19.202 0.082 5.34 735.0
2458272.67966 19.205 0.058 4.39 487.0
2458272.80497 19.284 0.056 3.81 503.0
2458272.92075 19.334 0.075 4.69 594.0
2458273.65493 19.242 0.054 4.29 435.0
2458273.79598 19.294 0.057 4.44 417.0
2458273.88646 19.234 0.062 4.77 482.0
2458274.63622 19.183 0.065 6.03 375.0
2458274.76082 19.370 0.091 6.47 455.0
2458274.88030 19.328 0.099 6.43 617.0
2458275.64056 19.262 0.060 5.06 389.0
2458275.77453 19.336 0.057 4.04 454.0
2458275.89260 19.442 0.090 4.97 588.0
2458276.63680 19.269 0.062 5.24 378.0
2458276.76325 19.300 0.066 5.29 402.0
2458276.87786 19.318 0.078 5.31 534.0
2458277.69826 19.286 0.049 4.38 336.0
2458277.81672 19.348 0.056 4.10 396.0
2458277.92863 19.301 0.070 4.67 563.0
2458278.62959 19.250 0.058 4.78 406.0
2458282.53662 19.133 0.068 6.20 451.0
2458282.64818 19.284 0.049 4.60 323.0
2458282.79876 19.158 0.050 5.00 362.0
2458282.91081 19.228 0.056 4.18 481.0
2458283.61123 19.278 0.060 5.29 347.0
2458283.74481 19.268 0.058 5.35 361.0
2458283.85797 19.387 0.083 5.70 455.0
2458284.58068 19.384 0.059 4.56 392.0
2458284.71167 19.351 0.057 4.53 360.0
2458284.82642 19.242 0.052 4.38 366.0
2458285.72953 19.337 0.067 5.14 365.0
2458286.54820 19.254 0.060 5.30 368.0
2458286.66975 19.308 0.059 5.45 309.0
2458286.82363 19.248 0.052 4.53 344.0
2458287.52989 19.320 0.074 5.81 439.0
2458287.66298 19.290 0.046 4.25 308.0
2458287.80175 19.237 0.054 4.95 312.0
2458287.90906 19.246 0.055 4.38 439.0
2458288.62890 19.274 0.054 4.57 323.0
2458288.77521 19.297 0.054 4.48 333.0
2458288.89927 19.343 0.129 7.75 596.0
2458289.61991 19.309 0.053 4.21 391.0
2458289.77061 19.265 0.058 4.89 382.0
2458289.89006 19.264 0.068 4.90 499.0
2458290.61908 19.242 0.058 4.61 403.0
2458290.77701 19.251 0.061 4.92 384.0
2458290.88771 19.326 0.081 5.24 560.0
2458291.67836 19.269 0.064 4.64 480.0
2458291.81304 19.291 0.060 4.25 451.0
2458292.55603 19.300 0.069 4.65 516.0
2458292.66835 19.100 0.093 5.98 945.0
2458292.82005 19.288 0.059 4.22 425.0
2458293.55377 19.355 0.120 7.15 592.0
2458293.69335 19.269 0.070 5.04 517.0
2458294.57942 19.273 0.131 7.88 789.0
2458294.71714 19.343 0.125 7.83 700.0
2458299.50170 19.279 0.122 5.60 1657.0
2458299.67041 19.257 0.118 5.72 1327.0
2458301.66920 19.358 0.105 6.99 524.0
2458301.79640 19.250 0.090 6.37 578.0
2458302.70025 19.092 0.093 7.47 657.0
2458304.58318 19.270 0.081 6.63 420.0
2458304.70250 19.304 0.091 6.51 521.0
2458305.55576 19.130 0.085 7.52 447.0
2458305.72676 19.281 0.065 5.48 392.0
2458306.58968 19.323 0.084 6.77 402.0
2458306.73181 19.407 0.083 6.10 415.0
2458306.82461 19.479 0.106 6.38 480.0
2458307.54878 19.221 0.056 4.52 482.0
2458307.68388 19.410 0.057 4.35 338.0
2458307.80335 19.232 0.069 5.35 441.0
2458308.51697 19.384 0.076 5.73 373.0
2458308.63687 19.320 0.051 4.41 312.0
2458308.75881 19.235 0.069 5.47 424.0
2458309.48662 19.307 0.067 5.41 427.0
2458309.61321 19.241 0.053 4.98 340.0
2458309.73673 19.178 0.046 4.10 373.0
2458309.84202 19.229 0.075 5.85 484.0
2458310.55879 19.178 0.062 5.96 383.0
2458310.64160 19.261 0.049 4.49 383.0
2458310.72606 19.345 0.065 5.34 389.0
2458311.47080 19.443 0.116 6.97 551.0
2458311.58224 19.404 0.073 5.84 343.0
2458311.71491 19.243 0.054 4.48 365.0
2458311.82283 19.319 0.066 4.58 485.0
2458312.55026 19.307 0.067 5.41 389.0
2458312.68051 19.276 0.047 4.10 332.0
2458312.81550 19.252 0.054 4.63 390.0
2458313.55143 19.322 0.051 4.43 341.0
2458313.67404 19.235 0.044 3.53 356.0
2458313.78323 19.296 0.063 4.12 486.0
2458314.51861 19.292 0.065 5.29 400.0
2458314.63961 19.329 0.064 5.12 386.0
2458314.75876 19.340 0.059 4.33 385.0
2458316.51732 19.276 0.073 5.65 429.0
2458316.63236 19.343 0.080 6.03 403.0
2458316.76582 19.333 0.103 7.32 455.0
2458320.56709 19.206 0.060 5.26 423.0
2458320.69980 19.253 0.052 4.38 379.0
2458321.49181 19.373 0.084 4.78 648.0
2458321.78345 19.214 0.119 6.86 976.0
2458328.56712 19.272 0.073 5.10 564.0
2458328.68134 19.350 0.116 6.76 745.0
2458329.47106 19.308 0.078 4.94 576.0
2458329.58918 19.263 0.100 6.95 551.0
2458329.70045 19.300 0.062 3.90 596.0
2458330.50814 19.374 0.069 5.09 503.0
2458331.48710 19.287 0.064 5.07 400.0
2458331.61870 19.372 0.062 4.78 403.0
2458332.48821 19.284 0.071 5.42 450.0
2458332.62098 19.408 0.074 5.25 440.0
2458333.47531 19.240 0.070 4.96 540.0
2458333.60103 19.396 0.063 5.43 367.0
2458334.51171 19.232 0.056 4.49 469.0
2458334.64421 19.350 0.056 4.10 405.0
2458335.59902 19.275 0.063 5.01 537.0
2458336.52734 19.176 0.053 4.88 350.0
2458336.66524 19.330 0.053 4.39 316.0
2458338.54024 19.457 0.098 6.86 405.0
2458338.73125 19.216 0.062 5.29 417.0
2458339.57119 19.263 0.046 4.09 319.0
2458340.47387 19.288 0.075 5.19 517.0
2458340.64687 19.223 0.047 4.15 351.0
2458341.54531 19.154 0.046 4.00 375.0
2458341.74067 19.294 0.052 4.08 333.0
2458342.60471 19.184 0.064 5.47 405.0
2458344.47558 19.114 0.069 5.17 569.0
2458344.60441 19.257 0.064 4.79 415.0
2458345.50687 19.149 0.063 5.23 432.0
2458345.63669 19.273 0.055 4.39 342.0
2458346.54321 19.278 0.051 4.29 332.0
2458346.73604 19.359 0.053 4.03 321.0
2458347.58778 19.180 0.052 4.77 329.0
2458348.51508 19.107 0.081 6.48 463.0
2458348.70808 19.267 0.060 4.12 416.0
2458353.56504 19.252 0.075 4.92 609.0
2458355.49310 19.308 0.090 6.13 584.0
2458355.66044 19.297 0.071 4.61 609.0
2458356.55549 19.191 0.061 4.16 579.0
2458357.52333 19.332 0.087 5.79 540.0
2458358.50277 19.241 0.083 5.77 553.0
2458358.66260 19.393 0.092 5.55 562.0
2458359.55233 19.245 0.064 4.94 469.0
2458360.50416 19.167 0.078 6.71 417.0
2458360.62645 19.418 0.122 6.97 583.0
2458363.49464 19.361 0.085 5.98 429.0
2458363.67047 19.273 0.060 5.76 335.0
2458364.58637 19.381 0.057 4.03 420.0
2458366.51584 19.361 0.070 5.26 369.0
2458367.52373 19.311 0.067 4.84 407.0
2458368.47974 19.105 0.062 4.86 559.0
2458368.65905 19.391 0.059 4.01 431.0
2458369.61132 19.311 0.056 3.88 393.0
2458370.60638 19.237 0.052 4.12 332.0
2458371.55730 19.329 0.054 4.22 355.0
2458372.51862 19.249 0.070 5.34 407.0
2458373.50751 19.305 0.077 5.61 394.0
2458375.52769 19.261 0.074 5.58 434.0
2458375.64329 19.291 0.084 6.16 446.0
2458376.59786 19.281 0.077 5.73 459.0
2458377.53332 19.487 0.147 6.91 926.0
2458377.62842 19.237 0.134 6.89 1100.0
2458382.48627 19.429 0.068 3.79 623.0
2458382.60020 19.304 0.070 4.02 669.0
2458383.50224 19.260 0.078 4.73 636.0
2458383.59528 19.319 0.093 5.27 701.0
2458384.54932 19.272 0.068 3.75 614.0
2458384.62502 19.299 0.078 4.37 711.0
2458385.56947 19.342 0.054 3.39 573.0
2458386.50189 19.435 0.082 4.19 600.0
2458390.51479 19.279 0.084 5.48 492.0
2458392.57572 19.403 0.079 5.14 456.0
2458393.53607 19.426 0.089 5.84 397.0
2458394.49155 19.384 0.100 6.27 469.0
2458394.61085 19.374 0.072 5.07 399.0
2458397.53238 19.337 0.079 5.53 495.0
2458399.49263 19.219 0.099 7.38 459.0
2458401.55531 19.293 0.083 5.48 614.0
2458409.51062 19.281 0.108 6.78 678.0
2458410.54834 19.300 0.082 4.99 679.0
2458412.53963 19.522 0.115 5.07 664.0
2458414.52896 19.328 0.114 5.83 761.0
2458416.52533 19.376 0.140 6.96 868.0
2458419.49993 19.367 0.090 4.85 679.0
2458424.50684 19.110 0.115 7.78 676.0
2458528.89049 19.356 0.111 5.75 996.0
2458531.86155 19.290 0.074 5.68 450.0
2458533.87000 19.466 0.077 4.36 667.0
2458535.86533 19.204 0.082 6.20 602.0
2458536.85188 19.346 0.069 4.52 601.0
2458536.89267 19.164 0.078 5.32 716.0
2458538.86280 19.365 0.065 4.80 476.0
2458539.85143 19.337 0.068 4.66 529.0
2458539.90133 19.138 0.084 5.04 1102.0
2458540.87431 19.567 0.164 5.33 1404.0
2458544.87482 19.316 0.055 5.17 350.0
2458546.85209 19.154 0.049 4.57 374.0
2458546.89179 19.416 0.061 4.69 378.0
2458547.85661 19.274 0.060 5.42 371.0
2458547.90078 19.277 0.063 4.70 463.0
2458548.86543 19.181 0.049 4.38 416.0
2458549.79838 19.348 0.083 6.52 401.0
2458549.85291 19.519 0.076 5.43 378.0
2458549.90085 19.410 0.070 4.59 488.0
2458550.86541 19.395 0.059 4.65 376.0
2458550.90477 19.225 0.056 4.97 420.0
2458551.87584 19.268 0.066 5.60 363.0
2458552.84665 19.378 0.097 7.54 384.0
2458552.89704 19.096 0.067 7.18 363.0
2458553.81850 19.175 0.072 6.62 389.0
2458553.87453 19.203 0.072 6.71 396.0
2458554.79987 19.251 0.079 6.63 409.0
2458554.85150 19.214 0.054 4.74 396.0
2458554.89137 19.289 0.059 5.38 364.0
2458555.81248 19.294 0.060 5.10 406.0
2458555.85239 19.170 0.050 5.04 369.0
2458556.77924 19.330 0.068 5.45 391.0
2458556.82411 19.277 0.058 4.85 393.0
2458556.87378 19.306 0.058 5.09 374.0
2458557.78189 19.413 0.084 6.20 400.0
2458557.84118 19.381 0.064 4.91 374.0
2458557.88109 19.322 0.062 5.25 373.0
2458558.79451 19.465 0.081 5.54 413.0
2458558.83410 19.261 0.056 4.87 378.0
2458558.88329 19.315 0.059 5.36 348.0
2458559.77832 19.384 0.076 5.55 449.0
2458559.82780 19.194 0.050 4.40 374.0
2458559.86807 19.262 0.043 3.63 353.0
2458560.78086 19.384 0.072 4.84 554.0
2458560.82766 19.269 0.052 4.23 412.0
2458560.87680 19.328 0.051 3.97 386.0
2458561.78206 19.430 0.078 4.76 580.0
2458561.83115 19.295 0.068 4.89 515.0
2458561.87343 19.335 0.062 4.67 429.0
2458562.77803 19.262 0.082 5.61 680.0
2458562.81891 19.408 0.110 6.46 653.0
2458562.87577 19.190 0.071 5.22 578.0
2458562.91613 19.092 0.092 5.28 1254.0
2458563.80751 19.362 0.083 5.33 687.0
2458563.85568 19.386 0.074 4.41 630.0
2458563.90504 19.380 0.067 3.99 616.0
2458564.80314 19.233 0.070 5.13 577.0
2458564.85472 19.328 0.060 3.99 543.0
2458564.89526 19.258 0.064 4.36 547.0
2458565.80516 19.360 0.079 5.18 624.0
2458565.85216 19.308 0.075 5.28 593.0
2458565.90624 19.329 0.069 4.31 579.0
2458566.81238 19.378 0.068 3.95 585.0
2458566.86326 19.218 0.057 4.37 542.0
2458566.90304 19.231 0.060 4.54 523.0
2458567.79483 19.259 0.077 4.57 885.0
2458567.82621 19.320 0.066 4.22 597.0
2458567.87548 19.273 0.071 4.76 575.0
2458567.91340 19.222 0.072 4.54 654.0
2458573.89783 19.265 0.070 5.79 400.0
2458574.73184 19.409 0.092 7.02 382.0
2458574.84883 19.225 0.061 5.56 355.0
2458574.88845 19.287 0.060 5.49 340.0
2458575.74258 19.281 0.079 6.56 382.0
2458575.78253 19.206 0.062 5.72 373.0
2458575.83083 19.386 0.075 6.15 362.0
2458575.86987 19.450 0.077 5.61 367.0
2458575.92049 19.335 0.075 4.71 614.0
2458576.79592 19.288 0.068 6.14 356.0
2458576.84417 19.450 0.079 6.05 369.0
2458576.88327 19.491 0.094 6.96 351.0
2458577.80130 19.452 0.106 7.02 450.0
2458577.86468 19.455 0.085 5.77 439.0
2458577.91785 19.230 0.098 7.10 570.0
2458578.75077 19.346 0.068 5.17 404.0
2458578.78985 19.263 0.053 4.47 391.0
2458578.85013 19.248 0.062 5.34 429.0
2458578.89721 19.381 0.072 5.91 385.0
2458579.72805 19.191 0.074 6.19 480.0
2458579.76787 19.278 0.071 5.35 482.0
2458579.81348 19.387 0.083 5.94 472.0
2458579.86149 19.281 0.068 5.02 483.0
2458579.91755 19.295 0.067 4.59 556.0
2458580.74010 19.193 0.066 5.92 421.0
2458580.79466 19.310 0.061 5.03 398.0
2458580.83554 19.171 0.071 6.54 415.0
2458580.89350 19.304 0.059 4.49 417.0
2458581.72771 19.262 0.058 5.17 415.0
2458581.80173 19.428 0.070 5.41 380.0
2458582.70717 19.409 0.070 5.53 376.0
2458582.75767 19.235 0.062 5.63 378.0
2458582.87911 19.268 0.059 4.49 409.0
2458583.72995 19.390 0.067 5.15 403.0
2458583.82249 19.317 0.049 4.02 380.0
2458584.69540 19.235 0.064 5.30 452.0
2458584.78198 19.380 0.055 4.47 355.0
2458585.70194 19.418 0.078 5.83 419.0
2458585.75324 19.336 0.065 5.82 385.0
2458585.87223 19.313 0.050 3.91 379.0
2458586.70371 19.322 0.066 5.49 392.0
2458586.79740 19.328 0.055 4.55 341.0
2458586.92751 19.241 0.086 4.24 1178.0
2458587.73080 19.316 0.070 5.76 446.0
2458587.84170 19.221 0.060 5.12 403.0
2458588.70771 19.205 0.068 5.93 483.0
2458588.80117 19.275 0.048 4.42 340.0
2458589.68764 19.443 0.092 4.99 676.0
2458589.74801 19.250 0.063 4.48 547.0
2458589.87596 19.266 0.058 4.41 388.0
2458590.70621 19.283 0.065 4.66 631.0
2458590.79278 19.279 0.049 3.49 507.0
2458590.92287 19.205 0.059 4.16 584.0
2458591.74138 19.199 0.061 4.53 635.0
2458591.87227 19.250 0.051 3.82 503.0
2458592.80709 19.288 0.087 5.67 684.0
2458592.89103 19.235 0.070 4.39 721.0
2458593.76631 19.304 0.089 5.45 790.0
2458593.91455 19.277 0.072 4.50 642.0
2458594.70587 19.146 0.083 5.70 785.0
2458594.81270 19.361 0.069 4.33 638.0
2458594.93153 19.441 0.104 4.39 1100.0
2458595.72912 19.349 0.118 6.22 858.0
2458595.90767 19.148 0.098 5.56 1100.0
2458599.70661 19.185 0.094 7.53 559.0
2458599.76340 19.268 0.072 5.74 544.0
2458599.81777 19.291 0.062 5.13 415.0
2458599.89836 19.336 0.061 4.56 437.0
2458600.75934 19.216 0.047 4.18 384.0
2458600.90751 19.281 0.051 3.75 453.0
2458601.69512 19.341 0.056 4.71 381.0
2458601.86486 19.328 0.051 3.65 431.0
2458602.69362 19.326 0.056 4.80 354.0
2458602.83095 19.251 0.053 4.20 392.0
2458603.67462 19.289 0.066 5.84 402.0
2458603.77298 19.278 0.046 3.95 331.0
2458603.92520 19.378 0.072 4.85 479.0
2458604.77988 19.227 0.061 5.50 361.0
2458604.92809 19.422 0.074 4.77 459.0
2458605.72061 19.253 0.056 4.73 385.0
2458605.88819 19.383 0.063 4.23 406.0
2458606.69632 19.240 0.049 4.21 371.0
2458606.82746 19.285 0.041 3.23 369.0
2458607.66216 19.289 0.063 5.30 406.0
2458607.76190 19.367 0.055 4.10 370.0
2458607.88641 19.311 0.056 4.06 438.0
2458608.67864 19.341 0.074 5.18 548.0
2458608.86676 19.359 0.059 4.30 442.0
2458612.73412 19.299 0.067 5.78 339.0
2458612.83026 19.244 0.080 6.29 402.0
2458613.63598 19.323 0.091 6.58 475.0
2458613.72246 19.302 0.067 5.40 380.0
2458613.87473 19.293 0.057 3.97 484.0
2458614.65755 19.388 0.086 5.45 501.0
2458614.75850 19.262 0.069 4.94 466.0
2458614.91541 19.260 0.077 5.35 535.0
2458615.72019 19.309 0.068 5.28 428.0
2458615.87705 19.370 0.077 5.95 392.0
2458616.66359 19.258 0.053 4.36 460.0
2458616.78574 19.337 0.045 3.29 392.0
2458616.93473 19.343 0.073 4.27 689.0
2458617.69395 19.195 0.051 4.11 463.0
2458617.85343 19.376 0.061 4.36 458.0
2458618.65916 19.296 0.067 5.19 519.0
2458618.78134 19.267 0.054 3.77 524.0
2458618.92122 19.295 0.082 5.08 640.0
2458619.68427 19.294 0.076 5.49 501.0
2458619.84820 19.533 0.106 5.85 531.0
2458620.65218 19.281 0.079 5.68 554.0
2458620.75808 19.317 0.058 4.15 482.0
2458620.94110 19.150 0.100 5.17 1271.0
2458621.78673 19.254 0.126 5.77 1293.0
2458621.91313 19.281 0.090 4.80 868.0
2458626.64376 19.265 0.100 6.64 635.0
2458626.69320 19.109 0.098 7.72 598.0
2458626.74426 19.293 0.075 5.15 566.0
2458626.80541 19.318 0.084 5.73 605.0
2458626.85883 19.343 0.081 4.74 649.0
2458626.90926 19.419 0.085 4.70 683.0
2458627.62647 19.253 0.071 5.35 667.0
2458627.69766 19.254 0.050 4.31 380.0
2458627.77180 19.254 0.059 4.25 623.0
2458635.66977 19.414 0.061 4.77 346.0
2458635.81370 19.313 0.062 4.66 419.0
2458635.93380 19.217 0.097 7.21 572.0
2458636.62480 19.236 0.064 5.53 396.0
2458636.76832 19.266 0.052 4.47 343.0
2458636.89225 19.217 0.053 4.23 438.0
2458637.60272 19.197 0.052 5.34 346.0
2458637.71571 19.382 0.056 4.30 386.0
2458637.85527 19.261 0.051 3.80 462.0
2458638.64690 19.292 0.056 5.22 357.0
2458638.82628 19.333 0.053 4.25 368.0
2458639.66984 19.280 0.047 3.96 407.0
2458639.83596 19.292 0.050 3.81 457.0
2458640.59246 19.271 0.071 6.18 437.0
2458640.72262 19.392 0.061 4.43 379.0
2458640.86581 19.284 0.071 5.27 435.0
2458641.63526 19.178 0.055 4.92 465.0
2458642.56962 19.208 0.079 6.15 573.0
2458642.80410 19.244 0.060 4.20 524.0
2458642.91098 19.345 0.079 4.73 608.0
2458643.60016 19.375 0.054 4.04 400.0
2458643.73375 19.266 0.053 4.41 384.0
2458643.84746 19.311 0.056 4.26 417.0
2458644.56095 19.188 0.068 5.72 491.0
2458644.63123 19.276 0.059 4.88 392.0
2458644.76496 19.397 0.073 5.28 406.0
2458644.87495 19.203 0.068 5.19 477.0
2458645.65286 19.202 0.055 4.80 387.0
2458646.68508 19.323 0.078 6.10 412.0
2458646.79097 19.411 0.076 5.54 387.0
2458647.59373 19.126 0.075 6.12 548.0
2458647.64645 19.230 0.083 6.27 514.0
2458647.76787 19.268 0.082 5.93 485.0
2458648.59602 19.091 0.086 6.94 651.0
2458648.65092 19.306 0.084 5.73 575.0
2458648.77200 19.436 0.081 4.86 566.0
2458648.88194 19.361 0.090 6.18 506.0
2458649.61438 19.194 0.107 6.74 736.0
2458654.52581 19.434 0.118 4.99 1416.0
2458655.62014 19.370 0.063 4.31 628.0
2458655.76988 19.479 0.106 6.05 732.0
2458656.63093 19.257 0.060 4.94 513.0
2458656.73445 19.352 0.058 4.60 441.0
2458656.86252 19.052 0.072 6.34 562.0
2458657.59242 19.395 0.063 4.84 357.0
2458657.68523 19.240 0.060 5.08 368.0
2458657.80702 19.381 0.055 4.17 365.0
2458658.54106 19.358 0.076 6.27 351.0
2458660.50981 19.144 0.072 6.37 425.0
2458660.57858 19.264 0.055 4.93 334.0
2458660.72960 19.172 0.052 4.99 332.0
2458660.86867 19.306 0.077 5.76 575.0
2458661.59477 19.297 0.067 5.80 351.0
2458662.55826 19.483 0.107 7.23 441.0
2458662.65137 19.287 0.058 5.19 342.0
2458664.52241 19.273 0.067 5.75 383.0
2458664.62877 19.216 0.048 4.90 282.0
2458664.76376 19.309 0.051 4.55 371.0
2458665.59119 19.429 0.071 5.39 431.0
2458666.53522 19.261 0.084 6.32 520.0
2458666.66161 19.338 0.060 5.01 330.0
2458666.82446 19.159 0.073 7.09 369.0
2458667.56368 19.242 0.078 6.25 451.0
2458667.69215 19.537 0.083 5.46 374.0
2458667.81907 19.280 0.058 5.13 393.0
2458668.54183 19.282 0.075 6.50 382.0
2458668.69054 19.252 0.051 4.71 299.0
2458668.81804 19.198 0.055 5.20 345.0
2458669.51439 19.165 0.081 6.80 490.0
2458669.64660 19.249 0.060 4.93 407.0
2458669.78833 19.307 0.048 3.78 382.0
2458670.50065 19.259 0.067 5.80 446.0
2458670.58714 19.196 0.042 3.98 336.0
2458670.73805 19.294 0.047 4.16 306.0
2458671.67300 19.399 0.093 7.22 336.0
2458673.59947 19.252 0.053 4.22 418.0
2458673.73049 19.233 0.046 4.07 338.0
2458674.57102 19.185 0.067 6.07 385.0
2458674.66459 19.438 0.068 5.38 328.0
2458674.79580 19.328 0.080 5.95 445.0
2458675.61932 19.394 0.076 4.35 651.0
2458675.82292 19.226 0.071 5.78 441.0
2458676.48698 19.244 0.088 5.75 685.0
2458676.56432 19.276 0.065 4.56 545.0
2458676.73748 19.219 0.064 4.89 522.0
2458676.81374 19.539 0.104 5.62 616.0
2458677.60971 19.147 0.067 4.65 694.0
2458677.78535 19.008 0.086 4.72 1547.0
2458681.49239 19.487 0.144 6.45 1065.0
2458681.56903 19.247 0.106 5.86 954.0
2458681.65049 19.244 0.094 5.19 886.0
2458682.48701 19.407 0.094 5.42 774.0
2458682.56362 19.480 0.095 5.31 640.0
2458682.77691 19.196 0.070 4.63 692.0
2458683.48795 19.271 0.087 7.08 461.0
2458683.57265 19.270 0.083 6.06 516.0
2458683.74818 19.162 0.071 5.33 528.0
2458684.49445 19.286 0.071 5.54 434.0
2458684.57516 19.240 0.071 4.98 646.0
2458684.72993 19.318 0.066 4.98 439.0
2458685.49899 19.147 0.068 6.33 431.0
2458685.64418 19.309 0.059 4.71 376.0
2458688.55224 19.250 0.090 7.31 403.0
2458688.64865 19.290 0.059 5.22 304.0
2458689.49953 19.112 0.073 6.61 434.0
2458689.58522 19.309 0.074 6.25 361.0
2458689.69678 19.391 0.071 5.89 323.0
2458690.48806 19.423 0.084 5.58 451.0
2458690.58212 19.412 0.075 5.56 383.0
2458690.72334 19.133 0.049 4.99 340.0
2458691.48589 19.371 0.055 4.04 439.0
2458691.56202 19.306 0.049 4.37 312.0
2458691.74967 19.340 0.076 5.74 401.0
2458692.48808 19.346 0.079 5.49 491.0
2458692.57628 19.272 0.058 4.61 478.0
2458692.68858 19.181 0.050 4.19 395.0
2458693.48732 19.318 0.097 7.33 403.0
2458693.62204 19.439 0.079 6.02 337.0
2458693.76992 19.439 0.090 6.22 430.0
2458694.49071 19.423 0.070 4.92 401.0
2458694.56997 19.404 0.054 4.07 361.0
2458694.64926 19.252 0.052 4.89 321.0
2458695.49061 19.260 0.058 4.92 398.0
2458695.72636 19.268 0.044 3.98 336.0
2458695.77950 19.287 0.051 4.23 390.0
2458697.55949 19.335 0.095 7.51 383.0
2458698.49020 19.397 0.072 5.70 353.0
2458698.72021 19.264 0.048 3.88 338.0
2458698.76630 19.303 0.052 3.88 370.0
2458699.49313 19.342 0.075 5.63 411.0
2458699.71965 19.161 0.047 4.16 358.0
2458699.76565 19.332 0.060 4.68 377.0
2458700.49270 19.213 0.050 4.36 383.0
2458700.72998 19.305 0.060 4.54 399.0
2458700.76688 19.297 0.060 4.47 435.0
2458701.49283 19.272 0.067 5.28 408.0
2458701.64945 19.219 0.056 4.55 394.0
2458702.49306 19.397 0.079 5.77 398.0
2458702.60648 19.294 0.066 5.86 351.0
2458702.75995 19.231 0.056 4.95 378.0
2458703.49327 19.249 0.077 5.71 480.0
2458704.55032 19.335 0.104 6.80 583.0
2458704.68220 19.198 0.080 5.76 554.0
2458708.59991 19.379 0.064 3.88 626.0
2458710.49361 19.254 0.076 4.92 656.0
2458711.49171 19.175 0.104 5.32 1298.0
2458711.60452 19.191 0.084 5.15 902.0
2458711.73132 18.986 0.117 7.42 1120.0
2458712.50840 19.004 0.071 6.64 515.0
2458712.62624 19.236 0.081 6.32 476.0
2458713.49287 19.252 0.074 6.10 397.0
2458713.61927 19.244 0.071 5.50 448.0
2458713.73444 19.205 0.080 6.02 532.0
2458714.49512 19.252 0.083 6.90 393.0
2458714.64647 19.203 0.065 5.01 758.0
2458715.51082 19.294 0.080 6.66 376.0
2458715.65033 19.236 0.053 4.64 355.0
2458716.50859 19.307 0.045 3.64 337.0
2458716.72805 18.971 0.054 5.30 496.0
2458717.49399 19.342 0.083 6.45 375.0
2458717.63087 19.316 0.076 6.07 360.0
2458718.50941 19.300 0.051 3.92 372.0
2458718.64558 19.232 0.047 4.02 351.0
2458719.49118 19.359 0.092 6.80 401.0
2458719.58230 19.190 0.054 4.82 380.0
2458719.69189 19.473 0.093 6.99 414.0
2458721.50121 19.322 0.066 5.60 353.0
2458721.68836 19.213 0.060 5.38 369.0
2458722.49597 19.255 0.050 4.27 384.0
2458722.69724 19.284 0.065 5.86 331.0
2458723.60150 19.285 0.060 4.91 426.0
2458723.64168 19.250 0.058 4.76 398.0
2458724.50541 19.332 0.061 5.02 372.0
2458724.64285 19.261 0.050 4.31 348.0
2458725.50985 19.351 0.070 5.32 439.0
2458725.59510 19.341 0.063 5.34 347.0
2458726.58351 19.437 0.071 5.41 332.0
2458726.63653 19.454 0.063 4.66 302.0
2458727.53365 19.139 0.064 5.61 396.0
2458727.61844 19.310 0.078 5.54 444.0
2458728.59856 19.485 0.078 5.45 390.0
2458728.63821 19.334 0.065 4.89 377.0
2458729.49933 19.437 0.083 5.90 365.0
2458729.63693 19.360 0.065 4.65 392.0
2458730.58370 19.398 0.089 6.64 371.0
2458730.62390 19.359 0.076 6.03 364.0
2458731.53515 19.304 0.090 7.26 387.0
2458731.60328 19.585 0.114 6.86 416.0
2458736.61091 19.243 0.099 6.42 636.0
2458737.62196 19.195 0.106 7.05 661.0
2458738.59096 19.326 0.101 6.09 665.0
2458739.50600 19.308 0.091 5.89 559.0
2458740.54891 19.509 0.119 6.57 567.0
2458741.60286 19.309 0.086 5.84 542.0
2458742.60175 19.255 0.075 5.10 549.0
2458746.59348 19.160 0.078 7.05 379.0
2458747.54566 19.401 0.087 6.63 354.0
2458750.58717 19.342 0.065 4.59 403.0
2458752.58888 19.324 0.079 6.16 407.0
2458753.60426 19.076 0.072 6.34 435.0
2458754.58754 19.263 0.082 6.07 461.0
2458755.59036 19.309 0.058 4.01 408.0
2458757.57800 19.307 0.079 6.12 392.0
2458759.59786 19.282 0.104 7.00 490.0
2458763.56324 19.297 0.083 5.19 641.0
2458766.58597 19.383 0.126 6.28 891.0
2458768.57719 19.244 0.113 6.45 719.0
2458782.54728 19.243 0.075 4.75 580.0
2458783.51973 19.293 0.074 4.87 502.0
2458783.55044 19.153 0.071 5.40 503.0
2458899.87781 19.291 0.068 5.77 386.0
2458900.88646 19.429 0.071 4.98 439.0
2458901.88975 19.363 0.074 5.21 472.0
2458902.88975 19.399 0.063 4.66 419.0
2458903.88647 19.230 0.058 4.95 405.0
2458904.87617 19.315 0.058 5.19 327.0
2458905.86983 19.215 0.057 4.99 348.0
2458906.88369 19.133 0.054 4.82 358.0
2458907.88052 19.348 0.062 4.79 395.0
2458908.87474 19.261 0.065 5.63 388.0
2458909.85506 19.301 0.051 4.57 328.0
2458909.89806 19.145 0.060 4.16 730.0
2458910.80691 19.333 0.083 6.75 400.0
2458910.87590 19.340 0.087 6.57 433.0
2458911.83256 19.181 0.058 5.49 381.0
2458911.86673 19.209 0.061 5.75 368.0
2458912.80052 19.262 0.073 6.01 415.0
2458912.83903 19.323 0.064 5.50 383.0
2458912.88202 19.231 0.056 5.26 352.0
2458913.80983 19.463 0.109 7.42 433.0
2458913.85259 19.539 0.085 6.17 364.0
2458913.88707 19.179 0.063 6.21 372.0
2458914.85938 19.344 0.060 4.92 377.0
2458914.89369 19.310 0.062 5.29 403.0
2458915.83957 19.236 0.059 5.51 371.0
2458915.87450 19.352 0.060 5.28 342.0
2458916.79943 19.303 0.074 5.05 622.0
2458916.83403 19.358 0.075 5.00 543.0
2458916.87758 19.402 0.070 5.21 444.0
2458917.80318 19.230 0.078 5.17 799.0
2458917.84623 19.500 0.083 4.48 647.0
2458917.88331 19.213 0.069 4.59 723.0
2458918.82187 19.173 0.075 5.50 710.0
2458918.85647 19.177 0.071 4.58 861.0
2458918.89948 19.175 0.061 4.97 565.0
2458919.80646 19.606 0.132 6.47 692.0
2458919.84876 19.373 0.081 5.21 585.0
2458919.88399 19.190 0.060 5.12 516.0
2458920.80540 19.302 0.078 4.82 662.0
2458920.84025 19.363 0.074 5.10 586.0
2458920.88726 19.335 0.063 4.41 525.0
2458921.78566 19.369 0.085 5.33 676.0
2458921.83052 19.213 0.064 5.51 583.0
2458921.86533 19.476 0.081 4.89 554.0
2458921.90978 19.112 0.080 4.38 1343.0
2459795.59594 19.256 0.065 5.66 343.0
2459795.64383 19.244 0.051 4.95 333.0
2459795.67891 19.143 0.060 5.97 365.0
2459795.72387 19.215 0.077 6.58 418.0
2459795.75744 19.229 0.094 7.21 486.0
2459796.53502 19.290 0.078 6.37 387.0
2459796.62230 19.410 0.069 5.21 346.0
2459796.66574 19.300 0.069 6.10 358.0
2459796.70277 19.122 0.054 5.62 347.0
2459796.74694 19.382 0.072 5.61 364.0
2459797.57887 19.232 0.079 5.91 451.0
2459797.62184 19.190 0.080 5.98 458.0
2459797.65751 19.366 0.085 5.88 409.0
2459797.71623 19.280 0.075 5.70 499.0
2459797.75668 19.451 0.083 5.50 423.0
2459798.51813 19.270 0.124 7.35 876.0
2459804.48469 19.342 0.079 4.86 617.0
2459804.51916 19.406 0.087 5.09 603.0
2459804.56461 19.396 0.075 4.64 544.0
2459804.59990 19.221 0.074 5.54 563.0
2459804.64421 19.367 0.100 6.16 606.0
2459804.68350 19.311 0.102 6.28 802.0
2459805.50819 19.222 0.083 6.64 423.0
2459805.54332 19.327 0.089 5.37 639.0
2459805.58818 19.382 0.079 5.08 546.0
2459805.62304 19.281 0.068 4.75 500.0
2459805.66585 19.498 0.085 5.03 523.0
2459805.70004 19.169 0.070 5.13 566.0
2459805.74257 19.478 0.114 6.19 618.0
2459806.59778 19.421 0.106 7.01 570.0
2459806.64893 19.273 0.089 6.38 480.0
2459806.68649 19.214 0.085 6.20 498.0
2459806.74672 19.552 0.121 5.91 613.0
2459807.51411 19.158 0.058 5.81 362.0
2459807.57096 19.189 0.062 5.69 370.0
2459807.62689 19.397 0.077 5.88 401.0
2459807.69221 19.234 0.065 5.29 432.0
2459807.72717 19.244 0.065 5.27 448.0
2459808.49831 19.101 0.074 7.00 366.0
2459808.54421 19.327 0.069 5.41 352.0
2459808.64644 19.336 0.074 5.53 359.0
2459808.68296 19.021 0.065 6.08 413.0
2459808.72966 19.163 0.065 5.29 429.0
2459809.58206 19.335 0.081 6.62 333.0
2459809.62571 19.286 0.063 5.29 322.0
2459809.66317 19.316 0.070 5.61 335.0
2459810.50753 19.288 0.046 4.03 323.0
2459810.55531 19.365 0.051 4.21 318.0
2459810.70400 19.345 0.060 5.09 330.0
2459811.49699 19.375 0.085 6.83 340.0
2459811.57352 19.225 0.059 5.38 327.0
2459811.68225 19.217 0.053 4.35 335.0
2459811.72397 19.324 0.058 4.22 367.0
2459812.50391 19.392 0.082 6.32 343.0
2459812.55548 19.272 0.080 6.90 336.0
2459812.70227 19.259 0.055 4.46 335.0
2459813.50287 19.150 0.071 6.47 358.0
2459813.67595 19.332 0.073 5.88 333.0
2459813.71637 19.270 0.067 5.84 334.0
2459814.50502 19.362 0.065 5.11 364.0
2459814.56879 19.203 0.063 5.81 335.0
2459814.60366 19.193 0.059 5.68 337.0
2459814.70370 19.287 0.072 5.66 390.0
2459815.49150 19.267 0.059 4.98 375.0
2459815.55556 19.292 0.062 5.18 354.0
2459815.59049 19.182 0.054 5.05 357.0
2459816.47717 19.359 0.104 6.10 606.0
2459816.51178 19.313 0.073 6.02 369.0
2459816.55763 19.422 0.071 5.11 351.0
2459816.59309 19.041 0.048 5.18 335.0
2459817.49885 19.396 0.081 5.57 423.0
2459817.56723 19.328 0.063 4.90 420.0
2459817.61247 19.391 0.070 5.17 381.0
2459817.66914 19.522 0.070 4.98 411.0
2459818.58778 19.136 0.078 6.83 439.0
2459819.51132 19.388 0.055 3.86 451.0
2459819.58049 19.230 0.057 5.13 395.0
2459820.48718 19.157 0.078 6.32 476.0
2459820.53499 19.360 0.080 6.27 397.0
2459820.67117 19.277 0.063 4.94 391.0
2459821.51102 19.092 0.059 5.93 365.0
2459821.55860 19.397 0.064 5.36 326.0
2459822.48634 19.130 0.069 5.68 529.0
2459822.53508 19.441 0.075 5.62 384.0
2459822.59471 19.010 0.070 7.59 391.0
2459823.59605 19.070 0.072 6.94 439.0
2459823.67835 19.250 0.091 7.43 442.0
2459824.51381 19.324 0.108 7.41 503.0
2459824.56948 19.314 0.101 7.10 524.0
2459824.68261 19.251 0.067 5.61 406.0
2459829.51656 19.393 0.129 6.84 801.0
2459829.63827 19.129 0.125 7.66 917.0
2459830.64333 19.216 0.098 6.16 825.0
2459831.49821 19.473 0.111 6.15 680.0
2459831.56499 19.120 0.079 6.25 662.0
2459831.62149 19.212 0.095 6.38 756.0
2459832.51527 19.080 0.087 6.85 684.0
2459832.56251 19.101 0.093 7.01 693.0
2459834.50667 19.070 0.059 5.32 505.0
2459834.55908 19.220 0.076 5.78 592.0
2459834.60768 19.475 0.093 5.37 626.0
2459834.65901 19.323 0.089 5.53 680.0
2459835.58728 19.310 0.086 5.89 526.0
2459835.63461 19.345 0.085 6.05 462.0
2459836.58817 19.583 0.131 7.42 482.0
2459837.64152 19.347 0.070 4.74 540.0
2459838.53229 19.145 0.059 5.34 416.0
2459838.59252 19.408 0.078 5.57 440.0
2459840.48834 19.227 0.090 6.68 598.0
2459840.53541 19.252 0.081 7.13 386.0
2459840.58287 19.122 0.075 7.00 408.0
2459841.49875 19.032 0.065 6.14 493.0
2459841.54742 19.223 0.067 5.72 441.0
2459841.59438 19.388 0.095 6.53 489.0
2459843.55097 19.144 0.079 6.83 433.0
2459843.60006 19.121 0.072 6.16 431.0
2459844.53540 19.147 0.072 6.82 432.0
2459844.58297 19.231 0.062 5.27 447.0
2459845.49376 19.119 0.078 6.88 479.0
2459845.54183 19.297 0.073 5.98 384.0
2459845.59118 19.270 0.063 5.38 402.0
2459846.58284 19.320 0.089 6.50 450.0
2459848.52038 19.206 0.081 6.82 464.0
2459848.56739 19.171 0.073 5.95 509.0
2459848.61617 19.307 0.082 5.87 485.0
2459850.54556 19.104 0.069 6.39 439.0
2459850.59328 19.271 0.066 4.98 423.0
2459851.59640 19.030 0.072 6.90 462.0
2459852.51365 19.318 0.095 7.10 460.0
2459852.55811 19.264 0.074 5.77 458.0
2459852.61136 19.444 0.079 4.86 491.0
2459856.57591 18.978 0.100 7.03 895.0
2459857.51983 19.248 0.110 7.12 731.0
2459857.58075 19.401 0.143 7.08 859.0
2459859.52142 19.381 0.075 4.74 654.0
2459859.56895 19.208 0.068 4.80 733.0
2459860.51020 19.371 0.125 6.85 739.0
2459860.55897 19.259 0.099 5.72 809.0
2459860.59112 19.211 0.098 5.58 909.0
2459861.53900 19.354 0.107 5.77 796.0
2459862.55330 19.215 0.111 6.68 845.0
2459863.53568 19.335 0.095 5.58 693.0
2459864.53147 19.290 0.084 5.37 631.0
2459865.51002 19.261 0.100 7.24 574.0
2459866.51708 19.191 0.069 4.78 620.0
2459867.50300 19.587 0.111 5.19 724.0
2459868.52489 19.159 0.074 5.07 556.0
2459869.52578 19.194 0.071 5.24 504.0
2459870.53045 19.296 0.082 5.95 498.0
2459875.51558 19.413 0.095 5.68 584.0
2459988.88498 19.295 0.077 4.77 873.0
2459997.83507 19.230 0.072 5.58 514.0
2460001.84772 19.364 0.061 4.40 486.0
2460005.84547 19.337 0.066 4.81 494.0
2460009.82473 19.245 0.074 4.96 684.0
2460013.86312 19.252 0.052 4.04 486.0
2460021.78634 19.245 0.058 5.24 381.0
2460024.77839 19.380 0.057 4.24 415.0
2460026.85633 19.364 0.067 5.55 383.0
2460029.76465 19.282 0.060 5.61 367.0
2460031.83236 19.416 0.060 4.64 383.0
2460033.90704 19.401 0.066 4.96 412.0
2460036.80861 19.348 0.064 5.26 412.0
2460038.91302 19.312 0.056 4.75 359.0
2460041.76756 19.319 0.080 5.26 643.0
2460043.74665 19.510 0.085 4.53 765.0
2460048.90799 19.269 0.048 4.00 424.0
2460052.78055 19.275 0.064 5.64 390.0
2460056.72240 19.295 0.083 6.78 430.0
2460058.80062 19.273 0.055 4.69 419.0
2460060.79536 19.290 0.050 4.35 418.0
2460062.83000 19.293 0.050 4.50 384.0
2460066.71318 19.417 0.069 4.85 456.0
2460068.66649 19.329 0.091 5.71 721.0
2460069.90633 19.119 0.067 4.42 873.0
2460075.91545 19.514 0.093 4.53 836.0
2460085.64550 19.237 0.107 8.28 463.0
2460089.62320 19.320 0.075 5.25 536.0
2460091.64000 19.350 0.083 5.31 592.0
2460093.91650 19.392 0.103 6.07 683.0
2460095.90767 19.294 0.081 5.60 537.0
2460097.60353 19.342 0.091 5.06 761.0
2460098.73083 19.376 0.109 5.06 1064.0
2460104.91267 19.327 0.105 5.91 788.0
2460106.74120 19.302 0.070 5.60 388.0
2460108.56225 19.203 0.069 5.96 439.0
2460110.53013 19.334 0.093 6.02 638.0
2460111.75479 19.289 0.061 4.89 396.0
2460112.85448 19.309 0.065 4.53 505.0
2460114.78222 19.540 0.122 6.91 522.0
2460118.85699 19.202 0.068 5.32 501.0
2460120.73344 19.270 0.069 6.28 372.0
2460122.66989 19.289 0.079 6.29 418.0
2460124.51423 19.437 0.122 6.11 729.0
2460125.69637 19.379 0.088 4.96 677.0
2460130.63811 19.399 0.108 5.90 765.0
2460132.60168 19.251 0.092 6.44 698.0
2460134.68436 19.402 0.074 5.64 401.0
2460140.50280 19.157 0.074 6.49 429.0
2460141.77791 19.181 0.062 5.47 434.0
2460143.81699 19.260 0.074 6.15 438.0
2460149.68948 19.328 0.065 4.99 384.0
2460157.73170 19.394 0.095 4.46 1159.0
2460159.68982 19.257 0.090 6.16 630.0
2460161.65643 19.324 0.082 5.90 472.0
2460168.58635 19.274 0.068 5.93 405.0
2460170.58382 19.262 0.052 4.51 331.0
2460172.64852 19.269 0.068 5.75 434.0
2460177.66876 19.261 0.067 5.37 407.0
2460180.53639 19.269 0.076 5.58 531.0
2460186.54271 19.390 0.102 5.59 742.0
2460191.64532 19.164 0.099 7.16 635.0
2460202.53698 19.318 0.068 5.26 411.0
2460204.62069 19.282 0.074 5.35 491.0
2460212.62556 19.418 0.113 6.00 812.0
2460218.56185 19.293 0.100 6.70 595.0
2460225.58486 19.228 0.093 6.69 583.0
2460229.55905 19.166 0.094 6.82 599.0
2460243.52395 19.363 0.108 5.62 809.0
2460365.87293 19.520 0.120 6.07 695.0
2460371.85458 19.214 0.069 4.79 564.0
2460378.84907 19.207 0.052 4.38 437.0
2460381.87119 19.248 0.067 5.29 434.0
2460384.86769 19.330 0.068 5.11 462.0
2460387.83244 19.225 0.064 5.07 472.0
2460390.89197 19.180 0.053 4.48 469.0
2460393.81927 19.502 0.096 5.49 562.0
2460395.88842 19.231 0.063 4.44 613.0
2460398.81332 19.334 0.072 4.72 667.0
2460404.75273 19.315 0.076 5.78 449.0
2460406.88059 19.318 0.084 6.05 483.0
2460410.89349 19.261 0.055 4.59 415.0
2460417.81480 19.303 0.066 5.40 461.0
2460420.82980 19.300 0.073 5.70 434.0
2460425.74232 19.194 0.086 5.94 715.0
2460432.90980 19.343 0.074 4.87 600.0
2460435.77107 19.243 0.066 5.92 407.0
2460437.68205 19.187 0.093 7.68 470.0
2460440.87928 19.194 0.094 6.84 566.0
2460443.92172 19.276 0.101 7.02 551.0
2460449.71204 19.144 0.056 5.25 431.0
2460458.65398 19.314 0.069 4.95 551.0
2460460.65096 19.355 0.065 4.87 423.0
2460462.90122 19.295 0.070 5.25 496.0
2460464.66560 19.262 0.050 4.31 493.0
2460466.89397 19.241 0.079 5.93 580.0
2460468.87013 19.115 0.076 6.08 522.0
2460476.65974 19.133 0.060 5.56 438.0
2460478.68568 19.218 0.082 6.24 505.0
2460480.72718 19.198 0.094 4.84 1304.0
2460486.56743 19.542 0.115 5.99 612.0
2460488.66224 19.379 0.086 6.23 458.0
2460491.53016 19.330 0.062 4.97 384.0
2460492.82967 19.229 0.064 4.99 484.0
2460494.70333 19.411 0.087 6.51 390.0
2460497.49679 19.232 0.105 7.69 547.0
2460498.78815 19.267 0.059 4.95 403.0
2460500.76421 19.300 0.066 5.10 400.0
2460502.65913 19.291 0.077 6.46 395.0
2460504.63399 19.355 0.065 5.41 348.0
2460506.59454 19.285 0.057 4.99 418.0
2460513.68232 19.417 0.146 7.30 845.0
2460516.72231 19.255 0.069 5.51 454.0
2460518.74173 19.319 0.071 5.34 453.0
2460521.71617 19.219 0.057 5.13 384.0
2460530.69110 19.246 0.079 6.53 423.0
2460534.55074 19.296 0.056 4.77 390.0
2460542.66508 19.206 0.105 6.71 811.0
2460549.50133 19.413 0.084 5.80 480.0
2460555.62683 19.411 0.067 4.93 382.0
2460558.64332 19.141 0.055 4.79 445.0
2460561.54617 19.278 0.062 4.76 427.0
2460568.61219 19.145 0.111 6.88 859.0
2460569.64689 19.248 0.113 6.59 882.0
2460573.62331 19.297 0.089 5.26 780.0
2460579.53176 19.122 0.089 7.69 454.0
2460582.53868 19.203 0.077 6.08 491.0
2460587.50007 19.152 0.054 4.50 499.0
2460595.49633 19.078 0.103 7.50 815.0
2460596.51380 19.174 0.102 6.35 874.0
2460596.56391 19.350 0.123 5.64 1294.0
2460597.52578 19.303 0.101 5.97 829.0
2460597.57557 19.288 0.102 5.99 891.0
2460598.49826 19.446 0.121 6.16 798.0
2460598.54649 19.310 0.114 6.43 916.0
2460599.50078 19.304 0.071 4.23 760.0
2460599.56125 19.296 0.083 4.91 822.0
2460600.50031 19.278 0.082 5.02 883.0
2460600.54862 19.150 0.082 4.93 1059.0
2460601.51337 19.212 0.100 6.02 875.0
2460601.55957 19.304 0.120 6.41 989.0
2460610.52947 19.382 0.096 5.52 664.0
2460717.89034 19.378 0.128 5.71 1165.0
2460724.88974 19.244 0.107 6.96 727.0
2460726.83811 19.520 0.106 5.94 616.0
2460735.83853 19.205 0.071 6.16 452.0
2460738.83340 19.331 0.079 5.97 442.0
2460741.82655 19.445 0.091 6.16 437.0
2460743.86761 19.206 0.057 4.81 425.0
2460745.90568 19.214 0.064 4.41 768.0
2460748.89973 19.197 0.074 4.94 723.0
2460753.78756 19.257 0.091 6.01 727.0
2460761.76556 19.256 0.071 5.99 420.0
2460763.76120 19.291 0.083 6.25 448.0
2460765.76711 19.195 0.066 5.52 421.0
2460767.77023 19.350 0.065 5.00 418.0
2460769.76455 19.268 0.065 5.11 480.0
2460771.79885 19.325 0.083 6.61 414.0
2460773.74791 19.252 0.075 5.93 509.0
2460775.77990 19.234 0.077 5.76 517.0
2460778.73362 19.126 0.078 5.60 772.0
2460779.90110 19.204 0.070 4.88 663.0
2460786.75885 19.336 0.088 6.38 483.0
2460787.91711 19.170 0.054 4.66 426.0
2460789.71676 19.248 0.061 5.85 375.0
2460790.85518 19.338 0.055 4.45 356.0
2460792.72409 19.331 0.070 5.48 422.0
2460793.84262 19.310 0.053 4.46 374.0
2460795.73538 19.291 0.077 6.62 488.0
2460797.93378 19.299 0.088 5.13 909.0
2460799.73502 19.236 0.060 5.30 374.0
2460800.84683 19.223 0.051 4.51 366.0
2460802.67625 19.228 0.067 5.73 457.0
2460804.76783 19.172 0.092 7.20 566.0
2460806.72342 19.205 0.076 5.70 640.0
2460807.82713 19.166 0.067 4.68 752.0
2460808.72608 19.062 0.068 4.75 917.0
2460814.82111 19.229 0.062 4.60 553.0
2460815.93441 19.252 0.063 4.23 592.0
2460818.88314 19.153 0.065 5.89 445.0
2460820.73169 19.137 0.062 5.72 417.0
2460821.81296 19.180 0.054 4.69 416.0
2460823.78145 19.151 0.067 6.75 371.0
2460824.86600 19.277 0.066 5.11 440.0
2460825.92714 19.144 0.054 4.79 402.0
2460827.89096 19.092 0.050 4.32 469.0
2460830.86327 19.192 0.073 6.18 441.0
2460832.61464 19.097 0.073 6.92 449.0
2460833.80198 19.124 0.065 5.20 569.0
2460835.57854 19.073 0.072 5.55 766.0
2460841.76339 19.152 0.073 5.08 734.0
2460843.71877 19.095 0.059 5.38 495.0
2460844.78976 19.266 0.092 6.92 493.0
2460846.54670 19.008 0.059 5.73 516.0
2460847.54818 19.118 0.064 5.64 471.0
2460848.55739 19.065 0.067 6.18 459.0
2460850.54858 18.938 0.061 6.30 513.0
2460851.55285 18.991 0.054 5.94 384.0
2460853.74507 19.023 0.053 5.35 429.0
2460854.77824 19.035 0.051 5.52 367.0
2460856.51658 19.008 0.061 6.21 463.0
2460857.82580 18.899 0.049 5.73 407.0
2460859.59690 19.009 0.037 4.19 335.0
2460860.60602 19.001 0.042 4.62 400.0
2460861.74167 18.984 0.059 6.14 439.0
2460868.56997 18.814 0.065 6.07 823.0
2460869.65752 18.752 0.055 6.39 563.0
2460870.79510 18.810 0.058 6.83 505.0
2460872.82572 18.832 0.065 6.70 587.0
2460874.53522 18.809 0.038 5.27 385.0
2460875.66277 18.837 0.037 4.49 360.0
2460876.81842 18.721 0.044 5.63 460.0
2460879.52125 18.755 0.037 4.84 394.0
2460880.76660 18.665 0.044 5.91 474.0
2460882.67886 18.724 0.041 5.57 398.0
2460885.77247 18.673 0.039 5.57 386.0
2460895.66888 18.595 0.054 5.67 819.0
2460896.76256 18.699 0.089 7.20 1241.0
2460899.57198 18.753 0.037 4.87 384.0
2460900.74328 18.731 0.040 4.93 517.0
2460903.57870 18.610 0.057 7.56 519.0
2460911.50533 18.835 0.072 7.53 488.0
2460913.56242 18.824 0.045 5.31 398.0
2460915.54704 18.860 0.042 4.93 382.0
2460923.54967 18.905 0.077 5.19 1395.0
2460924.60140 18.909 0.059 5.54 695.0
2460925.48326 18.939 0.066 6.04 709.0
2460925.53099 19.107 0.078 6.33 638.0
2460925.57779 18.869 0.075 6.99 680.0
2460925.62475 18.989 0.080 6.69 757.0
2460926.48416 19.326 0.128 8.10 663.0
2460926.53158 18.866 0.072 6.79 683.0
2460926.57826 18.934 0.079 6.75 745.0
2460926.62947 19.174 0.100 6.59 852.0
2460927.48028 19.029 0.061 5.08 769.0
2460927.52761 19.048 0.048 4.49 559.0
2460927.57471 19.058 0.072 6.28 610.0
2460927.62205 19.012 0.064 5.79 638.0
2460928.48257 19.117 0.061 5.30 552.0
2460928.52978 19.052 0.051 5.17 429.0
2460928.57650 19.014 0.058 5.35 526.0
2460928.62391 19.008 0.066 6.09 578.0
2460929.50806 19.031 0.050 4.86 426.0
2460929.55551 19.037 0.046 4.70 416.0
2460929.60209 18.963 0.049 4.79 499.0
2460930.48486 19.067 0.053 4.90 528.0
2460930.53228 19.040 0.047 4.75 456.0
2460930.57905 19.042 0.053 5.14 496.0
2460930.62631 19.001 0.064 6.13 573.0
2460931.49638 19.010 0.056 5.70 451.0
2460931.54498 19.160 0.070 6.08 430.0
2460931.59960 19.057 0.063 5.91 432.0
2460932.51903 19.098 0.060 5.67 472.0
2460932.56660 19.051 0.061 6.16 443.0
2460932.61340 19.001 0.060 6.37 453.0
2460933.51104 19.115 0.065 6.15 480.0
2460933.55846 19.076 0.063 5.69 524.0
2460933.60558 18.938 0.060 5.67 622.0
2460934.51128 19.063 0.052 4.88 492.0
2460934.55928 19.033 0.052 4.64 523.0
2460934.60722 19.115 0.066 5.91 545.0
2460937.50657 19.124 0.079 6.68 485.0
2460942.61108 19.146 0.066 6.09 410.0
2460944.60310 19.010 0.070 6.64 487.0
2460952.50644 19.222 0.118 7.68 654.0
2460956.52602 19.288 0.107 7.03 678.0
2460961.55585 19.163 0.095 6.75 613.0
2460968.53230 19.587 0.118 6.19 554.0
