2457796.86927 17.302 0.015 5.72 594.0
2457798.87567 17.270 0.014 5.89 484.0
2457800.86697 17.276 0.013 5.47 451.0
2457802.84687 17.280 0.018 7.35 508.0
2457803.88752 17.288 0.019 5.53 1096.0
2457807.86139 17.278 0.012 5.28 335.0
2457809.82435 17.265 0.015 6.61 468.0
2457810.82297 17.297 0.013 5.82 403.0
2457811.84257 17.279 0.013 5.59 368.0
2457812.87380 17.296 0.012 4.85 373.0
2457814.84278 17.289 0.013 6.05 348.0
2457815.87173 17.315 0.013 5.50 342.0
2457816.86155 17.326 0.012 5.12 339.0
2457817.85806 17.278 0.011 4.48 390.0
2457818.84428 17.295 0.011 4.87 371.0
2457819.82403 17.282 0.013 6.11 347.0
2457820.83269 17.293 0.013 5.62 386.0
2457821.83186 17.293 0.015 6.48 387.0
2457822.82729 17.331 0.017 6.27 584.0
2457823.81293 17.309 0.014 5.00 623.0
2457823.90188 17.337 0.012 4.26 447.0
2457824.89789 17.268 0.014 6.03 489.0
2457825.88941 17.282 0.012 4.80 483.0
2457826.84860 17.293 0.015 5.64 553.0
2457827.83577 17.302 0.014 5.41 472.0
2457828.80491 17.309 0.014 5.54 523.0
2457828.89424 17.305 0.013 5.12 431.0
2457830.80203 17.301 0.020 5.07 1712.0
2457830.88116 17.278 0.014 4.77 756.0
2457835.82183 17.299 0.017 7.78 312.0
2457836.90987 17.286 0.015 6.34 353.0
2457838.79581 17.287 0.013 5.47 328.0
2457839.86453 17.286 0.011 4.90 252.0
2457841.74146 17.292 0.015 7.67 296.0
2457842.79334 17.311 0.013 5.87 279.0
2457843.83430 17.290 0.012 5.78 254.0
2457844.87699 17.307 0.013 6.25 275.0
2457846.74001 17.272 0.016 7.81 295.0
2457847.76564 17.307 0.013 5.65 295.0
2457848.79460 17.276 0.011 5.18 264.0
2457849.82308 17.299 0.011 4.58 277.0
2457850.86183 17.300 0.011 5.08 285.0
2457851.89743 17.292 0.012 5.40 279.0
2457854.70207 17.276 0.015 5.80 686.0
2457855.74411 17.312 0.014 5.17 633.0
2457856.76821 17.318 0.020 7.59 528.0
2457858.89153 17.288 0.014 5.45 448.0
2457862.90076 17.306 0.014 5.83 348.0
2457865.70081 17.299 0.011 5.19 300.0
2457866.71202 17.286 0.011 4.83 316.0
2457867.73093 17.295 0.010 4.15 282.0
2457868.81234 17.339 0.015 6.82 317.0
2457869.82754 17.259 0.010 4.36 284.0
2457870.86593 17.300 0.011 4.26 284.0
2457871.89125 17.304 0.011 3.82 309.0
2457872.91393 17.290 0.011 4.50 345.0
2457873.89578 17.297 0.011 4.10 321.0
2457874.86778 17.307 0.012 4.54 379.0
2457876.65415 17.278 0.016 7.31 501.0
2457876.92811 17.305 0.012 4.26 424.0
2457877.89472 17.289 0.012 4.55 407.0
2457878.92924 17.300 0.011 3.74 489.0
2457880.69007 17.307 0.014 6.23 417.0
2457881.78172 17.297 0.018 6.41 613.0
2457882.78078 17.316 0.015 5.75 466.0
2457890.68443 17.269 0.019 7.81 459.0
2457893.68518 17.328 0.014 6.09 340.0
2457893.93595 17.299 0.016 5.94 542.0
2457894.82834 17.306 0.011 4.66 315.0
2457897.64090 17.290 0.015 7.32 376.0
2457901.69655 17.339 0.010 4.82 329.0
2457902.68408 17.306 0.011 4.65 295.0
2457903.77397 17.330 0.017 7.41 294.0
2457904.67792 17.282 0.011 4.83 271.0
2457904.93818 17.289 0.015 5.84 476.0
2457905.80798 17.294 0.011 3.99 328.0
2457906.69832 17.304 0.010 3.80 321.0
2457906.93586 17.296 0.014 4.56 680.0
2457908.56297 17.315 0.020 7.61 659.0
2457908.80525 17.310 0.012 4.44 351.0
2457909.90593 17.293 0.013 4.64 576.0
2457910.71085 17.329 0.012 4.38 395.0
2457911.58987 17.308 0.020 7.32 692.0
2457916.56435 17.297 0.019 6.39 930.0
2457916.77626 17.279 0.013 3.87 836.0
2457917.62057 17.293 0.013 4.80 456.0
2457917.85805 17.311 0.016 5.69 618.0
2457923.58159 17.278 0.014 6.52 379.0
2457923.84264 17.273 0.013 5.03 392.0
2457924.65578 17.272 0.011 4.84 309.0
2457925.57438 17.309 0.015 7.26 333.0
2457925.84055 17.309 0.013 5.24 334.0
2457926.77192 17.273 0.014 6.60 327.0
2457928.56939 17.293 0.015 6.47 417.0
2457929.57749 17.300 0.015 7.53 687.0
2457932.60217 17.254 0.014 6.64 319.0
2457933.73069 17.317 0.013 6.19 242.0
2457934.67929 17.306 0.011 4.59 300.0
2457935.49784 17.287 0.013 5.96 411.0
2457935.75481 17.297 0.011 4.44 254.0
2457936.63225 17.292 0.012 5.62 278.0
2457937.47854 17.274 0.017 7.16 564.0
2457937.72697 17.286 0.013 5.73 297.0
2457938.64871 17.280 0.016 7.19 395.0
2457944.55268 17.276 0.015 5.50 654.0
2457944.66504 17.291 0.014 4.60 510.0
2457944.77595 17.295 0.014 4.50 602.0
2457945.58936 17.286 0.012 4.82 414.0
2457945.82649 17.302 0.015 5.35 596.0
2457946.69378 17.298 0.012 4.90 356.0
2457947.59592 17.291 0.013 5.57 327.0
2457948.50121 17.303 0.012 5.67 306.0
2457948.78522 17.305 0.013 4.81 414.0
2457949.71133 17.267 0.016 6.80 473.0
2457953.48395 17.296 0.016 7.52 396.0
2457953.76098 17.290 0.012 5.18 271.0
2457954.68097 17.280 0.010 4.59 238.0
2457956.50426 17.311 0.014 6.27 392.0
2457956.77967 17.263 0.011 4.82 323.0
2457958.62221 17.272 0.016 7.76 302.0
2457959.51059 17.302 0.012 5.45 315.0
2457959.76035 17.289 0.011 5.16 281.0
2457960.66489 17.281 0.011 5.35 235.0
2457961.64229 17.298 0.011 4.84 292.0
2457962.74502 17.342 0.011 4.73 364.0
2457964.66946 17.266 0.012 4.86 317.0
2457966.52029 17.268 0.018 7.82 396.0
2457966.73924 17.267 0.015 6.94 323.0
2457967.74881 17.281 0.017 7.01 420.0
2457971.57078 17.308 0.015 4.92 638.0
2457971.65944 17.320 0.014 4.39 614.0
2457972.50401 17.261 0.021 7.45 651.0
2457972.59478 17.267 0.016 6.04 571.0
2457972.71263 17.303 0.017 5.18 682.0
2457973.71911 17.268 0.022 7.48 731.0
2457974.69129 17.316 0.014 5.00 477.0
2457979.58946 17.289 0.011 4.10 356.0
2457980.65378 17.298 0.017 6.81 421.0
2457982.51068 17.293 0.012 5.12 331.0
2457983.57490 17.285 0.012 4.81 312.0
2457984.63275 17.295 0.012 5.06 305.0
2457986.55685 17.304 0.011 4.45 287.0
2457987.62630 17.276 0.010 3.88 330.0
2457991.48949 17.283 0.013 5.48 365.0
2457992.55501 17.312 0.012 4.70 329.0
2457993.61746 17.315 0.012 5.12 295.0
2457998.48576 17.294 0.014 4.90 563.0
2458000.51211 17.244 0.016 6.81 477.0
2458000.62313 17.305 0.017 6.11 610.0
2458002.50913 17.330 0.028 6.94 1384.0
2458004.54140 17.292 0.015 6.26 420.0
2458008.52975 17.281 0.013 5.47 336.0
2458012.51943 17.251 0.011 4.33 411.0
2458014.54843 17.297 0.012 4.57 357.0
2458017.47685 17.289 0.023 5.77 1370.0
2458019.55493 17.307 0.012 5.18 334.0
2458026.50298 17.307 0.016 4.25 1153.0
2458029.55683 17.283 0.015 4.96 608.0
2458039.54213 17.289 0.018 7.24 437.0
2458048.50078 17.280 0.012 4.65 422.0
2458054.50661 17.298 0.021 5.95 1043.0
2458156.88597 17.293 0.017 5.02 1096.0
2458161.88029 17.284 0.014 6.26 468.0
2458162.89118 17.269 0.018 5.21 1516.0
2458165.86573 17.273 0.012 5.54 412.0
2458167.84751 17.325 0.014 6.07 397.0
2458168.87943 17.306 0.012 5.47 329.0
2458170.83829 17.283 0.012 5.29 383.0
2458171.86011 17.254 0.012 5.18 376.0
2458172.88144 17.269 0.012 4.59 404.0
2458173.89443 17.302 0.012 4.24 452.0
2458175.83785 17.291 0.012 5.36 378.0
2458176.84383 17.278 0.012 4.93 402.0
2458181.84929 17.319 0.014 5.00 586.0
2458182.90612 17.282 0.014 4.42 721.0
2458184.87336 17.292 0.014 5.00 511.0
2458185.88298 17.272 0.014 5.71 531.0
2458190.80436 17.275 0.010 5.37 258.0
2458192.78085 17.316 0.014 6.25 363.0
2458193.89316 17.276 0.011 5.43 284.0
2458195.82744 17.306 0.012 5.53 317.0
2458196.91447 17.298 0.015 4.46 789.0
2458198.79889 17.319 0.012 5.10 332.0
2458199.86036 17.306 0.011 4.93 306.0
2458201.77518 17.290 0.016 7.52 356.0
2458202.81860 17.311 0.011 4.56 353.0
2458203.86801 17.286 0.010 4.25 295.0
2458205.73729 17.328 0.018 7.64 494.0
2458206.79592 17.310 0.012 5.24 433.0
2458207.83792 17.310 0.014 5.95 430.0
2458208.86433 17.314 0.012 4.08 515.0
2458209.89250 17.337 0.013 5.14 489.0
2458210.90545 17.281 0.012 4.64 500.0
2458212.91360 17.299 0.012 3.90 593.0
2458220.77239 17.284 0.012 5.89 267.0
2458221.81268 17.290 0.011 4.85 268.0
2458222.85066 17.288 0.011 4.82 290.0
2458224.72150 17.285 0.013 5.62 362.0
2458226.79348 17.273 0.016 7.88 312.0
2458227.84832 17.296 0.010 4.22 278.0
2458228.91741 17.303 0.010 3.80 305.0
2458230.69396 17.296 0.013 6.01 357.0
2458232.82358 17.295 0.010 4.15 330.0
2458236.67708 17.285 0.015 5.36 627.0
2458238.80861 17.302 0.012 4.03 608.0
2458244.80059 17.313 0.018 4.91 1231.0
2458245.86233 17.298 0.018 7.13 507.0
2458246.85324 17.284 0.012 4.74 447.0
2458247.76627 17.316 0.011 4.60 336.0
2458249.64083 17.276 0.017 8.07 419.0
2458249.89599 17.273 0.012 4.76 428.0
2458250.84027 17.286 0.011 4.92 301.0
2458251.74331 17.258 0.014 7.05 318.0
2458252.92051 17.335 0.013 5.56 436.0
2458253.86362 17.298 0.012 5.11 345.0
2458254.90628 17.281 0.010 3.47 383.0
2458255.86897 17.292 0.012 4.78 375.0
2458256.78568 17.311 0.013 5.42 342.0
2458257.73841 17.275 0.010 4.72 270.0
2458258.73509 17.302 0.010 4.42 273.0
2458259.71562 17.305 0.011 4.78 371.0
2458260.64906 17.284 0.012 5.29 372.0
2458261.77558 17.288 0.011 4.70 298.0
2458262.76878 17.306 0.012 5.41 304.0
2458263.71293 17.294 0.010 4.24 344.0
2458264.74281 17.289 0.012 4.88 429.0
2458265.65480 17.317 0.015 5.58 540.0
2458266.67538 17.332 0.020 7.31 603.0
2458271.78415 17.316 0.015 5.89 562.0
2458272.73121 17.305 0.013 5.06 409.0
2458273.60073 17.281 0.013 6.02 375.0
2458273.85619 17.292 0.013 5.10 402.0
2458274.71233 17.324 0.016 7.48 345.0
2458275.60811 17.292 0.013 5.83 364.0
2458275.88647 17.292 0.014 5.79 466.0
2458276.75699 17.296 0.012 5.68 313.0
2458277.69153 17.298 0.011 5.06 268.0
2458277.93105 17.306 0.014 5.48 476.0
2458282.57696 17.281 0.012 5.64 341.0
2458282.85942 17.299 0.011 4.15 312.0
2458283.70197 17.278 0.011 5.50 257.0
2458284.54335 17.297 0.015 6.71 428.0
2458284.80382 17.302 0.010 4.23 272.0
2458286.55852 17.284 0.012 6.24 285.0
2458286.84884 17.290 0.010 4.22 283.0
2458287.71606 17.274 0.011 5.11 238.0
2458288.58318 17.283 0.011 5.27 296.0
2458288.87736 17.248 0.015 6.14 461.0
2458289.74748 17.298 0.011 4.49 278.0
2458290.62827 17.284 0.012 5.26 343.0
2458291.56827 17.275 0.013 4.98 667.0
2458291.86764 17.247 0.013 5.21 395.0
2458292.75322 17.299 0.013 5.15 370.0
2458293.67021 17.289 0.013 5.06 393.0
2458294.71051 17.322 0.021 7.75 674.0
2458299.67689 17.289 0.021 6.06 1233.0
2458301.80249 17.275 0.016 6.06 670.0
2458304.57712 17.290 0.016 7.52 363.0
2458305.54925 17.282 0.016 7.14 373.0
2458305.56518 17.274 0.015 7.18 338.0
2458306.58496 17.295 0.016 7.93 323.0
2458306.84010 17.261 0.016 6.96 427.0
2458307.70927 17.289 0.010 4.47 261.0
2458308.57350 17.319 0.012 5.89 243.0
2458308.83817 17.294 0.015 6.18 407.0
2458309.71458 17.296 0.010 3.68 245.0
2458310.56250 17.294 0.012 6.19 313.0
2458310.75624 17.306 0.012 5.61 280.0
2458311.63364 17.289 0.011 5.25 251.0
2458312.51151 17.320 0.014 6.10 347.0
2458312.79340 17.290 0.010 4.27 269.0
2458313.66715 17.282 0.010 4.16 267.0
2458314.54388 17.300 0.012 5.57 315.0
2458314.79851 17.316 0.012 4.82 299.0
2458316.67529 17.285 0.014 6.37 296.0
2458320.64503 17.280 0.011 5.55 322.0
2458328.65753 17.267 0.017 5.95 700.0
2458329.58314 17.303 0.015 6.30 464.0
2458330.51914 17.280 0.012 5.33 419.0
2458331.62862 17.297 0.012 5.48 338.0
2458332.64636 17.265 0.013 5.75 392.0
2458333.65313 17.303 0.011 4.68 284.0
2458334.66965 17.291 0.011 4.75 326.0
2458336.54692 17.299 0.010 4.37 250.0
2458338.56841 17.296 0.012 5.84 298.0
2458339.62382 17.286 0.010 4.25 239.0
2458341.49260 17.305 0.013 5.96 352.0
2458342.56652 17.303 0.013 6.04 309.0
2458344.58173 17.290 0.012 5.31 308.0
2458345.62808 17.283 0.011 4.34 261.0
2458347.47035 17.335 0.021 6.17 1010.0
2458348.54342 17.269 0.014 5.96 386.0
2458355.55584 17.270 0.013 5.06 453.0
2458356.70224 17.306 0.012 3.80 625.0
2458358.62270 17.261 0.012 4.08 446.0
2458359.69431 17.330 0.017 6.18 536.0
2458363.48710 17.271 0.017 7.81 361.0
2458364.63862 17.273 0.010 5.12 301.0
2458367.62232 17.283 0.011 4.55 307.0
2458369.53740 17.303 0.011 4.45 318.0
2458371.49434 17.305 0.011 4.01 349.0
2458373.47602 17.265 0.022 6.14 1099.0
2458375.64038 17.270 0.016 7.21 372.0
2458377.57139 17.253 0.015 6.25 631.0
2458382.54564 17.306 0.012 4.04 520.0
2458383.51887 17.302 0.015 5.40 535.0
2458383.61263 17.278 0.016 5.53 658.0
2458384.56612 17.316 0.013 4.50 545.0
2458384.63229 17.297 0.014 4.56 640.0
2458385.58665 17.279 0.010 3.40 509.0
2458386.51918 17.316 0.014 4.55 564.0
2458390.55780 17.283 0.013 5.30 380.0
2458392.60147 17.268 0.016 7.37 358.0
2458393.55285 17.275 0.013 5.77 332.0
2458394.52000 17.307 0.015 6.15 362.0
2458397.56857 17.289 0.014 6.37 308.0
2458399.52131 17.304 0.015 6.45 345.0
2458401.58379 17.316 0.013 5.04 415.0
2458409.52703 17.310 0.020 8.48 605.0
2458410.56483 17.306 0.015 5.54 614.0
2458412.55956 17.313 0.017 5.47 621.0
2458414.54550 17.303 0.018 5.93 680.0
2458416.54175 17.280 0.020 6.68 778.0
2458419.52826 17.318 0.015 5.38 488.0
2458424.52672 17.279 0.016 5.65 545.0
2458529.85857 17.279 0.013 5.90 381.0
2458531.88756 17.284 0.016 6.40 550.0
2458534.84135 17.298 0.014 5.11 662.0
2458537.85415 17.266 0.014 6.89 428.0
2458539.86706 17.297 0.012 5.21 430.0
2458544.87621 17.298 0.011 5.87 288.0
2458546.89471 17.323 0.011 5.14 319.0
2458548.82148 17.300 0.011 4.85 399.0
2458549.81851 17.308 0.013 6.34 327.0
2458550.84343 17.305 0.010 4.28 292.0
2458551.85506 17.309 0.012 5.65 291.0
2458552.88708 17.287 0.014 7.40 290.0
2458553.89263 17.329 0.015 7.61 328.0
2458554.86702 17.304 0.011 5.29 309.0
2458555.82975 17.310 0.011 5.77 313.0
2458556.90858 17.305 0.014 4.94 619.0
2458557.88248 17.274 0.012 6.02 308.0
2458558.83702 17.287 0.011 5.22 319.0
2458559.79238 17.326 0.013 5.93 334.0
2458559.88391 17.295 0.010 4.60 294.0
2458560.85453 17.283 0.010 4.25 306.0
2458561.80995 17.286 0.012 5.02 458.0
2458562.76965 17.317 0.018 6.78 625.0
2458562.86772 17.286 0.014 5.73 516.0
2458563.83162 17.307 0.012 4.23 584.0
2458564.76649 17.305 0.014 5.33 584.0
2458564.88361 17.317 0.012 4.47 495.0
2458565.84247 17.310 0.013 5.28 517.0
2458566.81378 17.314 0.012 4.47 510.0
2458566.90591 17.279 0.012 5.23 457.0
2458567.84005 17.303 0.012 4.78 505.0
2458573.87722 17.294 0.014 6.71 332.0
2458574.84088 17.306 0.014 6.90 288.0
2458575.74548 17.290 0.013 6.70 310.0
2458575.83525 17.293 0.013 6.72 286.0
2458576.77541 17.320 0.014 7.40 299.0
2458576.86096 17.304 0.013 6.89 274.0
2458577.80268 17.291 0.017 7.80 375.0
2458577.92073 17.276 0.017 6.84 606.0
2458578.80423 17.288 0.011 5.20 346.0
2458578.91568 17.306 0.014 6.69 344.0
2458579.79316 17.289 0.015 6.98 392.0
2458579.89560 17.282 0.013 5.41 415.0
2458580.77876 17.316 0.012 5.95 339.0
2458580.87503 17.303 0.012 6.03 341.0
2458581.81065 17.281 0.011 5.36 301.0
2458582.76693 17.276 0.012 6.24 303.0
2458583.73286 17.300 0.013 6.70 331.0
2458584.71739 17.283 0.012 6.04 352.0
2458585.70486 17.283 0.013 6.88 342.0
2458585.90375 17.286 0.010 3.98 328.0
2458586.84693 17.272 0.010 4.74 268.0
2458587.78603 17.293 0.013 6.52 314.0
2458588.74182 17.305 0.012 6.12 363.0
2458589.71256 17.313 0.013 5.89 499.0
2458590.69524 17.291 0.014 5.92 599.0
2458590.90014 17.286 0.010 3.85 354.0
2458591.86520 17.268 0.011 4.23 428.0
2458592.88420 17.273 0.017 5.47 858.0
2458593.90813 17.308 0.013 4.78 567.0
2458594.82611 17.298 0.012 4.17 523.0
2458595.73751 17.307 0.018 6.19 675.0
2458599.74786 17.267 0.014 6.83 383.0
2458599.87773 17.307 0.010 4.00 351.0
2458600.69241 17.316 0.012 5.67 323.0
2458601.66323 17.311 0.011 5.29 335.0
2458601.91670 17.313 0.010 3.47 425.0
2458602.82432 17.281 0.011 4.74 318.0
2458603.75179 17.312 0.010 4.85 263.0
2458604.73801 17.293 0.013 6.35 296.0
2458605.66299 17.290 0.014 7.48 343.0
2458605.91432 17.311 0.011 4.46 340.0
2458606.83971 17.299 0.010 3.74 312.0
2458607.75571 17.297 0.010 4.78 297.0
2458608.66913 17.263 0.013 5.77 498.0
2458609.65822 17.307 0.013 6.14 388.0
2458612.87970 17.280 0.013 5.85 365.0
2458613.74728 17.303 0.012 5.43 321.0
2458614.66227 17.289 0.015 6.30 432.0
2458614.90926 17.282 0.013 5.05 458.0
2458615.82295 17.312 0.011 4.44 293.0
2458616.72244 17.296 0.010 4.46 346.0
2458617.65667 17.289 0.013 5.94 408.0
2458617.92100 17.261 0.011 3.80 461.0
2458618.79087 17.311 0.013 5.07 464.0
2458619.67807 17.313 0.014 6.21 425.0
2458620.63367 17.259 0.017 7.25 515.0
2458620.87771 17.287 0.012 4.91 456.0
2458621.84510 17.327 0.015 4.58 682.0
2458626.67147 17.317 0.019 7.83 536.0
2458626.76589 17.312 0.014 4.50 557.0
2458626.87426 17.311 0.014 4.68 599.0
2458627.77499 17.308 0.011 4.54 456.0
2458635.80750 17.300 0.012 5.16 333.0
2458636.61640 17.321 0.014 6.89 330.0
2458636.87097 17.308 0.010 4.24 333.0
2458637.67917 17.296 0.010 4.96 277.0
2458637.92254 17.304 0.012 5.11 422.0
2458638.86647 17.306 0.012 4.81 387.0
2458639.81623 17.288 0.010 3.79 344.0
2458640.69961 17.303 0.011 4.79 311.0
2458641.59419 17.276 0.013 6.59 409.0
2458642.65185 17.281 0.012 5.67 344.0
2458643.59076 17.287 0.011 5.48 351.0
2458643.85655 17.310 0.014 6.17 350.0
2458644.68116 17.301 0.010 4.48 271.0
2458646.57705 17.317 0.016 7.19 393.0
2458646.77146 17.306 0.012 5.22 316.0
2458647.65578 17.297 0.015 6.32 415.0
2458648.61276 17.288 0.014 6.15 538.0
2458648.84519 17.317 0.013 4.97 485.0
2458655.83374 17.287 0.015 5.57 669.0
2458656.79171 17.304 0.011 4.70 358.0
2458657.64746 17.304 0.011 4.70 297.0
2458658.53502 17.294 0.013 6.70 284.0
2458660.55623 17.277 0.013 6.36 307.0
2458660.82928 17.287 0.013 5.48 430.0
2458661.68224 17.317 0.012 6.08 279.0
2458662.77925 17.283 0.015 7.28 355.0
2458664.67128 17.292 0.009 4.03 219.0
2458665.60535 17.312 0.010 5.18 359.0
2458666.65559 17.294 0.012 6.00 274.0
2458667.54210 17.296 0.016 6.97 458.0
2458667.78251 17.311 0.011 5.00 296.0
2458668.62470 17.292 0.013 6.63 247.0
2458669.48785 17.256 0.020 8.68 450.0
2458669.68473 17.290 0.012 5.68 315.0
2458670.50700 17.290 0.012 6.48 358.0
2458670.74792 17.278 0.009 3.85 239.0
2458673.60254 17.311 0.011 4.28 346.0
2458674.58927 17.286 0.013 6.11 298.0
2458674.81970 17.292 0.014 6.28 415.0
2458675.65957 17.300 0.012 4.91 365.0
2458676.52365 17.297 0.013 5.44 458.0
2458676.77277 17.300 0.012 4.64 476.0
2458676.84423 17.289 0.016 7.28 432.0
2458677.60342 17.273 0.015 5.77 588.0
2458681.53219 17.248 0.020 6.57 940.0
2458681.76127 17.303 0.019 6.24 876.0
2458682.49816 17.310 0.016 6.77 634.0
2458682.78642 17.261 0.016 6.04 640.0
2458683.53434 17.303 0.017 7.19 441.0
2458683.79656 17.294 0.013 5.16 481.0
2458684.53826 17.308 0.013 5.85 355.0
2458685.54946 17.320 0.013 5.78 356.0
2458688.58287 17.301 0.015 7.16 310.0
2458689.51020 17.280 0.018 8.19 358.0
2458689.70590 17.273 0.011 5.66 251.0
2458690.49719 17.246 0.014 6.35 371.0
2458690.73096 17.315 0.011 4.81 272.0
2458691.52406 17.306 0.010 4.50 272.0
2458691.78645 17.317 0.013 5.89 346.0
2458692.53047 17.278 0.012 5.82 458.0
2458692.77754 17.300 0.016 7.18 380.0
2458693.52836 17.332 0.014 6.81 286.0
2458694.50137 17.264 0.012 5.58 330.0
2458694.65838 17.298 0.010 4.19 245.0
2458695.49976 17.261 0.011 5.28 315.0
2458695.78560 17.314 0.012 5.42 320.0
2458697.76645 17.339 0.015 7.44 260.0
2458698.53336 17.262 0.011 5.16 271.0
2458699.68113 17.303 0.010 4.13 270.0
2458700.59155 17.286 0.011 4.74 291.0
2458701.73447 17.290 0.012 5.82 350.0
2458702.64836 17.291 0.011 4.84 283.0
2458704.55537 17.303 0.016 6.56 482.0
2458711.61069 17.293 0.014 5.18 523.0
2458711.73746 17.292 0.020 6.60 940.0
2458712.66527 17.282 0.015 6.74 443.0
2458713.69538 17.276 0.013 5.31 397.0
2458715.72609 17.275 0.014 6.31 435.0
2458716.69064 17.305 0.011 5.63 322.0
2458717.70838 17.261 0.016 7.72 363.0
2458718.72332 17.291 0.013 6.06 439.0
2458719.65036 17.280 0.013 6.51 303.0
2458722.70497 17.288 0.012 6.67 249.0
2458723.69116 17.318 0.011 5.39 308.0
2458724.68539 17.289 0.013 6.18 368.0
2458725.69003 17.293 0.012 6.45 283.0
2458726.67684 17.295 0.011 4.69 270.0
2458727.67387 17.337 0.014 6.39 350.0
2458728.67869 17.282 0.011 5.02 305.0
2458729.68521 17.308 0.013 6.36 309.0
2458730.66394 17.287 0.013 6.28 282.0
2458736.62162 17.284 0.015 5.63 573.0
2458737.65430 17.293 0.018 6.99 629.0
2458738.64121 17.293 0.019 6.91 674.0
2458739.63716 17.242 0.016 6.22 574.0
2458740.59746 17.308 0.019 7.22 521.0
2458741.64794 17.325 0.015 6.13 516.0
2458742.64361 17.314 0.016 6.38 502.0
2458747.59137 17.306 0.014 6.96 273.0
2458752.59353 17.287 0.013 6.32 341.0
2458755.59956 17.291 0.011 5.03 336.0
2458900.84071 17.297 0.013 6.43 339.0
2458901.83413 17.286 0.012 6.02 315.0
2458902.83090 17.283 0.012 6.06 319.0
2458903.83105 17.312 0.016 7.56 379.0
2458903.89978 17.307 0.017 5.03 990.0
2458904.89013 17.326 0.011 5.20 295.0
2458905.88237 17.318 0.012 5.41 288.0
2458906.89662 17.323 0.016 5.91 612.0
2458907.89292 17.303 0.011 4.95 384.0
2458908.89527 17.297 0.013 6.04 417.0
2458911.84633 17.320 0.012 6.05 312.0
2458913.79730 17.333 0.016 7.38 387.0
2458914.89506 17.299 0.011 5.04 345.0
2458916.86949 17.288 0.012 5.06 407.0
2458918.82480 17.312 0.015 5.69 632.0
2458919.87445 17.322 0.013 5.31 465.0
2458921.78704 17.303 0.015 6.20 602.0
2458923.80061 17.308 0.020 5.39 1400.0
2458923.87040 17.286 0.019 4.92 1640.0
2459795.70489 17.290 0.013 6.18 322.0
2459796.64628 17.286 0.011 5.50 309.0
2459797.69416 17.275 0.013 5.49 385.0
2459804.49879 17.313 0.013 4.81 497.0
2459804.66945 17.305 0.016 6.00 567.0
2459805.63569 17.293 0.012 4.90 429.0
2459806.64102 17.282 0.015 6.50 394.0
2459807.59619 17.289 0.011 5.47 283.0
2459808.58303 17.298 0.012 5.93 265.0
2459809.62884 17.279 0.012 6.03 262.0
2459810.71876 17.277 0.010 4.80 272.0
2459812.49452 17.328 0.016 7.46 298.0
2459813.67758 17.315 0.013 5.95 266.0
2459814.67259 17.334 0.016 7.38 325.0
2459815.69883 17.302 0.011 5.06 318.0
2459817.48840 17.314 0.012 5.30 334.0
2459818.54205 17.316 0.016 7.19 369.0
2459819.67512 17.308 0.010 4.15 399.0
2459821.53658 17.320 0.012 5.83 277.0
2459823.56254 17.259 0.014 6.87 370.0
2459824.67412 17.300 0.012 5.65 340.0
2459830.66718 17.273 0.020 7.25 872.0
2459832.52882 17.325 0.018 6.95 593.0
2459834.60943 17.308 0.014 5.44 552.0
2459836.49465 17.303 0.018 7.93 454.0
2459838.61813 17.270 0.012 5.47 399.0
2459841.52552 17.331 0.013 5.91 371.0
2459843.61372 17.316 0.015 6.57 375.0
2459845.54357 17.304 0.012 6.03 313.0
2459848.55745 17.311 0.013 5.78 417.0
2459851.56033 17.279 0.015 7.35 389.0
2459852.61897 17.289 0.012 5.28 413.0
2459859.58942 17.300 0.013 5.00 706.0
2459863.52561 17.311 0.015 5.56 559.0
2459867.50473 17.306 0.015 5.67 576.0
2459993.85682 17.312 0.013 6.08 410.0
2459997.83983 17.262 0.013 6.28 437.0
2460001.85085 17.292 0.011 4.99 417.0
2460005.85024 17.317 0.011 5.05 430.0
2460009.82948 17.318 0.014 5.56 607.0
2460013.88132 17.333 0.010 4.25 416.0
2460016.81335 17.317 0.014 5.29 650.0
2460022.79177 17.328 0.012 5.98 311.0
2460025.76609 17.315 0.013 6.61 321.0
2460027.87691 17.322 0.011 5.48 326.0
2460030.77408 17.288 0.011 5.81 294.0
2460032.83170 17.276 0.010 5.18 274.0
2460034.87690 17.325 0.010 4.85 289.0
2460037.83345 17.311 0.011 5.14 342.0
2460040.73885 17.310 0.014 5.38 726.0
2460042.74474 17.344 0.014 5.78 596.0
2460043.90678 17.329 0.012 4.43 584.0
2460049.88089 17.311 0.010 4.48 311.0
2460052.84182 17.290 0.011 5.29 334.0
2460056.73374 17.311 0.013 6.39 339.0
2460058.81207 17.309 0.011 5.22 329.0
2460060.80341 17.319 0.011 4.89 358.0
2460062.85433 17.295 0.010 4.77 328.0
2460066.71799 17.291 0.011 5.05 394.0
2460068.67289 17.274 0.016 6.43 636.0
2460069.91115 17.312 0.014 4.55 754.0
2460075.92190 17.293 0.013 4.47 754.0
2460085.67037 17.311 0.017 7.46 325.0
2460089.63577 17.306 0.014 5.71 461.0
2460091.64296 17.289 0.014 5.34 496.0
2460094.62172 17.267 0.014 5.46 561.0
2460096.59291 17.310 0.015 5.60 575.0
2460097.78134 17.308 0.015 5.27 622.0
2460098.82167 17.325 0.026 6.79 1349.0
2460105.56777 17.265 0.014 6.20 364.0
2460106.81958 17.293 0.014 6.47 332.0
2460108.68894 17.310 0.012 5.59 303.0
2460110.53467 17.301 0.016 6.34 508.0
2460111.75777 17.311 0.013 5.27 316.0
2460112.85749 17.320 0.013 4.88 414.0
2460114.78537 17.290 0.016 6.69 429.0
2460118.85849 17.256 0.013 5.75 427.0
2460120.73497 17.303 0.013 6.51 289.0
2460122.67390 17.302 0.013 5.30 320.0
2460124.51881 17.303 0.017 5.93 612.0
2460125.69951 17.284 0.014 5.07 556.0
2460130.63662 17.309 0.016 5.67 694.0
2460132.60662 17.316 0.015 5.98 553.0
2460134.68749 17.299 0.011 5.24 352.0
2460140.50901 17.302 0.015 6.41 332.0
2460141.79824 17.315 0.014 6.30 393.0
2460143.82887 17.302 0.014 6.07 379.0
2460149.69264 17.305 0.012 5.37 303.0
2460153.51731 17.300 0.016 6.20 529.0
2460153.78031 17.302 0.019 5.57 1244.0
2460157.77702 17.285 0.017 4.70 1283.0
2460159.73896 17.302 0.014 5.25 569.0
2460160.76273 17.331 0.017 6.13 612.0
2460168.49583 17.278 0.013 5.88 320.0
2460170.50372 17.270 0.011 5.27 288.0
2460172.55739 17.317 0.014 6.10 305.0
2460175.63081 17.285 0.012 5.55 391.0
2460180.50545 17.263 0.014 5.74 421.0
2460186.54788 17.298 0.014 4.82 644.0
2460191.65006 17.269 0.019 7.68 513.0
2460204.62873 17.258 0.014 6.02 401.0
2460213.59634 17.317 0.019 6.95 623.0
2460218.60286 17.340 0.020 7.31 641.0
2460225.59103 17.284 0.017 7.34 492.0
2460229.56218 17.312 0.018 6.94 504.0
2460243.52857 17.310 0.018 6.23 695.0
2460255.50848 17.267 0.022 6.95 912.0
2460357.88586 17.264 0.014 5.59 568.0
2460368.86278 17.302 0.013 4.98 477.0
2460376.86943 17.299 0.015 6.07 487.0
2460379.85165 17.297 0.012 4.82 363.0
2460382.88732 17.296 0.012 5.39 369.0
2460385.82375 17.288 0.012 5.11 350.0
2460388.81693 17.299 0.014 6.14 368.0
2460391.84713 17.314 0.012 4.90 398.0
2460393.91267 17.323 0.014 4.94 680.0
2460396.76510 17.309 0.016 5.56 660.0
2460398.84087 17.294 0.012 4.60 545.0
2460404.79943 17.288 0.012 5.32 341.0
2460407.78171 17.310 0.012 5.09 322.0
2460411.74063 17.303 0.013 5.47 372.0
2460418.72372 17.297 0.013 5.57 409.0
2460423.71797 17.284 0.017 6.60 584.0
2460425.75126 17.310 0.016 5.80 582.0
2460432.92656 17.303 0.014 5.11 533.0
2460435.77854 17.295 0.013 5.92 330.0
2460437.78585 17.301 0.015 6.92 336.0
2460442.80175 17.290 0.017 7.75 381.0
2460449.65140 17.300 0.015 6.67 400.0
2460458.63537 17.302 0.014 5.80 526.0
2460460.63242 17.312 0.013 5.65 386.0
2460463.60925 17.304 0.012 5.94 296.0
2460464.89576 17.314 0.014 5.36 475.0
2460467.88712 17.288 0.014 5.67 616.0
2460473.66089 17.305 0.013 5.56 356.0
2460477.64580 17.330 0.013 5.23 471.0
2460479.64643 17.295 0.018 7.32 460.0
2460485.84818 17.306 0.018 6.25 773.0
2460488.60051 17.303 0.012 5.79 325.0
2460491.53331 17.323 0.012 5.24 308.0
2460492.83736 17.305 0.013 5.41 418.0
2460494.76082 17.325 0.012 5.57 304.0
2460496.66464 17.249 0.015 6.64 460.0
2460498.49284 17.320 0.013 5.48 400.0
2460499.83428 17.302 0.012 5.33 306.0
2460501.81051 17.333 0.015 6.13 398.0
2460504.51672 17.277 0.016 7.15 363.0
2460505.76781 17.319 0.013 5.89 307.0
2460513.58574 17.302 0.018 6.01 814.0
2460516.62607 17.329 0.015 6.63 339.0
2460518.62693 17.300 0.013 5.92 345.0
2460521.53660 17.293 0.011 5.17 304.0
2460530.61551 17.281 0.015 6.93 317.0
2460533.70067 17.309 0.013 6.23 268.0
2460542.59444 17.293 0.017 6.03 680.0
2460545.67731 17.303 0.017 7.38 405.0
2460550.64506 17.311 0.017 7.71 352.0
2460556.61756 17.311 0.017 7.52 389.0
2460560.49554 17.291 0.012 5.22 385.0
2460562.57633 17.298 0.015 6.16 459.0
2460569.55574 17.313 0.017 6.29 593.0
2460573.48369 17.301 0.015 5.83 531.0
2460576.56283 17.286 0.016 6.98 376.0
2460581.56083 17.314 0.013 5.90 374.0
2460586.49169 17.299 0.018 7.25 441.0
2460596.53091 17.325 0.017 5.73 769.0
2460597.54162 17.318 0.015 5.71 677.0
2460598.51430 17.290 0.017 6.34 659.0
2460599.51742 17.267 0.013 4.82 631.0
2460600.51592 17.303 0.015 5.31 780.0
2460601.52883 17.322 0.016 5.71 761.0
2460609.53795 17.288 0.015 5.94 575.0
2460617.52338 17.313 0.017 6.38 550.0
2460721.88037 17.019 0.012 5.93 559.0
2460726.85102 17.035 0.011 5.84 484.0
2460735.85603 17.050 0.010 5.51 358.0
2460738.84404 17.067 0.011 6.08 367.0
2460741.84708 17.048 0.011 6.00 326.0
2460743.89631 17.061 0.010 5.06 360.0
2460746.90113 17.092 0.010 5.46 379.0
2460749.80922 17.096 0.012 5.21 621.0
2460751.83484 17.070 0.011 5.07 490.0
2460753.80754 17.117 0.012 4.80 603.0
2460761.77763 17.174 0.013 6.58 354.0
2460763.78473 17.197 0.013 6.17 374.0
2460765.77869 17.174 0.011 5.32 325.0
2460767.78389 17.184 0.011 5.14 338.0
2460769.77394 17.197 0.011 5.07 406.0
2460771.81820 17.204 0.012 6.01 320.0
2460773.77542 17.203 0.011 5.14 395.0
2460775.81644 17.208 0.014 6.57 419.0
2460778.74286 17.229 0.016 6.20 682.0
2460780.75167 17.249 0.016 6.37 635.0
2460786.83683 17.242 0.014 6.14 436.0
2460788.73516 17.296 0.012 5.73 326.0
2460789.88162 17.259 0.011 4.51 332.0
2460791.70858 17.291 0.011 5.18 332.0
2460792.87726 17.240 0.011 5.00 353.0
2460794.70578 17.290 0.012 5.76 303.0
2460795.90592 17.249 0.013 6.45 345.0
2460798.76133 17.285 0.011 5.49 301.0
2460799.88493 17.260 0.012 5.04 418.0
2460801.68727 17.274 0.015 6.87 374.0
2460805.69724 17.279 0.013 5.71 493.0
2460806.80320 17.265 0.014 5.68 502.0
2460807.90435 17.256 0.013 4.60 700.0
2460808.91025 17.265 0.015 4.54 990.0
2460815.66380 17.278 0.010 4.58 288.0
2460816.82849 17.267 0.011 4.49 344.0
2460818.67725 17.291 0.011 5.20 274.0
2460819.74602 17.273 0.011 5.56 309.0
2460820.87056 17.298 0.013 5.52 468.0
2460821.91209 17.287 0.013 5.45 460.0
2460823.85098 17.261 0.013 6.34 345.0
2460824.90674 17.295 0.013 5.47 388.0
2460826.71409 17.282 0.010 4.51 334.0
2460828.61001 17.307 0.012 5.16 376.0
2460830.87610 17.261 0.013 5.90 363.0
2460832.62536 17.288 0.015 7.00 368.0
2460833.82608 17.275 0.014 5.42 505.0
2460835.59547 17.265 0.014 5.33 639.0
2460841.77571 17.319 0.014 4.90 600.0
2460843.76077 17.302 0.013 5.55 417.0
2460844.83523 17.295 0.016 6.77 474.0
2460846.64793 17.306 0.012 5.66 355.0
2460847.65080 17.324 0.015 6.78 356.0
2460848.66969 17.280 0.012 5.58 330.0
2460850.56016 17.278 0.015 6.52 424.0
2460851.56359 17.303 0.013 6.14 279.0
2460853.76849 17.152 0.011 5.61 330.0
2460854.78927 17.312 0.013 6.10 312.0
2460856.52888 17.309 0.015 7.24 365.0
2460857.83840 17.331 0.012 5.19 355.0
2460859.64319 17.316 0.011 4.82 305.0
2460860.65644 17.307 0.010 4.67 303.0
2460861.78713 17.300 0.014 6.22 389.0
2460868.58076 17.313 0.018 6.12 741.0
2460869.66557 17.293 0.016 6.73 474.0
2460870.82416 17.329 0.017 7.22 491.0
2460872.83179 17.260 0.016 6.99 476.0
2460874.60355 17.327 0.011 5.02 297.0
2460875.70756 17.309 0.011 5.28 298.0
2460877.55098 17.289 0.012 5.59 333.0
2460879.59132 17.318 0.011 5.49 254.0
2460880.80617 17.272 0.016 7.06 485.0
2460882.78816 17.322 0.015 6.79 442.0
2460886.61607 17.300 0.011 4.93 323.0
2460895.75226 17.258 0.025 7.69 1014.0
2460897.61301 17.313 0.016 5.44 720.0
2460898.75935 17.287 0.015 5.73 543.0
2460900.61723 17.303 0.012 5.41 340.0
2460902.63090 17.301 0.016 7.61 318.0
2460907.59258 17.306 0.014 6.09 383.0
2460912.71916 17.309 0.014 6.04 425.0
2460914.67292 17.295 0.011 5.22 278.0
2460923.60879 17.323 0.017 6.23 675.0
2460924.61659 17.301 0.015 5.96 629.0
2460925.49873 17.284 0.015 6.11 554.0
2460926.49945 17.313 0.020 7.55 568.0
2460927.49554 17.338 0.014 5.48 489.0
2460928.49772 17.291 0.012 5.75 342.0
2460929.52330 17.289 0.011 5.13 347.0
2460930.50018 17.300 0.011 5.03 370.0
2460931.51164 17.302 0.012 5.86 342.0
2460932.53412 17.290 0.013 5.87 374.0
2460933.52621 17.297 0.013 6.06 392.0
2460934.52662 17.299 0.011 4.67 410.0
2460936.60564 17.312 0.013 6.29 325.0
2460941.59603 17.297 0.013 6.61 394.0
2460944.49353 17.297 0.014 6.33 379.0
2460951.53607 17.309 0.015 6.57 545.0
2460955.53376 17.331 0.022 7.92 694.0
2460958.59044 17.337 0.018 6.55 579.0
2460968.50845 17.276 0.014 6.18 445.0
