2457792.87182 20.309 0.252 6.80 713.0
2457793.86852 20.701 0.276 5.35 631.0
2457794.87346 20.269 0.281 6.45 903.0
2457798.85787 20.461 0.244 5.57 610.0
2457807.82387 20.699 0.289 6.35 438.0
2457807.87045 20.820 0.260 5.03 408.0
2457808.87588 20.849 0.240 4.61 401.0
2457809.87067 20.334 0.209 6.01 437.0
2457810.81978 20.218 0.172 5.50 493.0
2457810.86561 20.317 0.155 4.80 421.0
2457811.83628 20.168 0.166 5.69 438.0
2457811.88152 20.421 0.197 5.28 380.0
2457812.85248 20.259 0.153 4.86 454.0
2457812.89728 20.440 0.157 3.81 495.0
2457813.84187 20.080 0.178 5.93 549.0
2457814.85182 20.235 0.167 5.64 420.0
2457814.89943 20.570 0.204 4.11 650.0
2457815.86546 20.493 0.195 5.02 428.0
2457816.81008 20.151 0.191 6.56 464.0
2457816.85530 20.813 0.290 5.75 431.0
2457817.80647 20.561 0.237 5.36 536.0
2457817.85177 20.424 0.163 4.38 493.0
2457817.89696 20.665 0.196 4.09 533.0
2457818.83797 20.243 0.159 5.02 472.0
2457818.88308 20.295 0.137 4.56 409.0
2457819.81776 20.773 0.282 5.80 433.0
2457819.86955 20.954 0.260 4.52 406.0
2457820.82644 20.668 0.258 5.39 491.0
2457820.87225 20.789 0.239 4.75 457.0
2457821.85516 20.388 0.205 5.18 474.0
2457823.86745 20.517 0.222 4.72 599.0
2457825.81064 20.615 0.262 5.04 728.0
2457825.89983 20.448 0.205 4.48 629.0
2457826.81368 20.406 0.246 5.58 697.0
2457826.90369 20.772 0.299 4.79 666.0
2457827.83261 20.498 0.222 4.90 566.0
2457827.87693 20.855 0.256 4.26 510.0
2457828.84631 20.562 0.218 4.61 556.0
2457828.89107 20.599 0.235 5.03 527.0
2457830.79704 20.148 0.233 4.89 1405.0
2457830.83806 20.433 0.206 4.86 632.0
2457830.87642 20.601 0.211 4.46 568.0
2457830.91599 20.278 0.294 4.44 2042.0
2457834.91344 20.155 0.176 5.37 596.0
2457835.91178 20.648 0.274 5.48 554.0
2457836.85072 20.697 0.217 5.24 345.0
2457837.76935 20.448 0.240 6.96 359.0
2457837.81570 20.571 0.209 5.75 329.0
2457837.86221 21.052 0.296 5.02 348.0
2457838.78453 20.585 0.246 5.79 424.0
2457838.84007 20.970 0.258 4.55 400.0
2457838.88739 20.719 0.227 5.01 389.0
2457839.75746 20.573 0.171 4.78 335.0
2457839.81683 20.668 0.164 4.09 323.0
2457839.86599 20.760 0.175 3.88 312.0
2457839.91668 20.681 0.231 3.61 732.0
2457840.77476 20.714 0.298 6.55 365.0
2457840.83189 20.939 0.292 5.29 366.0
2457840.87748 20.792 0.246 5.12 370.0
2457842.74996 20.733 0.298 6.57 364.0
2457842.84274 20.581 0.214 5.45 363.0
2457842.89031 20.928 0.259 4.86 353.0
2457843.76506 20.370 0.172 5.69 341.0
2457843.82042 20.473 0.194 5.66 328.0
2457843.86731 20.581 0.178 4.90 295.0
2457843.91328 20.895 0.258 5.16 324.0
2457844.76160 20.899 0.271 5.49 342.0
2457845.75487 20.542 0.251 6.44 378.0
2457845.81018 20.981 0.284 5.12 360.0
2457845.85688 20.609 0.183 4.76 330.0
2457845.90301 20.534 0.160 4.62 323.0
2457846.75657 20.866 0.267 5.45 338.0
2457846.84818 21.057 0.299 5.10 352.0
2457846.89433 20.657 0.189 4.69 333.0
2457847.78229 20.665 0.224 5.11 355.0
2457848.71975 20.506 0.271 6.49 485.0
2457848.76522 20.203 0.168 5.97 365.0
2457848.81110 20.651 0.188 4.95 334.0
2457848.86788 20.893 0.211 4.42 311.0
2457848.91671 20.447 0.156 4.53 353.0
2457849.74757 20.766 0.255 5.13 464.0
2457849.79390 20.714 0.180 4.15 346.0
2457849.84960 20.504 0.136 3.76 338.0
2457849.89823 20.638 0.136 3.61 325.0
2457850.87951 20.819 0.240 5.12 358.0
2457851.70751 20.136 0.247 6.99 704.0
2457851.76225 20.221 0.201 5.98 550.0
2457851.85542 20.813 0.244 4.84 412.0
2457851.91563 20.841 0.255 4.98 405.0
2457852.83657 20.704 0.291 6.10 418.0
2457852.88524 20.254 0.191 6.28 385.0
2457854.81772 20.512 0.189 4.11 546.0
2457854.86663 20.481 0.215 5.03 518.0
2457854.91514 20.700 0.214 3.79 541.0
2457855.76091 20.202 0.166 4.64 694.0
2457855.80798 20.526 0.213 4.36 631.0
2457855.85637 20.862 0.264 4.12 594.0
2457855.91482 20.673 0.250 4.42 606.0
2457856.73915 20.145 0.248 6.76 670.0
2457857.90440 20.682 0.289 5.11 621.0
2457858.79892 20.693 0.245 4.86 573.0
2457858.83428 20.442 0.227 5.20 634.0
2457858.87553 20.558 0.237 5.18 564.0
2457858.92264 20.504 0.211 4.74 599.0
2457862.71802 20.462 0.226 5.91 461.0
2457862.81202 20.421 0.223 5.80 436.0
2457862.92055 20.811 0.249 4.45 432.0
2457863.86142 20.749 0.216 4.58 414.0
2457863.92175 20.626 0.190 4.05 463.0
2457864.74825 20.527 0.146 4.20 345.0
2457864.83179 21.167 0.281 4.37 360.0
2457864.88321 20.730 0.179 3.75 395.0
2457865.67467 20.494 0.188 5.17 406.0
2457865.72034 20.658 0.193 4.61 377.0
2457865.76630 20.992 0.269 4.68 367.0
2457866.73209 20.823 0.217 4.46 373.0
2457866.77848 20.623 0.173 4.10 364.0
2457866.89607 20.720 0.168 3.41 398.0
2457867.70431 20.403 0.162 4.82 383.0
2457867.75112 20.899 0.189 3.87 343.0
2457867.80702 20.730 0.162 3.65 338.0
2457867.86646 20.574 0.184 4.50 355.0
2457867.91372 20.814 0.210 4.25 371.0
2457868.77665 20.511 0.241 6.08 377.0
2457868.90040 20.303 0.252 6.64 422.0
2457869.69699 20.807 0.273 5.92 363.0
2457869.74473 20.570 0.176 4.54 365.0
2457869.79092 20.645 0.176 4.39 351.0
2457869.85897 20.840 0.200 3.79 372.0
2457869.90743 20.810 0.213 3.87 419.0
2457870.72425 20.231 0.121 4.54 331.0
2457870.77163 20.560 0.139 3.82 327.0
2457870.83828 20.776 0.215 4.74 335.0
2457870.88706 20.660 0.176 3.79 359.0
2457871.70485 20.445 0.153 4.59 383.0
2457871.75161 20.971 0.230 3.94 388.0
2457871.81731 20.641 0.142 3.49 351.0
2457871.92626 20.664 0.201 3.62 514.0
2457872.71342 20.490 0.158 4.33 386.0
2457872.76714 20.890 0.185 3.45 380.0
2457872.83695 20.414 0.111 3.31 367.0
2457872.90007 20.915 0.212 3.61 394.0
2457873.66942 20.646 0.214 4.85 426.0
2457873.71585 20.759 0.203 4.15 403.0
2457873.76225 20.877 0.194 3.58 367.0
2457873.80918 20.687 0.152 3.48 348.0
2457873.88054 20.871 0.210 3.70 396.0
2457873.92768 20.928 0.274 4.31 479.0
2457874.69134 20.651 0.256 5.78 434.0
2457874.80341 20.533 0.203 5.22 371.0
2457874.85364 20.395 0.184 4.88 431.0
2457874.90086 20.512 0.201 4.90 436.0
2457875.83905 20.539 0.160 3.83 625.0
2457875.89635 20.632 0.203 4.23 716.0
2457876.79457 20.829 0.245 4.66 425.0
2457876.85677 20.796 0.232 4.44 399.0
2457876.90380 20.602 0.183 4.17 427.0
2457877.66522 20.807 0.281 5.49 488.0
2457877.71132 20.679 0.197 4.24 443.0
2457877.77772 20.673 0.148 3.31 388.0
2457877.82721 20.547 0.173 3.90 457.0
2457878.66061 20.643 0.263 5.46 605.0
2457878.75348 20.897 0.228 3.88 457.0
2457878.81170 20.522 0.146 3.76 403.0
2457878.87225 20.640 0.165 3.73 396.0
2457878.91830 20.651 0.179 3.77 467.0
2457879.86467 20.120 0.218 6.89 458.0
2457880.72533 20.281 0.192 5.63 486.0
2457880.77166 20.337 0.244 6.32 511.0
2457880.88629 20.526 0.296 6.54 476.0
2457881.81976 20.512 0.220 4.78 533.0
2457881.92408 20.214 0.226 6.29 545.0
2457882.78233 20.227 0.187 5.32 558.0
2457882.84098 20.123 0.176 5.04 624.0
2457890.83516 20.722 0.263 4.61 601.0
2457890.88283 20.423 0.294 6.13 630.0
2457893.63908 20.215 0.217 7.14 437.0
2457893.80024 20.084 0.166 6.18 407.0
2457893.84726 20.558 0.177 4.32 411.0
2457893.89460 20.589 0.247 5.24 466.0
2457894.62471 20.486 0.252 7.01 498.0
2457894.67090 20.680 0.217 5.22 401.0
2457894.72596 20.602 0.188 4.75 371.0
2457894.78287 20.653 0.202 4.74 374.0
2457894.82992 20.775 0.226 4.67 385.0
2457894.87645 20.487 0.198 4.88 434.0
2457894.92279 20.469 0.258 6.04 480.0
2457895.62128 20.431 0.204 5.93 550.0
2457895.77396 20.586 0.180 4.52 457.0
2457897.68074 20.313 0.184 5.72 390.0
2457897.72856 20.446 0.216 5.72 442.0
2457901.70276 20.810 0.289 5.71 445.0
2457901.83683 20.716 0.258 5.04 413.0
2457902.71018 20.524 0.190 5.20 369.0
2457902.77070 20.584 0.217 5.35 378.0
2457902.81677 20.184 0.170 5.40 419.0
2457903.77579 20.476 0.297 7.39 350.0
2457903.82316 20.358 0.157 4.71 382.0
2457903.87876 20.767 0.282 5.29 437.0
2457904.62230 20.574 0.284 6.90 415.0
2457904.66531 20.490 0.172 5.09 346.0
2457904.72161 20.573 0.147 4.24 321.0
2457904.78107 20.623 0.164 4.11 312.0
2457904.82911 20.915 0.237 4.40 344.0
2457904.87528 20.719 0.255 5.23 412.0
2457905.58755 20.419 0.222 6.26 449.0
2457905.63473 20.716 0.239 5.41 390.0
2457905.69045 20.323 0.134 4.57 336.0
2457905.74609 20.684 0.154 3.69 353.0
2457905.79579 20.916 0.255 4.41 384.0
2457905.84320 20.445 0.173 4.33 432.0
2457905.89046 20.590 0.194 4.17 477.0
2457905.93992 20.237 0.199 5.02 713.0
2457906.70140 20.482 0.138 3.60 390.0
2457906.76058 20.709 0.180 3.76 403.0
2457906.80839 20.989 0.274 4.05 431.0
2457906.85536 20.873 0.255 4.13 495.0
2457907.65535 20.412 0.204 4.99 533.0
2457907.69596 20.489 0.197 4.69 520.0
2457907.73959 20.831 0.211 3.73 510.0
2457908.66083 20.661 0.255 4.99 548.0
2457908.71647 20.546 0.178 4.09 473.0
2457908.77475 20.509 0.208 4.44 547.0
2457908.82203 20.318 0.132 3.97 398.0
2457908.86850 20.649 0.204 4.24 459.0
2457908.91730 20.244 0.206 5.19 603.0
2457908.93952 20.224 0.216 5.32 756.0
2457909.69789 20.738 0.220 4.13 484.0
2457909.74641 20.594 0.177 3.69 502.0
2457909.83833 20.506 0.182 3.85 538.0
2457909.88250 20.612 0.216 4.19 591.0
2457910.64102 20.838 0.288 4.65 538.0
2457910.69757 20.653 0.215 4.34 511.0
2457910.75773 20.304 0.195 5.20 511.0
2457910.80445 21.031 0.285 3.94 527.0
2457910.85872 20.861 0.274 3.87 787.0
2457910.90683 20.730 0.277 4.94 549.0
2457911.65487 20.284 0.189 4.89 617.0
2457917.68834 20.831 0.286 4.88 512.0
2457917.73904 20.440 0.178 4.27 507.0
2457917.78632 20.587 0.225 4.50 554.0
2457917.83239 20.115 0.197 5.43 671.0
2457918.61747 20.162 0.229 6.62 625.0
2457922.60199 20.461 0.251 6.55 448.0
2457922.64819 20.605 0.203 4.84 393.0
2457923.52571 20.325 0.263 7.13 546.0
2457923.67993 20.430 0.204 5.72 384.0
2457924.53813 20.392 0.202 5.87 473.0
2457924.58409 20.725 0.276 5.77 422.0
2457924.62985 20.811 0.261 4.73 397.0
2457924.74147 20.900 0.254 3.97 386.0
2457924.78773 20.714 0.211 4.01 386.0
2457924.83358 20.967 0.278 4.07 462.0
2457925.65408 20.604 0.182 4.68 335.0
2457925.71876 20.295 0.166 5.28 349.0
2457925.77478 20.736 0.228 4.79 342.0
2457925.82838 20.641 0.240 5.37 400.0
2457926.72454 20.634 0.282 6.33 385.0
2457928.58950 20.703 0.252 5.91 351.0
2457932.63770 20.349 0.168 5.12 373.0
2457932.69617 20.466 0.277 6.92 383.0
2457932.75613 20.273 0.159 5.27 342.0
2457933.58072 20.357 0.238 6.89 362.0
2457933.67608 20.263 0.209 7.12 306.0
2457933.73386 20.707 0.261 6.05 300.0
2457934.69842 20.531 0.153 4.22 347.0
2457934.73055 20.337 0.142 4.44 356.0
2457935.56322 20.720 0.238 5.13 401.0
2457935.62961 20.499 0.169 4.65 345.0
2457935.67870 20.935 0.288 4.78 377.0
2457935.72668 21.082 0.260 3.96 323.0
2457935.77324 20.388 0.132 4.16 317.0
2457935.82025 20.713 0.170 3.97 329.0
2457935.87172 21.037 0.283 4.60 391.0
2457935.88327 20.527 0.173 4.45 390.0
2457936.52447 20.508 0.254 6.47 453.0
2457936.57184 20.647 0.217 5.12 382.0
2457936.61979 20.637 0.238 5.96 348.0
2457936.68242 20.690 0.195 4.49 327.0
2457936.73930 20.335 0.152 4.97 330.0
2457936.79668 20.455 0.158 4.73 308.0
2457937.51321 20.608 0.275 5.83 564.0
2457937.56091 20.325 0.213 5.75 493.0
2457937.60834 20.580 0.195 4.69 391.0
2457937.65572 21.039 0.299 4.87 389.0
2457937.77170 20.733 0.276 6.06 370.0
2457944.47827 20.203 0.253 6.23 916.0
2457944.55858 20.613 0.291 5.20 741.0
2457944.59754 20.620 0.269 4.69 690.0
2457945.49737 20.211 0.257 6.81 690.0
2457945.59254 20.405 0.196 5.02 498.0
2457945.63939 20.723 0.193 3.82 485.0
2457945.68831 20.751 0.199 3.77 453.0
2457945.73608 20.672 0.197 4.02 505.0
2457946.48023 20.195 0.188 6.45 423.0
2457946.53575 20.467 0.199 5.13 467.0
2457946.58369 20.332 0.174 4.83 468.0
2457946.63140 20.603 0.234 5.12 457.0
2457946.69695 20.927 0.291 4.93 439.0
2457946.74502 20.360 0.193 5.25 432.0
2457946.83703 20.115 0.245 7.03 585.0
2457947.58292 20.382 0.210 6.03 394.0
2457947.63150 20.568 0.240 5.83 360.0
2457947.77583 20.451 0.209 5.28 457.0
2457948.54631 20.399 0.162 4.83 370.0
2457948.65582 20.400 0.205 5.03 522.0
2457948.70245 20.681 0.251 4.70 558.0
2457948.77254 20.544 0.203 4.85 444.0
2457952.67168 20.490 0.183 4.60 344.0
2457952.72462 20.199 0.157 5.20 325.0
2457953.62740 20.795 0.272 5.67 321.0
2457953.67964 20.723 0.220 5.43 297.0
2457953.72962 20.857 0.211 4.69 296.0
2457953.73172 20.418 0.140 4.50 297.0
2457954.57146 20.779 0.184 3.96 342.0
2457954.64729 20.804 0.183 3.85 300.0
2457955.71913 20.294 0.128 3.96 379.0
2457955.77385 20.592 0.209 4.93 339.0
2457956.58448 21.165 0.297 4.56 348.0
2457956.65211 20.880 0.224 4.16 306.0
2457956.70165 20.891 0.249 4.57 337.0
2457956.75077 20.706 0.247 5.16 350.0
2457956.80173 20.104 0.181 6.69 410.0
2457957.65936 20.764 0.267 5.61 355.0
2457958.68306 20.194 0.215 6.94 347.0
2457959.52814 20.807 0.235 5.05 382.0
2457959.57682 20.659 0.179 4.53 347.0
2457959.62900 20.862 0.201 4.10 316.0
2457959.67757 21.008 0.246 4.55 301.0
2457959.72688 21.004 0.274 5.06 314.0
2457959.77820 20.633 0.259 6.15 342.0
2457959.80667 20.449 0.282 7.45 383.0
2457960.51692 20.513 0.205 5.54 355.0
2457960.56473 20.753 0.218 5.15 305.0
2457960.63656 20.466 0.158 4.72 275.0
2457960.68453 20.601 0.192 5.21 301.0
2457961.62266 20.756 0.241 5.27 389.0
2457961.66283 20.887 0.277 5.19 338.0
2457962.48489 20.362 0.164 4.86 394.0
2457962.52533 20.168 0.130 4.74 355.0
2457962.57512 20.624 0.157 3.79 403.0
2457962.78254 20.534 0.210 5.31 419.0
2457964.55779 20.604 0.219 4.83 429.0
2457964.60829 20.876 0.291 5.19 379.0
2457964.65704 20.833 0.283 5.22 379.0
2457964.71896 20.703 0.238 5.10 364.0
2457965.62803 20.557 0.195 4.45 442.0
2457965.66486 20.758 0.240 4.74 384.0
2457965.69458 20.414 0.170 4.56 404.0
2457966.59630 20.116 0.163 5.90 361.0
2457966.64471 20.723 0.280 5.80 341.0
2457966.69316 20.245 0.164 5.26 345.0
2457967.62430 20.491 0.221 5.40 423.0
2457971.62587 20.162 0.179 4.49 714.0
2457971.70401 20.142 0.218 5.36 807.0
2457972.75688 19.897 0.230 6.29 994.0
2457973.57404 20.306 0.223 5.53 620.0
2457974.52688 20.803 0.270 4.72 485.0
2457974.57704 20.475 0.196 4.66 468.0
2457974.62683 20.313 0.173 4.50 492.0
2457974.67581 20.190 0.169 4.95 520.0
2457974.72502 20.504 0.229 4.53 622.0
2457975.65509 20.422 0.289 7.05 420.0
2457979.52271 20.454 0.161 4.69 374.0
2457979.57289 20.642 0.205 4.82 385.0
2457979.62422 20.486 0.165 4.44 361.0
2457980.59223 20.190 0.204 5.82 477.0
2457980.63848 20.271 0.213 5.77 474.0
2457981.55554 20.839 0.262 4.51 437.0
2457981.61272 20.187 0.159 4.77 421.0
2457981.66011 20.643 0.249 5.10 422.0
2457982.48784 20.667 0.248 5.00 428.0
2457982.64889 20.665 0.226 4.65 378.0
2457983.56118 20.488 0.202 4.89 378.0
2457983.60755 20.671 0.211 4.76 348.0
2457984.60318 20.585 0.212 5.03 337.0
2457984.64975 20.255 0.168 5.28 352.0
2457986.50629 20.526 0.168 4.50 392.0
2457986.57870 20.508 0.135 3.75 339.0
2457986.62861 20.620 0.180 4.52 342.0
2457987.47405 20.446 0.225 3.97 943.0
2457987.53949 20.731 0.211 4.19 371.0
2457987.59123 20.840 0.218 4.05 406.0
2457987.64328 20.706 0.190 3.95 397.0
2457990.55772 20.751 0.253 4.82 393.0
2457990.60709 20.801 0.273 5.50 361.0
2457990.65248 20.546 0.219 5.50 377.0
2457991.50878 20.275 0.184 5.71 407.0
2457991.62500 20.599 0.265 6.10 359.0
2457992.47547 20.519 0.215 4.37 682.0
2457992.52548 20.550 0.186 4.58 385.0
2457992.57197 20.339 0.178 5.52 378.0
2457992.62722 20.422 0.200 5.45 391.0
2457993.49209 20.785 0.259 4.85 438.0
2457993.58843 20.442 0.182 4.99 370.0
2457993.63498 20.651 0.261 5.80 360.0
2457994.50491 20.614 0.242 5.29 459.0
2457994.55307 20.536 0.272 6.17 450.0
2457994.60198 20.577 0.256 5.84 439.0
2458001.54089 20.504 0.199 4.30 537.0
2458001.58777 20.373 0.214 5.28 567.0
2458004.54311 20.372 0.249 6.20 486.0
2458004.59050 20.524 0.271 5.96 500.0
2458007.52737 20.548 0.269 6.26 414.0
2458007.58900 20.110 0.190 6.51 415.0
2458008.53142 20.294 0.188 5.59 392.0
2458010.53854 20.475 0.251 5.77 452.0
2458012.52110 20.638 0.215 4.43 481.0
2458012.56878 20.770 0.255 4.65 506.0
2458013.50038 20.591 0.189 4.16 434.0
2458013.55685 20.358 0.162 4.36 439.0
2458014.49405 20.598 0.212 4.68 408.0
2458014.55011 20.827 0.266 4.84 417.0
2458016.52509 20.572 0.295 6.39 432.0
2458017.53471 20.895 0.292 5.26 413.0
2458018.54506 20.484 0.204 5.08 424.0
2458020.52799 20.475 0.224 5.17 416.0
2458021.55355 20.610 0.256 5.52 473.0
2458029.50722 20.277 0.220 5.08 674.0
2458030.49943 20.747 0.279 4.48 630.0
2458035.56047 20.511 0.295 6.14 526.0
2458040.51150 20.254 0.298 7.42 576.0
2458048.51216 20.784 0.265 4.62 469.0
2458053.52578 19.877 0.198 5.70 880.0
2458055.50661 20.265 0.225 4.88 753.0
2458153.88182 20.437 0.281 5.13 1185.0
2458161.86157 20.539 0.292 6.54 589.0
2458161.88643 20.094 0.233 5.72 1044.0
2458162.87290 20.365 0.166 4.96 471.0
2458164.85951 20.347 0.193 5.63 506.0
2458165.84473 20.540 0.263 6.22 535.0
2458165.88361 20.498 0.208 5.20 491.0
2458167.83809 20.048 0.169 6.13 525.0
2458167.87648 20.369 0.182 5.44 427.0
2458168.84608 19.924 0.129 5.95 430.0
2458168.88415 20.307 0.175 5.35 430.0
2458169.88349 20.058 0.145 5.16 459.0
2458170.84292 20.177 0.146 5.02 471.0
2458170.88069 20.515 0.192 4.76 444.0
2458171.83989 20.742 0.269 5.12 506.0
2458171.87723 20.897 0.266 4.44 459.0
2458172.83770 20.372 0.208 6.00 473.0
2458172.87523 20.322 0.164 4.50 490.0
2458173.83501 20.414 0.211 5.77 579.0
2458173.87238 20.381 0.176 4.58 533.0
2458174.85988 20.553 0.211 4.70 581.0
2458174.89720 20.375 0.165 3.82 664.0
2458175.84585 20.211 0.142 4.88 447.0
2458175.88361 20.381 0.171 4.79 450.0
2458176.82621 20.340 0.195 5.40 564.0
2458181.80326 20.330 0.246 5.77 823.0
2458181.84458 20.220 0.176 4.67 702.0
2458181.88474 20.133 0.174 4.94 611.0
2458182.84881 20.461 0.209 4.80 600.0
2458182.89503 20.377 0.159 3.71 568.0
2458183.82092 20.103 0.152 4.90 671.0
2458183.86944 20.321 0.204 5.56 537.0
2458184.86552 20.516 0.245 4.97 603.0
2458184.90455 20.336 0.261 5.02 958.0
2458189.80040 20.378 0.199 5.68 456.0
2458189.84856 20.080 0.131 4.87 434.0
2458189.89495 20.684 0.204 4.14 416.0
2458190.83833 20.574 0.162 4.54 348.0
2458190.89489 21.149 0.281 4.14 372.0
2458191.86641 20.888 0.284 5.20 393.0
2458192.81617 20.330 0.215 6.14 468.0
2458192.87349 20.754 0.245 4.98 399.0
2458193.78697 20.229 0.163 5.97 382.0
2458194.78012 20.514 0.196 5.66 387.0
2458194.82835 20.647 0.271 6.26 362.0
2458194.88353 20.953 0.237 4.18 360.0
2458195.77112 20.284 0.221 7.05 435.0
2458195.81675 20.508 0.238 6.32 403.0
2458195.87443 20.554 0.180 4.62 376.0
2458196.77075 20.768 0.250 5.52 389.0
2458196.81660 20.804 0.229 4.64 369.0
2458197.79777 20.552 0.218 5.55 397.0
2458197.84396 21.036 0.259 4.12 388.0
2458197.89886 20.888 0.182 3.30 385.0
2458198.76949 20.227 0.148 5.73 415.0
2458198.81546 20.324 0.145 4.74 396.0
2458198.86991 20.337 0.159 4.58 457.0
2458198.91747 20.216 0.290 4.54 1845.0
2458199.77937 20.693 0.250 5.71 387.0
2458199.82488 20.925 0.263 4.82 376.0
2458200.75363 19.870 0.155 7.41 471.0
2458200.79606 20.598 0.222 5.59 433.0
2458200.84258 20.382 0.155 4.68 438.0
2458200.89789 20.740 0.222 4.51 451.0
2458201.90811 20.948 0.267 4.99 355.0
2458202.77450 20.532 0.202 5.00 468.0
2458202.82001 20.520 0.161 4.10 426.0
2458202.87503 20.712 0.175 3.69 411.0
2458203.78048 20.819 0.244 5.06 392.0
2458203.82629 20.799 0.205 4.13 378.0
2458203.87249 20.698 0.181 4.06 366.0
2458204.78906 20.360 0.196 5.73 439.0
2458204.83443 20.915 0.286 5.23 392.0
2458204.88942 20.852 0.276 5.23 364.0
2458205.79002 20.176 0.211 6.54 481.0
2458205.84803 20.355 0.209 6.31 380.0
2458205.90285 20.892 0.248 4.54 380.0
2458206.84587 20.450 0.148 3.89 468.0
2458206.90147 20.678 0.143 3.46 372.0
2458207.88841 20.672 0.182 3.91 442.0
2458208.79257 20.067 0.148 4.33 719.0
2458208.83840 20.617 0.220 3.92 641.0
2458209.83602 20.704 0.246 4.51 591.0
2458209.88170 20.332 0.153 3.88 577.0
2458211.78616 20.408 0.278 6.16 650.0
2458211.83198 20.702 0.258 4.75 598.0
2458211.87824 20.850 0.225 3.69 586.0
2458212.79511 20.638 0.222 4.14 674.0
2458212.83837 20.984 0.292 3.74 663.0
2458217.82244 20.771 0.240 5.03 412.0
2458217.87489 20.373 0.139 4.29 376.0
2458220.72766 20.373 0.213 6.69 360.0
2458220.75840 20.961 0.286 5.65 341.0
2458220.87720 20.412 0.146 4.55 358.0
2458221.76014 21.106 0.296 4.83 344.0
2458221.80012 20.657 0.193 4.67 347.0
2458221.91081 20.553 0.177 4.20 394.0
2458222.71675 20.585 0.200 5.06 397.0
2458222.88823 21.137 0.296 4.14 392.0
2458224.71069 20.133 0.184 6.21 457.0
2458224.75713 20.466 0.214 5.30 430.0
2458224.82963 20.757 0.222 4.34 435.0
2458224.87886 20.770 0.207 4.40 407.0
2458226.90190 20.733 0.286 5.94 378.0
2458227.71215 20.315 0.177 5.51 383.0
2458228.73249 20.612 0.251 6.02 410.0
2458228.78204 20.812 0.219 4.49 357.0
2458228.83039 20.953 0.197 3.81 342.0
2458228.90672 20.930 0.245 4.39 350.0
2458229.71141 20.847 0.244 5.39 387.0
2458229.77652 20.787 0.189 4.22 342.0
2458229.82538 20.529 0.137 3.95 329.0
2458229.87674 20.611 0.168 4.30 364.0
2458229.92340 20.392 0.140 3.76 427.0
2458230.72903 20.547 0.183 5.17 381.0
2458230.77735 20.916 0.277 5.29 377.0
2458230.84622 20.569 0.146 3.89 369.0
2458230.89782 20.391 0.128 4.04 354.0
2458232.87085 20.682 0.196 4.15 374.0
2458233.76260 20.695 0.183 3.87 428.0
2458235.72259 20.435 0.283 6.52 578.0
2458235.83105 20.952 0.202 3.28 494.0
2458236.78424 20.881 0.291 4.41 599.0
2458238.74294 20.311 0.213 5.07 758.0
2458238.78946 20.649 0.234 4.09 712.0
2458238.84735 20.156 0.189 5.09 745.0
2458238.89959 20.521 0.227 4.29 730.0
2458244.69856 20.099 0.159 5.70 503.0
2458244.74501 20.549 0.220 5.15 495.0
2458244.80217 20.873 0.247 4.18 508.0
2458245.86386 20.404 0.269 6.07 595.0
2458246.85483 20.476 0.189 4.44 537.0
2458247.63405 19.888 0.202 7.35 636.0
2458247.67837 20.589 0.219 5.38 466.0
2458247.72428 20.604 0.210 5.40 369.0
2458247.77086 20.966 0.243 4.18 433.0
2458247.83070 20.589 0.195 4.19 512.0
2458247.88585 20.322 0.207 5.37 552.0
2458248.74101 20.451 0.242 6.19 421.0
2458249.69187 20.284 0.214 7.14 411.0
2458249.73856 20.331 0.177 5.83 381.0
2458249.78522 20.775 0.218 4.78 394.0
2458249.90054 20.531 0.202 4.55 523.0
2458250.64693 20.627 0.196 5.49 382.0
2458250.69968 20.950 0.215 4.57 330.0
2458250.74613 20.410 0.122 3.99 357.0
2458250.81345 20.970 0.220 4.02 373.0
2458250.86046 20.572 0.164 4.16 393.0
2458250.90947 20.627 0.221 4.68 444.0
2458251.79329 20.752 0.282 5.91 404.0
2458251.84336 20.445 0.215 5.65 432.0
2458252.90667 20.175 0.185 5.85 489.0
2458253.72487 20.791 0.230 4.98 369.0
2458253.77902 20.631 0.187 4.65 401.0
2458253.84982 20.597 0.177 4.40 399.0
2458254.64151 20.332 0.169 5.37 427.0
2458254.69984 20.880 0.215 4.16 381.0
2458254.75707 20.782 0.179 3.64 405.0
2458254.83398 21.026 0.226 3.64 383.0
2458254.89246 20.417 0.131 3.39 440.0
2458254.93825 20.692 0.213 3.73 628.0
2458255.78601 20.739 0.182 3.93 384.0
2458255.85483 20.645 0.196 4.12 421.0
2458255.90140 20.425 0.191 4.80 468.0
2458256.61253 20.344 0.255 7.01 481.0
2458256.66483 20.814 0.282 5.61 392.0
2458256.88356 20.368 0.157 4.15 484.0
2458257.87133 20.843 0.272 4.72 432.0
2458258.64616 21.060 0.296 5.03 385.0
2458258.72039 20.739 0.215 5.02 349.0
2458258.76970 21.065 0.268 4.30 349.0
2458258.82969 20.880 0.209 3.49 377.0
2458258.89250 20.875 0.198 3.69 399.0
2458259.61525 20.593 0.293 6.22 563.0
2458259.69977 20.466 0.189 5.07 484.0
2458259.75738 20.956 0.279 4.52 484.0
2458259.81331 20.879 0.276 4.50 493.0
2458260.62978 20.494 0.183 4.54 505.0
2458260.81055 20.750 0.195 4.09 396.0
2458260.91200 20.246 0.162 4.45 597.0
2458261.65029 20.100 0.142 4.75 467.0
2458261.76072 20.735 0.204 4.25 365.0
2458261.85174 20.932 0.245 3.96 387.0
2458261.89881 20.296 0.146 3.91 428.0
2458262.65595 21.069 0.287 4.70 386.0
2458262.70494 20.806 0.189 3.98 369.0
2458262.75378 20.606 0.171 4.32 376.0
2458262.82753 20.820 0.191 4.05 320.0
2458262.87361 20.518 0.143 3.73 355.0
2458262.91227 20.263 0.175 5.26 444.0
2458263.64206 20.305 0.142 4.33 485.0
2458263.69764 20.820 0.207 4.12 438.0
2458263.74748 20.861 0.208 4.25 390.0
2458263.81284 20.682 0.159 3.37 419.0
2458263.86507 20.616 0.132 3.39 324.0
2458264.72763 20.436 0.169 4.12 545.0
2458264.78245 20.863 0.259 4.31 545.0
2458264.83165 20.479 0.172 3.72 576.0
2458264.88260 20.837 0.256 4.15 560.0
2458265.74183 20.608 0.212 4.51 548.0
2458265.79637 20.592 0.213 4.13 559.0
2458265.87001 20.753 0.265 4.40 596.0
2458271.62271 19.834 0.190 6.71 687.0
2458271.81392 20.285 0.233 5.82 651.0
2458272.73443 20.638 0.242 5.04 482.0
2458272.78432 20.089 0.141 4.91 504.0
2458272.83525 20.317 0.167 4.39 522.0
2458272.88541 20.562 0.218 4.41 568.0
2458272.93277 20.708 0.288 4.90 622.0
2458273.60416 20.152 0.146 5.04 456.0
2458273.65187 20.299 0.147 4.55 441.0
2458273.71886 20.361 0.129 4.13 383.0
2458273.77239 20.735 0.208 4.68 388.0
2458273.82403 20.643 0.224 4.83 449.0
2458273.85924 20.377 0.184 4.81 477.0
2458273.89868 20.521 0.200 4.63 496.0
2458274.63157 20.701 0.271 6.12 355.0
2458274.79188 20.623 0.274 6.08 472.0
2458274.89167 20.410 0.280 6.11 684.0
2458275.57685 20.157 0.180 5.68 538.0
2458275.63475 20.625 0.217 5.23 475.0
2458275.68329 21.146 0.280 4.15 373.0
2458275.75089 20.557 0.199 4.82 436.0
2458275.80193 20.474 0.163 4.05 442.0
2458275.85606 20.534 0.204 4.52 484.0
2458276.58447 20.578 0.295 6.51 482.0
2458276.63217 20.821 0.277 5.66 384.0
2458276.67947 20.488 0.153 4.47 365.0
2458276.74100 20.364 0.181 5.56 375.0
2458276.79088 20.654 0.165 3.64 383.0
2458276.84086 20.327 0.182 4.87 459.0
2458277.57716 20.533 0.213 5.03 486.0
2458277.63118 20.690 0.209 5.26 363.0
2458277.69313 20.825 0.200 4.61 347.0
2458277.74716 20.723 0.247 5.41 336.0
2458277.79598 20.464 0.170 4.31 377.0
2458277.84565 20.647 0.181 3.90 423.0
2458277.89862 20.523 0.190 4.41 491.0
2458278.57976 20.331 0.169 5.54 423.0
2458278.69834 20.409 0.157 4.70 380.0
2458278.84248 20.606 0.197 4.24 544.0
2458282.56479 20.397 0.203 5.65 439.0
2458282.61294 20.744 0.179 4.25 327.0
2458282.67190 20.727 0.162 4.15 308.0
2458282.73399 20.722 0.221 5.38 309.0
2458282.79564 20.343 0.150 5.07 350.0
2458282.84537 20.656 0.161 3.75 377.0
2458282.89376 20.858 0.258 4.49 450.0
2458283.53851 20.326 0.233 6.56 475.0
2458283.57721 20.731 0.247 5.66 352.0
2458283.62362 20.896 0.276 5.52 343.0
2458283.67938 20.641 0.168 4.44 339.0
2458283.74169 20.356 0.177 6.01 362.0
2458283.79059 20.204 0.122 4.21 393.0
2458283.83947 20.276 0.164 4.83 432.0
2458283.88775 20.314 0.212 5.89 465.0
2458284.53129 20.122 0.192 6.17 586.0
2458284.57766 20.298 0.154 5.17 386.0
2458284.62537 20.781 0.210 4.66 358.0
2458284.68136 20.743 0.205 4.78 344.0
2458284.74403 20.332 0.137 4.88 319.0
2458284.79124 20.576 0.158 4.09 330.0
2458284.84022 20.790 0.226 4.71 340.0
2458284.88754 20.200 0.193 5.97 436.0
2458285.72654 20.199 0.143 5.15 345.0
2458285.77424 20.422 0.164 4.67 347.0
2458286.53006 20.509 0.208 5.95 379.0
2458286.57677 20.230 0.130 5.04 318.0
2458286.62458 20.224 0.137 5.44 296.0
2458286.68232 20.732 0.198 4.57 288.0
2458286.74559 20.632 0.183 4.67 299.0
2458286.82058 20.527 0.173 4.50 332.0
2458287.56447 20.386 0.165 5.25 375.0
2458287.61926 20.261 0.127 4.49 333.0
2458287.67523 20.683 0.161 4.46 293.0
2458287.73650 20.672 0.169 4.54 300.0
2458287.79872 21.093 0.264 4.62 290.0
2458287.86076 20.381 0.121 3.70 329.0
2458287.90083 20.415 0.172 4.73 420.0
2458288.54049 20.527 0.206 5.67 408.0
2458288.58632 20.472 0.193 5.47 370.0
2458288.64198 21.136 0.262 4.39 301.0
2458288.71088 20.695 0.182 4.28 292.0
2458288.77219 20.615 0.180 4.46 321.0
2458288.83350 20.628 0.221 4.78 395.0
2458289.53525 20.366 0.194 5.62 500.0
2458289.58255 20.543 0.197 5.06 421.0
2458289.64604 20.426 0.140 4.33 350.0
2458289.70592 20.503 0.133 3.93 346.0
2458289.76599 20.656 0.184 4.26 364.0
2458289.82356 20.638 0.245 5.56 378.0
2458289.87025 20.316 0.165 4.75 420.0
2458290.52816 20.222 0.205 5.91 580.0
2458290.58157 20.149 0.151 5.35 420.0
2458290.62986 20.533 0.190 4.62 407.0
2458290.81932 20.529 0.206 4.80 420.0
2458290.86776 20.808 0.284 4.90 488.0
2458291.57011 20.278 0.193 4.78 793.0
2458291.62470 20.260 0.166 4.68 544.0
2458291.69148 20.957 0.280 4.26 424.0
2458291.75072 20.727 0.258 4.53 484.0
2458291.80849 20.540 0.190 4.26 418.0
2458291.86925 20.789 0.297 5.19 478.0
2458292.58245 20.388 0.199 4.96 462.0
2458292.63045 20.534 0.273 6.18 447.0
2458292.81544 20.386 0.184 4.81 425.0
2458292.88270 20.642 0.247 5.00 490.0
2458293.58885 20.328 0.259 6.38 533.0
2458293.71683 20.548 0.247 5.50 519.0
2458293.76679 20.214 0.215 6.03 580.0
2458294.82306 20.173 0.278 7.03 807.0
2458301.79183 20.266 0.201 5.59 550.0
2458304.53536 20.341 0.296 7.68 477.0
2458304.62568 20.458 0.234 6.19 416.0
2458304.79909 20.188 0.273 7.92 511.0
2458305.73971 20.644 0.267 6.05 375.0
2458306.66734 20.542 0.249 6.42 376.0
2458306.78184 20.080 0.224 7.56 411.0
2458306.82168 20.687 0.281 5.72 442.0
2458307.52829 20.563 0.217 5.31 471.0
2458307.58583 20.223 0.137 4.87 423.0
2458307.63534 20.991 0.266 5.17 333.0
2458307.69536 20.277 0.123 4.21 320.0
2458307.74211 20.437 0.152 4.38 352.0
2458307.79886 20.422 0.194 5.09 408.0
2458308.49851 20.148 0.206 7.02 456.0
2458308.54648 20.729 0.246 5.98 325.0
2458308.59243 20.933 0.262 5.51 304.0
2458308.65030 20.694 0.168 4.26 298.0
2458308.70749 20.512 0.218 5.68 330.0
2458309.47455 20.665 0.276 5.99 477.0
2458309.52090 20.805 0.245 5.77 359.0
2458309.56833 20.649 0.176 4.68 339.0
2458309.62665 20.513 0.166 4.92 330.0
2458309.68557 20.595 0.162 4.12 319.0
2458309.73380 20.590 0.162 3.87 366.0
2458309.78071 20.558 0.174 4.19 400.0
2458309.82689 20.665 0.242 4.98 440.0
2458310.48551 20.144 0.177 6.14 409.0
2458310.60346 20.890 0.228 4.60 348.0
2458310.63786 21.131 0.257 4.53 373.0
2458310.67714 20.383 0.148 4.55 401.0
2458310.71180 20.565 0.192 4.80 437.0
2458310.75937 20.769 0.278 5.78 357.0
2458310.81292 20.759 0.272 5.22 431.0
2458311.48338 20.049 0.177 6.49 435.0
2458311.57936 20.524 0.194 5.47 329.0
2458311.63679 20.281 0.132 4.92 317.0
2458311.69529 20.540 0.163 4.17 328.0
2458311.74280 20.924 0.282 4.84 373.0
2458311.78913 20.779 0.275 4.93 441.0
2458311.83230 20.430 0.188 4.46 500.0
2458312.49935 20.266 0.177 5.53 451.0
2458312.54700 20.283 0.162 5.23 394.0
2458312.59758 20.852 0.257 5.20 335.0
2458312.65614 20.532 0.175 4.96 318.0
2458312.72207 20.703 0.172 4.26 321.0
2458312.82807 20.970 0.263 4.53 387.0
2458313.50032 20.170 0.146 5.97 455.0
2458313.54820 20.460 0.142 4.55 335.0
2458313.60145 20.629 0.145 3.92 317.0
2458313.64698 20.645 0.148 3.45 318.0
2458313.70239 21.058 0.244 3.71 354.0
2458313.74909 20.634 0.193 3.73 413.0
2458313.79586 20.887 0.260 4.11 455.0
2458314.46717 20.238 0.261 6.77 782.0
2458314.51571 20.596 0.202 5.22 401.0
2458314.56325 20.757 0.244 5.03 398.0
2458314.61078 20.643 0.197 4.91 358.0
2458314.66866 20.525 0.165 4.16 387.0
2458314.72482 20.785 0.209 4.08 369.0
2458314.77126 20.878 0.220 4.14 356.0
2458314.81695 20.450 0.218 6.03 401.0
2458316.49857 20.295 0.209 6.25 426.0
2458316.59533 20.700 0.237 5.36 398.0
2458316.70824 20.446 0.262 6.83 365.0
2458320.50160 20.603 0.235 5.49 472.0
2458320.54871 20.446 0.215 5.74 451.0
2458320.66492 20.533 0.153 4.09 400.0
2458320.71217 20.104 0.124 4.90 370.0
2458320.75849 20.317 0.128 4.08 367.0
2458321.48895 20.468 0.241 4.83 684.0
2458321.53474 20.346 0.222 5.48 585.0
2458328.53303 20.258 0.207 5.41 598.0
2458328.72463 20.181 0.197 5.14 722.0
2458328.77154 20.142 0.254 6.26 854.0
2458329.50814 20.347 0.220 5.54 527.0
2458329.65126 20.641 0.262 5.21 539.0
2458329.69763 20.490 0.191 4.06 580.0
2458329.74361 20.724 0.242 4.27 584.0
2458330.46926 20.231 0.166 4.90 615.0
2458330.52336 20.322 0.147 4.72 452.0
2458331.47030 20.365 0.294 6.65 662.0
2458331.52640 20.738 0.196 4.41 338.0
2458331.58402 20.696 0.195 4.32 378.0
2458331.68038 20.226 0.150 5.02 417.0
2458332.48686 20.340 0.197 5.56 445.0
2458332.54300 20.733 0.228 4.90 427.0
2458332.65105 20.174 0.145 4.84 472.0
2458332.69756 20.699 0.267 5.45 469.0
2458333.49220 20.464 0.217 5.43 474.0
2458333.53968 20.251 0.131 4.47 421.0
2458333.65784 20.317 0.130 4.38 351.0
2458334.49387 20.402 0.203 5.30 628.0
2458334.55116 20.356 0.143 4.30 442.0
2458334.61105 20.260 0.136 4.33 445.0
2458334.65850 20.587 0.182 4.57 376.0
2458336.47240 20.156 0.212 6.26 512.0
2458336.64821 20.329 0.150 4.84 306.0
2458336.74355 20.553 0.166 4.18 356.0
2458338.61597 20.179 0.148 5.69 365.0
2458338.72992 20.466 0.199 5.43 402.0
2458339.48881 20.162 0.133 4.70 421.0
2458339.55357 20.744 0.148 3.36 330.0
2458339.61254 20.423 0.128 4.13 293.0
2458339.72582 20.737 0.195 4.48 317.0
2458340.64554 20.750 0.179 3.98 336.0
2458340.74565 20.229 0.155 5.48 337.0
2458341.52816 20.746 0.196 3.86 394.0
2458341.58572 20.529 0.157 4.12 334.0
2458341.64481 20.985 0.219 3.92 301.0
2458342.52870 20.556 0.211 5.23 351.0
2458343.55508 20.499 0.195 5.35 338.0
2458344.62057 20.943 0.295 5.07 382.0
2458344.71466 20.656 0.247 5.33 395.0
2458345.61720 20.583 0.195 4.63 335.0
2458345.70496 20.442 0.147 4.15 317.0
2458346.56080 20.434 0.148 3.99 324.0
2458346.61838 20.377 0.149 4.30 295.0
2458346.74236 20.807 0.209 4.22 316.0
2458347.50620 20.219 0.137 4.70 336.0
2458347.57038 20.867 0.268 5.03 312.0
2458347.62718 20.456 0.161 4.39 316.0
2458347.71821 20.198 0.134 4.58 328.0
2458348.59056 20.550 0.234 5.28 385.0
2458348.70677 20.034 0.121 4.01 404.0
2458355.49181 20.398 0.247 5.86 586.0
2458355.54331 20.337 0.215 5.59 536.0
2458355.64374 20.336 0.166 4.24 586.0
2458356.51700 20.394 0.232 5.27 604.0
2458356.64257 20.546 0.181 3.81 588.0
2458357.56508 20.417 0.156 3.62 517.0
2458357.68818 20.427 0.222 4.68 626.0
2458358.58552 20.337 0.194 4.81 517.0
2458359.48100 20.498 0.220 5.45 456.0
2458359.53319 20.360 0.164 4.59 420.0
2458359.60022 20.203 0.160 4.57 521.0
2458359.68127 20.175 0.212 5.91 581.0
2458360.52898 20.363 0.277 7.21 421.0
2458360.57612 20.244 0.215 5.86 491.0
2458363.52735 20.464 0.200 5.08 420.0
2458363.63392 20.390 0.162 5.61 306.0
2458363.68373 19.980 0.124 6.05 333.0
2458364.52716 20.632 0.197 4.71 417.0
2458364.58355 20.438 0.151 4.32 394.0
2458364.65784 20.562 0.146 4.46 329.0
2458366.49700 20.757 0.243 5.15 331.0
2458366.55775 20.831 0.272 5.13 364.0
2458366.67866 20.627 0.213 4.78 423.0
2458367.62638 20.336 0.143 4.37 373.0
2458367.67323 20.967 0.228 4.30 366.0
2458368.52196 20.929 0.277 4.63 367.0
2458368.60786 20.741 0.200 3.97 429.0
2458368.67125 20.758 0.207 3.86 424.0
2458369.51526 20.505 0.189 4.42 391.0
2458369.60852 20.382 0.157 4.15 371.0
2458369.65590 20.415 0.211 5.35 415.0
2458370.53268 20.702 0.223 4.32 402.0
2458370.63440 20.930 0.266 4.23 406.0
2458371.48127 20.417 0.167 3.87 554.0
2458371.55448 20.525 0.156 4.01 341.0
2458371.60155 20.746 0.261 5.30 359.0
2458372.55671 20.231 0.146 4.59 367.0
2458375.52487 20.381 0.238 6.16 412.0
2458375.58283 20.234 0.188 6.09 370.0
2458375.63127 20.129 0.197 6.49 389.0
2458376.56378 20.372 0.222 6.09 439.0
2458382.51487 20.621 0.193 3.49 564.0
2458382.56545 20.807 0.245 3.55 588.0
2458382.60983 20.288 0.184 3.82 817.0
2458383.48452 20.440 0.263 5.15 764.0
2458383.62208 20.270 0.255 5.65 746.0
2458384.52793 20.472 0.193 3.55 596.0
2458384.57719 20.326 0.186 3.98 650.0
2458384.61661 20.622 0.268 4.33 702.0
2458385.48303 20.340 0.193 4.65 669.0
2458385.55037 20.662 0.169 3.09 567.0
2458385.60035 20.474 0.155 3.42 626.0
2458392.55626 20.547 0.269 5.93 417.0
2458393.56367 20.278 0.235 6.51 386.0
2458393.60817 20.053 0.195 6.97 386.0
2458394.58361 19.939 0.120 5.33 368.0
2458401.51583 20.525 0.253 5.44 450.0
2458401.56691 20.049 0.156 5.07 492.0
2458410.56035 20.249 0.215 5.41 716.0
2458411.56123 20.086 0.229 5.84 781.0
2458412.55505 20.353 0.285 5.85 705.0
2458418.52903 20.378 0.277 6.22 582.0
2458419.52530 19.876 0.153 5.70 580.0
2458521.88176 20.193 0.210 5.63 795.0
2458522.87632 20.696 0.269 5.57 522.0
2458523.87988 20.177 0.150 5.09 478.0
2458530.86794 20.388 0.170 4.81 418.0
2458531.87086 20.161 0.171 5.89 453.0
2458534.85189 20.600 0.271 4.94 740.0
2458536.84855 20.195 0.173 4.95 647.0
2458538.85791 20.203 0.188 6.18 509.0
2458539.84577 20.419 0.226 5.56 561.0
2458544.84769 20.490 0.151 4.48 372.0
2458546.82378 20.829 0.268 5.41 399.0
2458546.87269 20.569 0.191 5.02 373.0
2458547.81874 20.448 0.186 5.48 405.0
2458547.87247 20.406 0.152 4.47 382.0
2458548.82864 21.008 0.287 4.60 483.0
2458548.87468 21.060 0.280 4.27 462.0
2458549.86079 20.860 0.273 5.56 388.0
2458550.82447 20.749 0.212 4.83 361.0
2458550.86364 20.340 0.141 4.62 380.0
2458550.91108 20.708 0.285 5.36 680.0
2458552.85097 20.388 0.221 6.71 370.0
2458552.88081 20.605 0.258 6.46 367.0
2458553.85707 20.603 0.247 6.15 384.0
2458554.86233 20.903 0.248 4.84 393.0
2458555.78547 20.696 0.245 5.35 463.0
2458555.82198 20.601 0.199 5.32 390.0
2458555.86946 21.176 0.291 4.25 394.0
2458556.78360 20.696 0.218 5.06 376.0
2458556.82079 20.566 0.195 5.08 394.0
2458557.82484 20.790 0.255 5.34 375.0
2458557.86497 20.696 0.206 4.87 368.0
2458558.78426 20.792 0.251 5.10 406.0
2458558.81641 20.441 0.213 5.87 399.0
2458558.85603 20.976 0.268 4.85 405.0
2458558.90587 20.510 0.198 5.10 406.0
2458559.83891 20.650 0.191 4.62 371.0
2458559.88735 20.734 0.177 3.89 370.0
2458560.82436 20.487 0.151 3.86 453.0
2458560.91187 20.662 0.229 3.86 778.0
2458561.85462 20.907 0.285 4.57 508.0
2458561.89426 20.524 0.261 6.29 403.0
2458562.83900 20.519 0.262 5.82 648.0
2458563.82385 20.602 0.226 4.20 696.0
2458563.86377 20.615 0.227 4.25 635.0
2458563.90327 20.894 0.280 3.93 710.0
2458564.83869 20.275 0.166 4.39 585.0
2458564.87887 20.282 0.152 4.26 597.0
2458565.76811 20.639 0.274 5.05 735.0
2458565.82326 20.644 0.261 5.21 617.0
2458565.87550 20.942 0.272 3.91 558.0
2458566.80912 20.818 0.267 4.54 614.0
2458566.85842 20.468 0.170 4.06 559.0
2458566.89825 20.734 0.239 4.35 525.0
2458567.86014 20.304 0.176 4.87 569.0
2458575.78876 20.662 0.236 5.75 347.0
2458575.82755 20.582 0.238 6.15 364.0
2458575.91527 20.746 0.225 4.21 437.0
2458578.72556 20.662 0.273 6.14 431.0
2458578.77109 20.437 0.178 5.05 382.0
2458578.86796 20.422 0.178 5.10 435.0
2458579.77751 20.455 0.209 5.54 487.0
2458579.91562 20.541 0.218 5.02 541.0
2458580.73688 20.321 0.202 6.35 445.0
2458580.78848 20.509 0.225 6.35 406.0
2458580.83080 20.732 0.293 6.69 409.0
2458580.86688 20.837 0.263 4.94 418.0
2458581.86546 20.763 0.222 5.10 380.0
2458582.71147 20.892 0.294 6.04 380.0
2458582.73902 20.703 0.276 6.60 378.0
2458582.79001 20.714 0.244 5.55 398.0
2458583.72517 20.812 0.295 6.04 414.0
2458583.82077 20.825 0.218 4.89 388.0
2458584.72032 20.660 0.247 5.87 422.0
2458584.76451 20.582 0.205 5.71 364.0
2458584.83082 20.485 0.153 4.59 353.0
2458584.91447 20.514 0.136 3.48 340.0
2458585.72468 20.715 0.259 6.18 402.0
2458585.77938 20.285 0.149 5.62 387.0
2458585.82717 20.753 0.199 4.87 368.0
2458585.89222 20.606 0.154 3.61 392.0
2458586.70804 20.602 0.241 6.45 391.0
2458586.74825 20.456 0.172 4.95 360.0
2458586.79566 21.028 0.260 4.65 339.0
2458586.87443 20.434 0.130 4.00 337.0
2458586.92426 20.246 0.168 4.55 658.0
2458587.77214 20.353 0.183 5.90 388.0
2458587.82233 20.363 0.168 5.18 393.0
2458588.71390 20.662 0.258 6.23 494.0
2458588.76727 20.602 0.166 4.37 394.0
2458588.81483 20.695 0.169 4.44 338.0
2458588.89725 20.799 0.177 3.60 375.0
2458589.78797 20.286 0.158 4.58 505.0
2458589.84668 20.860 0.263 4.50 392.0
2458590.75836 20.379 0.178 5.30 570.0
2458590.80652 20.530 0.166 4.09 529.0
2458590.88504 20.962 0.214 3.43 429.0
2458591.69164 20.173 0.199 5.87 791.0
2458591.80360 20.787 0.233 4.30 595.0
2458591.86850 20.439 0.159 4.45 501.0
2458593.85863 20.725 0.274 4.26 833.0
2458593.92514 19.974 0.155 4.81 693.0
2458594.74654 20.774 0.290 4.85 675.0
2458594.86052 20.413 0.191 4.58 660.0
2458594.91399 20.313 0.188 4.36 743.0
2458595.84860 20.004 0.170 5.28 781.0
2458595.92551 20.400 0.257 5.12 830.0
2458599.68920 20.382 0.282 6.57 685.0
2458599.81457 20.685 0.263 5.75 428.0
2458599.88236 20.216 0.116 3.99 422.0
2458599.92029 20.249 0.159 4.92 441.0
2458600.77311 20.922 0.237 4.90 387.0
2458600.84088 20.543 0.159 3.97 438.0
2458600.88952 20.595 0.184 4.09 459.0
2458600.93350 20.144 0.162 3.99 861.0
2458601.69194 20.917 0.271 5.47 389.0
2458601.74196 20.539 0.190 5.20 419.0
2458601.80705 20.595 0.174 4.28 413.0
2458601.90597 20.523 0.162 3.65 491.0
2458602.67508 20.875 0.228 4.91 377.0
2458602.71525 20.624 0.176 4.78 338.0
2458602.76296 20.722 0.188 4.46 353.0
2458602.82598 20.214 0.132 4.29 385.0
2458602.89937 20.611 0.169 3.58 398.0
2458603.65756 20.485 0.224 6.62 389.0
2458603.69691 19.979 0.139 6.20 366.0
2458603.75325 20.451 0.152 4.71 326.0
2458603.81393 20.523 0.162 4.33 453.0
2458603.87184 20.343 0.148 4.25 390.0
2458603.92048 20.450 0.195 4.93 444.0
2458604.70152 20.672 0.286 6.57 393.0
2458604.82349 20.592 0.159 3.93 350.0
2458605.65370 20.097 0.177 6.89 430.0
2458605.75213 20.856 0.294 5.57 383.0
2458605.80812 20.806 0.285 5.42 402.0
2458605.88501 20.603 0.209 4.47 395.0
2458605.93219 20.368 0.199 4.10 745.0
2458606.69313 20.503 0.161 4.28 372.0
2458606.73965 20.462 0.143 3.77 350.0
2458606.79947 20.450 0.122 3.45 357.0
2458606.85955 20.644 0.155 3.41 380.0
2458606.90642 20.815 0.199 3.93 396.0
2458607.67008 20.237 0.162 5.89 416.0
2458607.82069 20.931 0.226 4.05 408.0
2458607.86922 20.672 0.231 4.81 434.0
2458607.91514 20.688 0.224 4.52 451.0
2458608.66301 20.740 0.297 5.68 600.0
2458608.70983 20.517 0.234 6.11 494.0
2458608.76585 20.877 0.283 5.03 455.0
2458608.83125 20.683 0.179 3.83 425.0
2458608.87925 20.473 0.151 3.88 431.0
2458608.92641 20.355 0.142 3.91 480.0
2458612.74046 20.460 0.235 6.46 329.0
2458612.78886 20.402 0.188 5.30 352.0
2458612.89673 20.553 0.241 5.58 428.0
2458613.62972 20.150 0.209 6.80 497.0
2458613.67059 20.714 0.273 5.90 400.0
2458613.71776 20.817 0.281 5.46 376.0
2458613.77747 21.017 0.238 3.91 380.0
2458613.83878 20.704 0.207 4.30 427.0
2458613.88567 20.299 0.144 4.05 496.0
2458613.93172 20.382 0.179 4.55 553.0
2458614.75377 20.548 0.242 5.43 447.0
2458615.66510 20.167 0.202 6.89 450.0
2458615.78567 20.831 0.211 4.33 357.0
2458615.85566 21.124 0.295 4.40 361.0
2458615.91556 20.745 0.294 5.85 412.0
2458616.64846 20.884 0.279 5.10 492.0
2458616.69580 20.767 0.224 4.55 479.0
2458616.74253 21.108 0.248 3.71 432.0
2458616.79939 20.475 0.111 3.13 379.0
2458616.85960 20.818 0.201 3.44 421.0
2458616.91764 20.671 0.208 3.83 542.0
2458617.65203 20.464 0.204 5.34 502.0
2458617.69232 20.241 0.147 4.83 466.0
2458617.73870 20.888 0.227 4.26 464.0
2458617.80166 20.691 0.149 3.35 393.0
2458617.88918 20.794 0.223 3.95 493.0
2458618.65752 20.409 0.199 5.64 539.0
2458618.75245 20.585 0.220 5.09 508.0
2458618.81306 20.549 0.186 4.18 536.0
2458618.87270 20.412 0.200 4.73 590.0
2458618.91959 20.500 0.266 5.51 622.0
2458619.69832 20.237 0.201 6.08 501.0
2458619.74452 20.600 0.269 5.80 489.0
2458619.89479 20.890 0.258 4.88 366.0
2458620.62585 20.111 0.265 7.75 660.0
2458620.71020 20.284 0.238 6.53 535.0
2458620.75647 20.965 0.265 4.39 483.0
2458620.89749 20.884 0.267 4.24 517.0
2458621.91153 20.142 0.218 5.20 854.0
2458626.65452 20.207 0.232 6.35 630.0
2458626.81991 20.664 0.285 5.29 627.0
2458626.89500 20.763 0.273 4.16 703.0
2458626.93236 20.444 0.243 5.00 747.0
2458627.69607 20.898 0.222 4.51 390.0
2458627.75632 20.549 0.170 4.18 489.0
2458635.64188 20.681 0.253 6.10 358.0
2458635.67910 20.879 0.268 5.44 345.0
2458635.73466 20.570 0.171 4.47 341.0
2458635.84249 20.194 0.149 4.98 418.0
2458636.59335 20.194 0.152 5.47 413.0
2458636.63885 20.639 0.238 5.59 381.0
2458636.79947 20.645 0.178 4.40 328.0
2458636.84514 20.861 0.214 4.14 351.0
2458636.89068 20.972 0.274 4.40 421.0
2458636.93529 20.480 0.241 5.76 577.0
2458637.60117 20.304 0.154 5.60 363.0
2458637.64394 20.425 0.172 5.75 328.0
2458637.75770 20.340 0.128 3.85 381.0
2458637.80732 20.617 0.166 3.81 404.0
2458637.85372 20.279 0.138 4.10 450.0
2458637.89991 20.281 0.137 4.26 460.0
2458638.62853 20.890 0.282 6.49 396.0
2458638.67739 20.811 0.202 4.93 346.0
2458638.79335 20.785 0.170 3.96 370.0
2458638.83992 20.853 0.271 5.06 384.0
2458638.88725 20.568 0.203 4.73 486.0
2458639.65095 20.381 0.135 4.29 436.0
2458639.69436 20.610 0.152 4.13 403.0
2458639.91513 20.697 0.231 4.60 514.0
2458640.58790 20.638 0.286 6.98 445.0
2458640.63082 20.920 0.289 5.80 370.0
2458640.74821 20.714 0.242 4.84 393.0
2458640.84707 20.702 0.273 5.26 403.0
2458640.89238 20.410 0.232 5.78 485.0
2458641.58151 20.081 0.183 6.78 520.0
2458641.64778 20.600 0.194 4.87 452.0
2458641.71293 20.847 0.207 4.19 410.0
2458642.60279 20.703 0.257 5.49 471.0
2458642.84836 20.865 0.286 4.42 478.0
2458643.56241 20.207 0.169 6.40 468.0
2458643.61064 20.871 0.238 5.25 381.0
2458643.67101 20.739 0.188 4.28 381.0
2458643.72701 20.691 0.163 3.95 368.0
2458643.78018 20.781 0.190 4.25 353.0
2458643.82757 20.836 0.238 4.51 382.0
2458643.87348 20.130 0.135 4.81 429.0
2458644.58121 20.397 0.232 6.08 498.0
2458644.62668 20.526 0.209 5.44 398.0
2458644.68273 20.724 0.182 4.27 334.0
2458644.74327 20.260 0.119 3.91 384.0
2458644.79249 20.598 0.252 5.74 440.0
2458644.83976 20.538 0.200 4.73 447.0
2458644.88540 20.212 0.207 6.02 472.0
2458645.63567 20.408 0.205 5.94 393.0
2458645.67444 20.333 0.264 6.76 638.0
2458646.74576 20.154 0.179 6.01 418.0
2458646.78638 20.398 0.185 5.37 366.0
2458646.83157 20.669 0.245 5.45 422.0
2458646.87923 20.317 0.271 7.24 510.0
2458647.61424 20.084 0.152 5.35 521.0
2458647.65737 20.571 0.296 6.50 494.0
2458647.76293 20.320 0.211 5.88 474.0
2458647.81466 20.508 0.297 6.58 492.0
2458647.84525 20.301 0.233 6.55 451.0
2458648.60632 19.977 0.176 6.40 646.0
2458648.69561 20.605 0.262 5.43 552.0
2458648.75067 20.708 0.296 5.36 574.0
2458648.80162 20.210 0.149 4.32 549.0
2458648.84827 20.658 0.264 5.12 559.0
2458648.89404 20.443 0.229 6.15 497.0
2458649.59961 19.901 0.201 6.33 785.0
2458655.52567 20.777 0.284 6.12 547.0
2458655.74820 20.048 0.183 5.70 706.0
2458656.62399 20.600 0.298 5.83 822.0
2458656.72917 20.492 0.199 5.12 483.0
2458656.79341 20.370 0.149 4.28 428.0
2458656.84597 20.434 0.221 5.69 511.0
2458657.58395 20.692 0.232 5.53 375.0
2458657.63371 20.875 0.256 5.05 347.0
2458657.73689 20.942 0.248 4.44 340.0
2458657.78643 21.050 0.245 4.33 342.0
2458657.83305 20.653 0.186 4.27 393.0
2458657.87925 20.630 0.212 4.60 451.0
2458658.54911 20.763 0.261 6.10 335.0
2458658.66502 20.399 0.126 4.27 358.0
2458660.57403 20.426 0.163 5.19 330.0
2458660.64008 20.157 0.113 4.52 326.0
2458660.69230 20.919 0.281 5.53 325.0
2458660.74459 21.040 0.276 4.84 344.0
2458660.79836 20.582 0.181 4.44 407.0
2458660.84618 20.838 0.284 5.41 503.0
2458661.63546 20.939 0.258 5.23 320.0
2458661.70293 20.852 0.242 5.40 323.0
2458662.58134 20.190 0.193 6.60 432.0
2458662.63054 20.547 0.198 5.40 366.0
2458664.52929 20.399 0.190 5.98 360.0
2458664.58976 20.174 0.116 4.96 282.0
2458664.64007 20.768 0.163 4.35 268.0
2458664.69036 20.166 0.109 4.67 280.0
2458664.74081 20.618 0.161 4.44 331.0
2458664.79490 20.501 0.167 4.85 437.0
2458666.53232 20.345 0.252 6.77 530.0
2458666.57821 20.282 0.226 6.82 425.0
2458666.62535 20.292 0.166 5.49 364.0
2458666.67792 20.715 0.278 6.30 329.0
2458666.72756 20.601 0.207 5.38 321.0
2458666.80585 20.155 0.169 6.32 336.0
2458667.56078 19.811 0.212 8.68 486.0
2458667.65493 20.932 0.286 4.97 390.0
2458667.75467 20.312 0.128 4.24 329.0
2458667.80092 20.373 0.175 5.23 365.0
2458668.48508 20.559 0.297 7.10 503.0
2458668.53892 20.581 0.274 6.81 385.0
2458668.64409 20.254 0.135 5.42 284.0
2458668.70425 20.429 0.141 4.51 292.0
2458668.75326 20.411 0.126 4.18 274.0
2458668.79961 20.409 0.135 4.40 294.0
2458668.84645 20.098 0.173 6.63 382.0
2458669.53773 20.599 0.272 6.36 492.0
2458669.58628 20.173 0.169 6.41 385.0
2458669.64372 19.892 0.110 5.04 398.0
2458669.70515 20.446 0.154 4.47 378.0
2458669.75355 20.484 0.146 4.23 338.0
2458669.80091 20.620 0.172 4.19 391.0
2458669.84720 20.580 0.201 5.28 375.0
2458670.49775 20.243 0.176 6.26 476.0
2458670.53803 20.290 0.172 5.83 410.0
2458670.58422 20.532 0.144 4.37 347.0
2458670.65045 20.190 0.088 3.42 321.0
2458670.70287 20.689 0.142 3.80 276.0
2458670.75104 20.567 0.136 3.74 297.0
2458670.79827 20.854 0.210 4.49 333.0
2458671.67009 20.376 0.240 7.19 324.0
2458673.58413 20.126 0.146 5.23 446.0
2458673.64570 20.209 0.137 4.95 344.0
2458673.69391 20.495 0.154 4.39 340.0
2458673.74828 20.403 0.177 5.42 357.0
2458674.56660 20.493 0.260 6.69 409.0
2458674.66161 20.822 0.229 4.91 316.0
2458674.71251 20.612 0.194 4.71 359.0
2458674.76311 20.521 0.195 5.12 377.0
2458675.60880 20.544 0.207 3.96 682.0
2458675.64794 20.727 0.179 3.54 448.0
2458675.68766 20.630 0.196 4.28 434.0
2458675.72673 20.500 0.194 4.78 447.0
2458675.76368 20.157 0.131 4.60 425.0
2458675.80971 20.682 0.269 5.86 376.0
2458675.84661 19.811 0.119 5.68 438.0
2458676.47628 20.258 0.290 6.93 773.0
2458676.51451 20.261 0.192 5.55 563.0
2458676.60088 20.714 0.203 4.23 464.0
2458676.63819 20.651 0.295 6.66 477.0
2458676.68964 19.930 0.120 4.89 464.0
2458676.72689 20.598 0.211 4.54 510.0
2458676.76505 20.721 0.275 4.94 544.0
2458676.80317 20.416 0.261 5.90 587.0
2458676.83967 20.402 0.260 6.72 517.0
2458677.61941 20.505 0.233 4.85 649.0
2458677.77276 20.371 0.190 4.30 728.0
2458681.59340 20.165 0.213 4.77 1004.0
2458681.68224 19.777 0.178 5.58 997.0
2458682.65869 20.742 0.275 4.38 588.0
2458682.80479 20.290 0.261 6.15 777.0
2458683.47671 20.200 0.211 6.75 502.0
2458683.56209 20.488 0.284 6.37 529.0
2458683.73721 20.710 0.261 4.67 514.0
2458683.77806 20.295 0.191 4.86 538.0
2458683.81835 20.403 0.268 6.23 579.0
2458684.52454 20.541 0.247 6.14 413.0
2458684.65132 20.807 0.276 4.68 488.0
2458684.70946 20.475 0.184 4.68 428.0
2458684.79924 20.277 0.164 4.76 487.0
2458685.48773 20.403 0.224 6.18 459.0
2458685.54363 20.558 0.214 5.64 408.0
2458685.61192 20.626 0.247 4.49 863.0
2458685.70399 20.681 0.241 4.48 739.0
2458688.57969 20.196 0.185 6.31 358.0
2458689.48904 20.098 0.210 7.12 442.0
2458689.56570 20.470 0.223 5.98 364.0
2458689.67236 20.331 0.188 6.20 327.0
2458689.72435 20.422 0.197 5.97 338.0
2458689.80574 19.985 0.179 6.66 506.0
2458690.47753 20.234 0.207 6.05 486.0
2458690.66665 20.422 0.137 4.10 329.0
2458690.71275 20.847 0.181 3.89 321.0
2458690.75079 20.810 0.260 5.60 346.0
2458691.47538 20.473 0.183 4.67 506.0
2458691.51353 20.740 0.185 4.56 346.0
2458691.55154 20.364 0.121 4.39 301.0
2458691.59119 20.673 0.159 4.08 311.0
2458691.63770 20.790 0.160 3.77 306.0
2458691.68823 21.047 0.253 4.12 405.0
2458691.73911 20.252 0.188 5.92 397.0
2458691.77704 20.155 0.148 5.54 392.0
2458692.47574 20.456 0.249 5.96 569.0
2458692.51655 20.618 0.226 5.41 435.0
2458692.56214 20.419 0.162 4.52 492.0
2458692.67618 21.100 0.295 4.49 415.0
2458692.71683 20.730 0.214 4.46 360.0
2458693.65098 20.423 0.197 5.80 328.0
2458693.69189 20.400 0.172 5.24 340.0
2458693.75755 20.411 0.227 6.52 384.0
2458694.48009 19.787 0.104 5.35 417.0
2458694.55893 21.171 0.258 3.97 364.0
2458694.60032 21.253 0.297 4.21 320.0
2458694.63856 20.819 0.206 4.31 315.0
2458694.67851 20.380 0.125 3.88 354.0
2458694.76837 20.251 0.123 4.42 343.0
2458695.47989 20.789 0.260 5.55 429.0
2458695.51864 20.649 0.207 5.30 355.0
2458695.55898 20.681 0.186 4.58 337.0
2458695.60318 20.846 0.175 3.69 321.0
2458695.66021 20.720 0.155 3.99 284.0
2458695.70640 20.495 0.145 4.43 294.0
2458695.75510 20.454 0.130 3.92 360.0
2458698.51779 20.548 0.194 5.47 328.0
2458698.61197 21.229 0.270 4.12 289.0
2458698.65461 20.373 0.134 4.19 293.0
2458698.69841 20.419 0.159 4.62 317.0
2458698.74902 20.996 0.269 4.48 349.0
2458699.48242 20.309 0.171 5.06 468.0
2458699.57716 20.278 0.097 3.71 295.0
2458699.62683 20.407 0.141 4.42 297.0
2458699.67043 20.520 0.157 4.24 324.0
2458699.70874 20.502 0.158 4.03 353.0
2458699.75402 20.589 0.172 4.31 355.0
2458700.48160 20.382 0.169 5.11 435.0
2458700.52059 20.703 0.190 4.31 348.0
2458700.58192 20.774 0.225 4.64 356.0
2458700.67599 20.604 0.208 4.78 376.0
2458700.71954 20.474 0.175 4.65 379.0
2458700.75897 20.308 0.160 5.10 420.0
2458701.52222 20.509 0.180 4.57 380.0
2458701.58210 20.571 0.209 5.39 357.0
2458701.63882 20.492 0.169 4.13 385.0
2458701.67711 20.637 0.202 4.49 354.0
2458701.72834 20.167 0.149 5.37 390.0
2458701.76652 20.059 0.151 5.54 464.0
2458702.48155 19.715 0.132 6.34 416.0
2458702.52212 20.189 0.143 4.90 383.0
2458702.59571 20.677 0.220 5.19 338.0
2458702.68202 20.414 0.164 4.75 362.0
2458703.48272 20.392 0.266 6.43 514.0
2458703.52349 20.456 0.224 5.52 475.0
2458704.63943 20.476 0.247 5.33 598.0
2458708.58895 20.238 0.189 3.81 1202.0
2458708.61852 20.591 0.204 3.74 700.0
2458710.48168 20.518 0.287 5.45 704.0
2458711.48069 20.405 0.253 4.83 909.0
2458711.54679 20.276 0.192 5.06 569.0
2458711.59358 20.287 0.242 5.05 942.0
2458711.63303 20.365 0.263 5.63 728.0
2458711.67399 20.362 0.291 6.13 765.0
2458712.53766 20.324 0.184 4.98 478.0
2458712.59027 20.479 0.247 5.97 435.0
2458712.65420 20.020 0.181 6.51 499.0
2458713.47969 20.549 0.230 5.51 415.0
2458713.52221 20.253 0.152 4.83 414.0
2458713.56630 20.303 0.181 5.16 453.0
2458713.64694 20.338 0.178 5.05 436.0
2458713.68776 20.295 0.198 5.66 471.0
2458713.72606 20.331 0.237 6.21 532.0
2458714.48420 20.460 0.234 6.10 401.0
2458714.57390 20.261 0.181 5.52 408.0
2458714.62027 20.633 0.253 4.79 738.0
2458715.59786 20.586 0.194 4.53 378.0
2458715.63967 20.817 0.209 4.32 342.0
2458715.67930 20.352 0.153 4.83 356.0
2458716.48855 20.776 0.218 4.82 350.0
2458716.53898 21.139 0.283 4.40 329.0
2458716.59075 20.463 0.143 4.00 309.0
2458716.63551 20.695 0.167 4.16 325.0
2458716.68036 20.583 0.178 4.89 355.0
2458716.72005 20.568 0.209 5.55 446.0
2458717.48172 20.536 0.292 6.81 391.0
2458717.56755 20.324 0.160 5.22 312.0
2458717.60889 20.865 0.290 5.50 313.0
2458717.65869 20.638 0.246 5.83 307.0
2458717.70009 20.152 0.223 7.27 406.0
2458718.48918 20.401 0.152 4.53 374.0
2458718.55310 20.349 0.143 4.65 307.0
2458718.59324 21.080 0.232 3.93 260.0
2458718.63442 20.663 0.173 4.02 316.0
2458719.52478 20.503 0.216 5.60 368.0
2458719.56625 20.441 0.187 5.14 364.0
2458719.61693 20.665 0.281 6.23 364.0
2458719.64075 20.471 0.195 5.56 349.0
2458719.67996 20.695 0.249 6.20 367.0
2458721.49022 20.439 0.160 5.05 344.0
2458721.53331 20.655 0.203 5.02 333.0
2458721.58243 21.022 0.273 4.75 325.0
2458721.63363 20.943 0.274 5.21 315.0
2458721.67755 20.200 0.145 5.23 329.0
2458722.48255 20.508 0.170 4.46 424.0
2458722.53826 20.885 0.260 4.65 355.0
2458722.58829 20.608 0.158 4.24 304.0
2458722.63502 20.463 0.157 5.05 289.0
2458722.68539 20.293 0.217 6.92 339.0
2458722.71938 20.132 0.173 7.05 344.0
2458723.53839 20.361 0.154 4.59 407.0
2458723.63113 20.620 0.183 4.38 390.0
2458723.66976 20.433 0.208 5.79 385.0
2458724.53630 20.737 0.228 5.12 330.0
2458724.58978 20.301 0.145 5.15 317.0
2458724.63159 20.458 0.139 4.29 335.0
2458724.67146 20.466 0.171 5.00 359.0
2458725.48860 20.240 0.167 5.28 415.0
2458725.58161 20.951 0.278 5.20 329.0
2458726.57243 20.702 0.238 5.36 336.0
2458726.62538 20.826 0.221 4.52 289.0
2458726.66447 20.572 0.176 4.67 301.0
2458727.64621 20.790 0.291 5.34 413.0
2458727.69089 19.652 0.142 7.50 420.0
2458728.53317 20.590 0.291 6.23 423.0
2458728.58438 20.587 0.195 4.76 377.0
2458728.62738 20.566 0.191 4.62 366.0
2458728.66585 20.178 0.134 4.66 361.0
2458729.52904 20.247 0.161 5.65 325.0
2458729.61645 20.317 0.157 4.70 396.0
2458729.66461 20.190 0.155 5.62 379.0
2458730.57318 20.116 0.175 6.24 370.0
2458730.65155 20.392 0.208 6.35 334.0
2458738.53995 20.406 0.244 5.64 603.0
2458738.58032 20.165 0.208 5.63 654.0
2458738.61859 20.372 0.298 6.26 715.0
2458739.49381 20.016 0.204 6.30 677.0
2458739.61516 20.291 0.273 6.27 700.0
2458741.53438 20.159 0.206 6.53 492.0
2458741.57620 20.224 0.185 5.72 512.0
2458741.63060 20.320 0.208 5.65 555.0
2458742.53612 20.506 0.271 6.15 515.0
2458742.57658 20.215 0.194 5.46 550.0
2458742.62962 20.160 0.202 5.96 568.0
2458746.54405 20.559 0.283 6.99 344.0
2458746.55787 20.662 0.289 6.66 336.0
2458746.57194 20.408 0.251 7.11 352.0
2458746.62181 20.151 0.197 6.83 372.0
2458747.53475 19.991 0.148 6.47 328.0
2458747.58814 19.986 0.173 7.49 330.0
2458748.48985 20.642 0.242 5.53 433.0
2458748.50384 20.698 0.264 5.70 414.0
2458748.57766 20.176 0.212 6.69 414.0
2458748.63003 19.823 0.136 6.35 439.0
2458750.54442 20.422 0.185 5.07 415.0
2458750.55837 20.195 0.160 5.37 413.0
2458750.61501 20.348 0.196 5.91 392.0
2458750.62889 19.681 0.132 6.82 403.0
2458752.49086 20.692 0.228 4.68 490.0
2458752.56458 20.533 0.205 5.22 391.0
2458752.61650 20.305 0.164 5.22 388.0
2458753.50342 20.126 0.152 5.34 431.0
2458753.54789 20.184 0.177 5.99 399.0
2458753.59362 20.526 0.246 5.92 407.0
2458754.49255 20.446 0.203 5.06 470.0
2458754.53245 20.569 0.258 5.83 441.0
2458754.57697 20.380 0.234 6.14 446.0
2458754.61591 20.282 0.225 6.65 448.0
2458755.49013 20.816 0.235 4.33 410.0
2458755.53884 20.871 0.222 3.94 377.0
2458755.57971 19.863 0.104 4.47 390.0
2458755.61563 19.822 0.106 4.73 424.0
2458757.56187 20.351 0.212 6.06 376.0
2458757.60620 20.454 0.283 7.08 387.0
2458763.51498 20.426 0.227 5.14 650.0
2458763.52903 20.104 0.192 5.42 672.0
2458763.54290 20.193 0.194 5.15 656.0
2458766.49334 20.389 0.295 6.41 686.0
2458768.56643 19.700 0.191 7.57 711.0
2458781.54933 19.882 0.139 5.19 529.0
2458781.56244 19.997 0.197 6.68 545.0
2458782.54263 20.210 0.176 4.91 572.0
2458783.50380 20.121 0.188 5.78 542.0
2458783.54734 19.769 0.136 6.17 505.0
2458784.51942 19.720 0.160 7.08 515.0
2458786.50986 20.136 0.241 6.50 595.0
2458890.87335 20.569 0.279 5.70 692.0
2458892.88704 20.133 0.197 5.14 950.0
2458893.87504 20.174 0.171 5.43 610.0
2458899.88341 20.674 0.255 5.74 426.0
2458900.85777 20.867 0.261 5.33 394.0
2458900.89256 20.355 0.240 5.40 832.0
2458901.85598 20.965 0.292 5.54 365.0
2458902.86010 20.186 0.141 5.49 360.0
2458903.85794 20.212 0.199 6.60 430.0
2458904.85133 20.221 0.163 6.34 342.0
2458904.89484 20.671 0.279 5.80 484.0
2458905.85538 20.505 0.174 5.46 365.0
2458905.89017 20.544 0.181 4.98 408.0
2458906.87883 20.430 0.190 5.80 361.0
2458907.87876 20.659 0.212 5.18 406.0
2458908.84629 20.708 0.273 6.05 418.0
2458908.88103 20.842 0.299 5.92 401.0
2458909.84015 20.781 0.236 5.61 352.0
2458909.87410 20.451 0.153 4.84 336.0
2458910.81490 20.336 0.223 6.83 404.0
2458911.81963 20.397 0.203 6.10 409.0
2458912.81358 20.533 0.266 6.74 420.0
2458912.88025 20.121 0.132 5.56 368.0
2458914.86545 20.964 0.276 5.13 376.0
2458914.89820 20.451 0.214 5.71 458.0
2458915.83471 20.271 0.166 5.73 411.0
2458915.86809 20.715 0.216 5.18 351.0
2458915.90112 20.476 0.211 5.59 467.0
2458916.81670 19.909 0.132 5.14 623.0
2458916.84964 20.551 0.215 4.69 525.0
2458916.88376 20.705 0.226 4.32 442.0
2458917.79678 20.378 0.255 5.47 915.0
2458917.82981 20.505 0.249 4.97 750.0
2458917.86449 20.665 0.240 4.83 645.0
2458917.89888 20.273 0.204 4.57 880.0
2458918.81700 20.122 0.178 5.26 772.0
2458918.85011 19.901 0.126 4.91 649.0
2458918.88383 20.380 0.190 5.01 561.0
2458919.85489 20.383 0.226 5.86 595.0
2458919.88882 20.465 0.204 5.13 529.0
2458920.83384 20.152 0.161 5.19 622.0
2458920.87151 20.151 0.140 4.45 555.0
2458921.83669 20.859 0.292 5.08 595.0
2458921.87038 20.540 0.206 4.88 561.0
2458921.90462 20.490 0.215 4.34 772.0
2459795.60282 20.436 0.179 5.61 321.0
2459795.64099 20.231 0.132 5.25 309.0
2459795.67459 20.061 0.176 7.48 338.0
2459795.70989 20.104 0.167 6.50 353.0
2459795.74303 20.184 0.191 6.70 394.0
2459795.76899 20.443 0.279 6.69 471.0
2459796.54184 20.192 0.171 6.28 362.0
2459796.65188 20.527 0.188 5.12 333.0
2459796.68602 20.496 0.182 5.33 326.0
2459796.75507 20.491 0.197 5.71 337.0
2459797.58615 20.220 0.203 6.24 438.0
2459797.69970 20.780 0.285 5.29 430.0
2459798.70904 19.895 0.205 6.72 742.0
2459804.54940 20.441 0.234 5.55 549.0
2459804.58458 20.260 0.186 5.29 551.0
2459805.64063 20.696 0.273 5.09 508.0
2459805.67395 20.163 0.167 5.06 544.0
2459805.70687 20.241 0.200 5.34 562.0
2459805.73976 20.183 0.230 6.28 612.0
2459806.67128 20.186 0.210 5.99 491.0
2459806.70437 20.126 0.193 5.80 512.0
2459807.47827 19.970 0.197 6.01 775.0
2459807.52085 20.476 0.182 5.20 346.0
2459807.56806 20.430 0.175 5.12 356.0
2459807.62260 20.792 0.243 5.09 382.0
2459807.67821 20.817 0.262 5.22 402.0
2459808.50656 20.374 0.222 6.46 348.0
2459808.67864 20.023 0.163 6.01 397.0
2459808.71532 20.370 0.183 4.90 393.0
2459809.63545 20.170 0.166 6.14 303.0
2459809.71005 20.106 0.144 5.12 385.0
2459810.50469 20.301 0.116 4.21 303.0
2459810.55103 20.986 0.215 3.96 315.0
2459810.67809 20.555 0.161 4.44 329.0
2459811.48160 19.860 0.170 6.57 438.0
2459811.51477 20.476 0.243 6.48 310.0
2459811.58180 20.691 0.238 5.66 330.0
2459811.68917 20.215 0.131 4.38 324.0
2459811.72724 20.822 0.251 4.55 378.0
2459812.63856 20.679 0.288 6.82 317.0
2459813.51153 20.155 0.219 7.12 345.0
2459813.68442 20.137 0.162 6.22 325.0
2459813.71964 20.310 0.182 6.11 323.0
2459814.50075 20.195 0.171 5.98 369.0
2459814.55489 20.199 0.150 5.44 333.0
2459814.67771 20.443 0.236 6.37 389.0
2459814.71076 20.400 0.221 6.52 375.0
2459815.50866 20.558 0.181 4.71 343.0
2459815.55272 20.634 0.220 5.25 341.0
2459816.56604 20.860 0.296 5.72 346.0
2459816.65715 20.444 0.172 4.83 338.0
2459817.54166 20.540 0.177 4.39 376.0
2459817.59145 20.839 0.227 4.23 364.0
2459817.64092 20.899 0.295 6.16 396.0
2459817.70847 20.440 0.199 5.62 428.0
2459819.49347 20.715 0.208 4.43 474.0
2459819.55204 20.919 0.236 4.17 390.0
2459820.68357 20.487 0.214 5.83 382.0
2459821.50569 20.760 0.268 5.79 362.0
2459821.66719 20.577 0.220 5.46 398.0
2459822.49342 20.728 0.254 5.42 431.0
2459822.53044 20.325 0.175 5.36 380.0
2459822.57813 20.554 0.232 5.91 384.0
2459823.60340 20.131 0.187 6.64 425.0
2459823.68188 20.363 0.288 7.94 432.0
2459824.54295 20.185 0.268 7.85 489.0
2459824.67960 20.009 0.142 5.95 404.0
2459825.64586 20.297 0.262 6.87 557.0
2459830.48398 19.959 0.270 7.50 966.0
2459831.51410 20.379 0.266 6.40 656.0
2459831.54994 20.118 0.230 6.82 662.0
2459831.60635 20.416 0.291 6.33 737.0
2459834.51860 20.691 0.271 5.45 519.0
2459834.55606 20.112 0.169 5.46 571.0
2459834.59166 19.801 0.140 5.93 606.0
2459834.63027 20.363 0.230 5.53 655.0
2459835.61995 20.497 0.278 6.12 528.0
2459835.65509 19.891 0.143 7.07 317.0
2459837.63851 20.626 0.218 4.66 528.0
2459838.56545 20.259 0.170 5.25 429.0
2459841.52950 20.301 0.179 5.63 427.0
2459841.56465 20.619 0.208 5.05 442.0
2459841.59988 20.069 0.150 5.62 462.0
2459844.54097 20.426 0.244 6.52 426.0
2459844.57661 20.020 0.127 5.14 431.0
2459844.61201 20.509 0.253 6.29 460.0
2459845.51096 20.401 0.248 6.56 387.0
2459845.54719 20.175 0.171 6.20 371.0
2459845.58484 20.709 0.234 5.25 381.0
2459848.55094 20.145 0.191 6.31 461.0
2459848.58608 19.971 0.155 5.99 486.0
2459848.62173 20.057 0.160 5.92 472.0
2459850.51828 20.236 0.234 6.66 419.0
2459850.57686 19.845 0.149 6.53 424.0
2459851.60378 20.395 0.265 7.12 460.0
2459852.50902 20.155 0.233 7.69 446.0
2459852.55140 19.967 0.167 6.61 447.0
2459852.58500 20.735 0.277 5.29 473.0
2459859.50460 20.413 0.213 5.04 671.0
2459859.57927 20.345 0.218 5.12 780.0
2459860.54741 20.045 0.233 6.59 775.0
2459860.57773 20.118 0.242 6.01 848.0
2459861.53595 19.965 0.177 5.30 783.0
2459863.54453 19.915 0.180 5.98 721.0
2459865.54822 19.902 0.186 7.15 563.0
2459866.52734 20.401 0.206 4.75 624.0
2459867.49830 20.238 0.256 5.66 1027.0
2459869.53447 20.698 0.273 5.12 483.0
2460001.85561 20.687 0.217 4.68 502.0
2460004.84345 20.523 0.169 4.49 416.0
2460008.82927 20.290 0.199 5.22 686.0
2460013.81198 20.260 0.166 4.99 584.0
2460016.82489 20.220 0.190 5.21 712.0
2460022.80656 20.352 0.171 5.50 364.0
2460025.78394 20.489 0.190 5.27 389.0
2460027.88960 20.973 0.261 4.75 387.0
2460030.78088 20.522 0.163 4.72 348.0
2460032.85271 20.529 0.160 4.68 323.0
2460034.89768 20.646 0.188 4.76 378.0
2460037.85492 20.959 0.233 4.40 376.0
2460040.75871 20.166 0.170 4.97 767.0
2460048.82853 20.951 0.285 5.28 434.0
2460048.89053 21.102 0.266 4.32 418.0
2460049.77193 20.350 0.150 5.20 344.0
2460049.82455 20.602 0.178 4.80 373.0
2460049.87072 20.369 0.137 4.37 402.0
2460049.92095 20.239 0.156 4.20 688.0
2460050.80261 20.246 0.134 5.12 344.0
2460050.87426 20.538 0.177 5.05 361.0
2460050.91932 20.556 0.201 5.00 469.0
2460051.79181 20.674 0.237 5.74 360.0
2460052.82996 20.539 0.167 4.78 391.0
2460052.87964 20.924 0.258 4.89 409.0
2460053.74306 20.500 0.172 5.05 383.0
2460053.78606 20.517 0.165 5.10 356.0
2460053.83727 21.110 0.291 5.01 370.0
2460053.88165 20.804 0.220 4.93 382.0
2460053.92450 20.245 0.223 5.32 905.0
2460054.81656 20.644 0.162 4.41 349.0
2460054.87246 20.797 0.193 4.28 369.0
2460054.91511 20.743 0.224 4.61 424.0
2460056.76345 20.833 0.247 5.50 383.0
2460056.81425 20.482 0.147 4.55 364.0
2460056.86021 20.228 0.123 4.63 363.0
2460057.77633 20.480 0.212 6.01 387.0
2460057.82311 20.633 0.184 4.65 385.0
2460057.89041 20.203 0.132 4.92 389.0
2460058.74694 20.093 0.149 5.68 427.0
2460058.81691 20.713 0.232 5.41 399.0
2460058.86094 20.919 0.269 5.34 352.0
2460058.89348 20.351 0.145 5.09 333.0
2460059.69437 20.349 0.244 7.45 416.0
2460059.82433 20.777 0.256 5.63 408.0
2460059.87284 20.462 0.209 5.97 418.0
2460059.91615 20.357 0.169 5.22 424.0
2460060.72869 20.365 0.155 4.76 443.0
2460060.77087 20.451 0.172 5.15 399.0
2460060.81190 20.732 0.185 4.09 403.0
2460060.85884 20.292 0.135 4.52 418.0
2460060.92453 20.676 0.198 3.75 612.0
2460061.74936 20.568 0.197 4.96 418.0
2460061.78969 20.682 0.201 4.62 407.0
2460061.87765 20.628 0.172 4.31 386.0
2460061.91815 20.904 0.220 4.00 427.0
2460062.73500 20.377 0.154 5.04 400.0
2460062.77536 20.451 0.144 4.36 375.0
2460062.81911 20.457 0.134 4.22 374.0
2460062.86355 21.170 0.282 4.33 398.0
2460062.90536 20.095 0.106 4.17 407.0
2460063.75310 20.812 0.243 5.03 420.0
2460063.79625 20.498 0.161 4.44 426.0
2460063.84398 20.639 0.188 4.21 451.0
2460063.88733 20.197 0.141 4.69 473.0
2460063.92904 20.304 0.217 4.31 1160.0
2460065.92505 20.260 0.171 5.48 437.0
2460066.75025 20.537 0.208 5.18 458.0
2460066.80500 20.425 0.161 4.77 417.0
2460066.86096 20.890 0.220 4.20 385.0
2460067.70548 19.939 0.141 5.50 576.0
2460067.74703 20.892 0.285 4.81 527.0
2460067.79048 20.314 0.170 5.10 517.0
2460067.83427 20.594 0.202 4.80 500.0
2460067.90262 20.242 0.136 4.69 433.0
2460068.68123 20.180 0.185 5.40 734.0
2460068.76273 20.554 0.232 5.31 577.0
2460068.80409 20.597 0.204 4.58 568.0
2460068.84811 20.488 0.214 4.80 655.0
2460068.88978 20.443 0.206 4.66 657.0
2460068.92993 20.153 0.147 4.81 540.0
2460069.73612 20.260 0.264 6.22 867.0
2460069.77661 20.187 0.211 5.54 799.0
2460070.77623 20.310 0.292 5.83 1045.0
2460070.90647 20.244 0.246 5.07 1225.0
2460075.80462 20.408 0.202 4.85 649.0
2460075.90862 20.627 0.265 4.34 862.0
2460076.67421 20.495 0.207 5.39 436.0
2460076.71448 20.510 0.188 4.93 425.0
2460076.84280 20.724 0.240 4.79 450.0
2460076.88383 20.200 0.167 4.93 547.0
2460076.92642 20.548 0.292 5.78 672.0
2460083.72631 20.690 0.275 5.51 477.0
2460083.83733 20.795 0.263 4.94 491.0
2460083.87593 20.598 0.193 4.33 471.0
2460086.73444 20.882 0.297 5.70 402.0
2460086.86420 20.765 0.237 4.82 449.0
2460086.91239 20.506 0.219 5.20 486.0
2460087.73695 20.782 0.198 4.28 378.0
2460087.77546 20.917 0.251 4.73 430.0
2460087.85261 20.419 0.154 4.30 434.0
2460087.89280 20.640 0.201 4.44 491.0
2460087.93105 20.572 0.236 5.11 593.0
2460088.71589 20.846 0.252 5.17 374.0
2460088.75416 20.994 0.288 5.36 365.0
2460088.79390 20.621 0.203 4.89 406.0
2460088.83800 20.399 0.190 5.30 423.0
2460088.91329 20.546 0.248 5.54 531.0
2460089.66790 20.736 0.259 5.06 496.0
2460089.70523 20.283 0.169 5.31 452.0
2460089.78422 20.742 0.282 5.91 441.0
2460091.73229 20.512 0.193 4.86 485.0
2460091.77238 20.566 0.179 4.54 491.0
2460092.64507 20.644 0.228 5.12 448.0
2460092.85162 20.054 0.140 5.19 497.0
2460094.82985 20.588 0.163 4.27 365.0
2460094.86723 20.636 0.180 4.26 415.0
2460094.94197 20.150 0.285 5.72 1376.0
2460095.82552 20.749 0.233 4.65 464.0
2460095.86410 20.301 0.189 5.66 479.0
2460095.94058 20.271 0.278 6.23 890.0
2460096.65824 20.739 0.260 4.37 572.0
2460096.73798 20.841 0.257 4.60 512.0
2460096.91927 20.479 0.179 4.32 498.0
2460104.60201 20.754 0.254 5.00 462.0
2460104.68828 20.652 0.252 5.20 441.0
2460104.73321 20.798 0.276 5.15 447.0
2460104.77429 20.624 0.256 5.42 466.0
2460104.81270 20.479 0.213 5.01 516.0
2460104.89081 20.584 0.265 4.94 670.0
2460104.92857 20.461 0.275 5.14 835.0
2460105.70340 20.497 0.219 5.39 469.0
2460105.78144 20.738 0.245 5.07 412.0
2460105.81977 20.995 0.293 5.08 397.0
2460105.85779 20.676 0.219 5.11 396.0
2460105.90681 20.673 0.281 5.84 532.0
2460106.75738 20.713 0.237 5.28 376.0
2460106.79617 20.660 0.235 5.35 417.0
2460106.83406 20.768 0.293 6.05 421.0
2460106.87154 20.103 0.186 6.58 477.0
2460110.64711 20.645 0.215 5.20 409.0
2460111.60434 21.075 0.295 4.87 402.0
2460111.64605 20.945 0.260 4.76 420.0
2460111.68512 20.744 0.176 4.27 374.0
2460111.87930 20.448 0.251 5.24 726.0
2460112.58508 20.297 0.202 5.95 427.0
2460112.74794 20.492 0.208 4.94 445.0
2460112.82478 20.746 0.222 4.29 479.0
2460112.86286 20.711 0.256 4.91 489.0
2460113.58183 20.891 0.280 5.01 447.0
2460113.62168 20.829 0.281 5.73 370.0
2460113.78370 20.783 0.280 5.42 435.0
2460113.82965 20.713 0.237 5.19 431.0
2460116.66016 20.729 0.259 5.73 383.0
2460116.78901 20.471 0.218 6.11 386.0
2460118.84260 20.634 0.253 5.50 488.0
2460120.52073 20.184 0.173 5.82 455.0
2460120.68810 20.741 0.243 5.18 360.0
2460122.62514 20.837 0.298 5.74 386.0
2460122.66371 20.811 0.263 5.26 394.0
2460122.79202 20.173 0.169 5.77 418.0
2460123.67857 20.830 0.266 5.34 425.0
2460123.71709 20.590 0.197 4.85 438.0
2460123.75417 20.374 0.189 5.21 483.0
2460123.79158 20.885 0.250 4.45 497.0
2460124.54620 20.285 0.255 6.31 575.0
2460124.63958 20.679 0.225 5.01 477.0
2460124.67811 20.735 0.275 5.43 533.0
2460124.71765 20.744 0.267 5.11 533.0
2460124.75619 20.558 0.221 4.77 562.0
2460124.79716 20.608 0.254 5.05 598.0
2460125.51049 20.184 0.288 6.29 1035.0
2460125.58836 20.103 0.202 5.46 701.0
2460130.74259 20.257 0.263 6.40 728.0
2460133.71741 20.607 0.277 6.19 486.0
2460134.51069 20.374 0.199 5.16 574.0
2460134.79629 20.576 0.206 4.66 533.0
2460138.49609 20.601 0.229 4.77 603.0
2460139.49252 20.169 0.226 6.43 597.0
2460139.60309 20.824 0.239 5.31 350.0
2460139.63362 20.737 0.233 5.43 341.0
2460139.71135 20.532 0.180 4.94 357.0
2460139.74905 20.669 0.257 5.56 416.0
2460140.53444 20.668 0.234 5.34 368.0
2460140.66632 20.818 0.266 5.06 357.0
2460140.70805 20.497 0.194 5.19 384.0
2460140.82264 20.441 0.241 6.09 525.0
2460141.66850 20.941 0.296 5.47 349.0
2460141.71361 20.810 0.247 5.29 338.0
2460141.75180 20.740 0.248 5.55 368.0
2460142.66011 20.562 0.197 5.44 324.0
2460142.70532 20.405 0.185 5.92 356.0
2460142.74546 20.613 0.250 5.92 411.0
2460143.61244 20.785 0.217 4.70 401.0
2460143.65304 20.474 0.154 4.49 367.0
2460143.69065 20.627 0.190 4.67 380.0
2460143.72863 20.479 0.172 4.98 364.0
2460143.81108 20.372 0.189 5.77 407.0
2460144.51929 20.779 0.262 5.35 484.0
2460144.61543 20.616 0.166 4.38 389.0
2460145.64328 20.520 0.178 4.83 388.0
2460145.71621 20.522 0.163 4.45 389.0
2460145.75461 20.542 0.185 4.98 397.0
2460148.59996 20.786 0.266 5.78 352.0
2460148.63957 20.711 0.219 5.07 375.0
2460148.72223 20.211 0.181 5.90 457.0
2460149.59350 20.527 0.183 5.14 399.0
2460149.68814 20.593 0.215 5.45 361.0
2460149.72952 20.912 0.282 5.50 376.0
2460149.76719 20.374 0.225 6.50 395.0
2460149.80184 20.137 0.207 6.97 441.0
2460151.57049 20.233 0.203 6.26 467.0
2460151.73474 20.663 0.202 4.83 408.0
2460151.77456 20.884 0.242 4.69 405.0
2460151.80121 20.188 0.158 5.39 469.0
2460158.72158 20.250 0.221 4.91 1027.0
2460159.59941 20.522 0.194 4.16 551.0
2460159.67606 20.416 0.201 4.85 597.0
2460160.49111 20.239 0.163 5.77 409.0
2460160.52936 20.521 0.212 5.62 430.0
2460160.56656 20.390 0.235 4.85 720.0
2460161.47002 19.988 0.241 5.79 1365.0
2460162.53155 20.372 0.205 6.02 388.0
2460167.63388 20.170 0.190 7.09 313.0
2460168.47699 20.409 0.276 6.62 614.0
2460168.63917 20.670 0.218 4.90 363.0
2460168.67610 20.409 0.163 5.05 333.0
2460168.71429 20.542 0.187 5.18 294.0
2460169.63225 20.619 0.209 5.40 327.0
2460169.67336 20.557 0.203 5.55 314.0
2460170.47511 20.551 0.280 5.24 836.0
2460170.51438 20.649 0.211 5.41 332.0
2460170.63041 20.725 0.215 4.90 322.0
2460170.66771 20.942 0.262 4.95 332.0
2460170.70552 20.407 0.176 5.19 368.0
2460171.47794 20.190 0.171 5.38 554.0
2460171.52032 20.863 0.204 4.53 325.0
2460171.60313 20.425 0.151 4.53 352.0
2460171.65210 20.337 0.149 4.80 377.0
2460171.68911 20.777 0.253 5.48 388.0
2460172.48962 20.630 0.265 6.21 414.0
2460173.56291 20.689 0.286 6.40 345.0
2460173.60226 20.726 0.221 5.11 339.0
2460173.64104 20.736 0.267 5.75 369.0
2460174.64940 20.721 0.273 5.87 365.0
2460177.59578 20.347 0.189 5.81 353.0
2460177.71641 20.105 0.159 5.98 434.0
2460178.61870 20.451 0.246 6.43 368.0
2460178.65591 20.352 0.270 7.39 399.0
2460179.61078 20.532 0.228 5.87 391.0
2460179.64880 20.863 0.295 5.55 435.0
2460179.72317 20.320 0.257 7.02 477.0
2460180.51854 20.159 0.179 5.77 498.0
2460180.63845 20.430 0.200 5.23 468.0
2460185.62204 20.396 0.281 5.89 796.0
2460186.56342 20.404 0.254 5.31 762.0
2460186.63950 20.019 0.219 6.27 850.0
2460187.48331 20.092 0.207 5.38 942.0
2460187.64803 20.099 0.205 5.39 922.0
2460188.56743 20.556 0.279 5.90 550.0
2460188.61368 20.348 0.274 5.82 1009.0
2460188.67560 20.330 0.254 6.11 750.0
2460192.65951 20.236 0.293 7.93 534.0
2460193.59968 20.470 0.226 5.85 559.0
2460201.48268 20.543 0.277 5.88 571.0
2460201.52002 20.622 0.255 6.09 379.0
2460201.55908 20.622 0.266 6.56 367.0
2460201.59638 20.577 0.217 5.49 392.0
2460201.63326 20.280 0.215 6.37 469.0
2460203.65865 20.416 0.220 5.81 454.0
2460227.57315 20.300 0.282 7.03 623.0
2460248.52104 20.132 0.270 7.50 586.0
2460356.87949 20.633 0.227 4.73 510.0
2460367.86641 20.462 0.228 5.43 571.0
2460371.86525 20.635 0.273 5.29 533.0
2460378.88320 20.755 0.257 5.33 427.0
2460382.82045 20.590 0.240 5.32 468.0
2460391.85227 20.870 0.284 5.24 428.0
2460396.77019 20.021 0.185 5.65 759.0
2460398.85221 20.976 0.294 4.20 607.0
2460404.80994 20.873 0.289 5.24 425.0
2460408.77607 20.322 0.165 4.84 447.0
2460409.80518 20.612 0.188 4.60 397.0
2460409.88234 20.699 0.210 4.67 463.0
2460409.92367 20.240 0.213 4.17 1276.0
2460410.75873 20.350 0.217 5.99 461.0
2460411.72205 20.267 0.180 5.53 455.0
2460411.79756 20.468 0.201 5.82 408.0
2460411.88204 20.361 0.149 4.70 403.0
2460412.87416 20.560 0.240 5.85 420.0
2460417.75740 20.853 0.268 5.15 448.0
2460418.82018 20.807 0.250 5.29 400.0
2460418.90353 20.606 0.190 4.63 438.0
2460419.73933 20.252 0.162 4.72 474.0
2460419.81466 20.093 0.137 5.02 430.0
2460420.70236 20.654 0.238 4.91 546.0
2460420.74033 20.337 0.166 4.71 486.0
2460420.82023 20.477 0.217 5.38 425.0
2460423.88160 20.255 0.195 5.19 698.0
2460423.91991 20.594 0.259 5.07 711.0
2460424.87994 20.102 0.178 5.02 733.0
2460425.80502 20.283 0.205 5.51 660.0
2460425.88678 20.661 0.263 4.77 674.0
2460425.92513 20.617 0.261 4.55 791.0
2460432.68714 20.691 0.264 5.31 512.0
2460432.72539 20.516 0.238 6.10 487.0
2460432.88402 20.642 0.245 4.95 559.0
2460433.79515 20.688 0.275 5.93 482.0
2460434.75090 20.370 0.186 5.56 445.0
2460434.78939 20.735 0.261 5.54 480.0
2460434.87293 20.374 0.229 5.94 518.0
2460435.79081 20.633 0.247 6.05 408.0
2460435.83456 20.511 0.207 5.51 413.0
2460435.87391 20.400 0.178 5.17 400.0
2460436.74226 20.517 0.255 6.69 382.0
2460439.69712 20.377 0.191 5.58 496.0
2460439.85795 20.552 0.234 5.61 510.0
2460442.90655 20.510 0.293 6.53 537.0
2460443.82125 20.658 0.238 5.34 435.0
2460448.76833 20.309 0.196 5.97 454.0
2460448.87196 20.415 0.224 5.81 464.0
2460448.90942 20.291 0.181 5.34 491.0
2460449.66118 20.549 0.243 5.88 467.0
2460449.70136 20.752 0.260 5.42 420.0
2460449.78286 20.749 0.295 6.03 443.0
2460449.82087 20.627 0.266 6.00 427.0
2460450.71149 20.596 0.228 5.35 463.0
2460450.74971 20.371 0.171 5.00 457.0
2460450.78924 20.453 0.178 4.70 481.0
2460450.82702 20.417 0.183 4.71 512.0
2460458.60440 20.319 0.289 6.69 680.0
2460458.67903 20.854 0.283 5.00 501.0
2460458.71659 20.492 0.198 5.02 477.0
2460458.82002 20.639 0.194 4.29 454.0
2460458.85701 20.821 0.268 5.02 505.0
2460459.66344 20.500 0.209 4.91 780.0
2460459.70525 20.858 0.252 4.89 493.0
2460459.74274 20.339 0.191 5.13 692.0
2460459.82810 20.091 0.146 4.37 841.0
2460460.60126 20.693 0.267 5.63 504.0
2460460.63880 19.999 0.126 4.89 438.0
2460460.71014 20.615 0.194 5.00 448.0
2460460.89091 20.498 0.241 4.91 873.0
2460461.66502 20.490 0.169 4.38 540.0
2460461.71510 20.789 0.196 4.27 409.0
2460461.76246 20.795 0.235 4.68 520.0
2460461.89530 20.738 0.238 4.62 528.0
2460462.59346 20.637 0.253 5.73 489.0
2460462.70779 20.819 0.185 4.76 304.0
2460462.79949 20.591 0.163 4.47 336.0
2460462.83800 20.861 0.248 5.09 351.0
2460462.87650 20.825 0.299 5.62 432.0
2460463.58013 20.585 0.223 5.85 374.0
2460463.61717 20.358 0.173 5.62 357.0
2460463.69181 20.958 0.294 5.50 340.0
2460463.86684 20.796 0.246 4.77 430.0
2460463.90380 20.926 0.290 4.97 476.0
2460464.63177 20.801 0.209 4.35 503.0
2460464.67749 20.789 0.205 4.60 487.0
2460464.72899 20.497 0.160 4.72 380.0
2460464.77947 20.532 0.167 4.56 385.0
2460464.83508 20.925 0.260 4.84 412.0
2460464.87908 20.356 0.170 4.62 489.0
2460466.80255 20.657 0.235 5.46 419.0
2460466.88260 20.297 0.194 5.65 509.0
2460467.58819 20.444 0.230 5.69 621.0
2460467.86332 20.590 0.246 5.04 685.0
2460468.57743 20.411 0.215 5.86 458.0
2460468.61427 20.735 0.256 5.29 411.0
2460468.65149 20.626 0.216 5.17 356.0
2460468.89681 20.702 0.292 5.44 553.0
2460469.70944 20.747 0.213 5.31 425.0
2460469.86098 20.285 0.205 6.24 449.0
2460469.89809 20.614 0.266 5.62 535.0
2460473.67034 20.678 0.241 5.46 417.0
2460473.71162 20.818 0.246 5.33 350.0
2460473.75085 20.732 0.247 5.55 365.0
2460473.79546 20.450 0.219 6.18 374.0
2460476.63646 20.371 0.184 5.57 431.0
2460476.67359 20.773 0.297 6.08 432.0
2460476.81005 20.616 0.252 5.62 470.0
2460477.63194 20.661 0.264 5.43 573.0
2460477.70907 20.654 0.240 4.96 567.0
2460477.83075 20.414 0.219 5.38 588.0
2460478.73012 20.500 0.217 5.14 527.0
2460478.76864 20.512 0.215 5.01 513.0
2460478.81851 20.656 0.259 5.48 476.0
2460479.70642 20.503 0.248 5.91 569.0
2460479.78530 20.376 0.213 5.20 583.0
2460480.80642 20.274 0.220 5.37 756.0
2460486.63295 20.261 0.205 5.88 558.0
2460486.67469 20.570 0.224 5.21 520.0
2460486.79174 20.426 0.245 5.91 559.0
2460488.56065 20.879 0.296 5.90 359.0
2460488.61172 20.775 0.268 5.71 400.0
2460488.72952 20.471 0.224 5.21 496.0
2460488.83598 20.592 0.246 5.19 516.0
2460488.87319 20.344 0.224 5.32 650.0
2460490.55005 20.426 0.232 5.67 556.0
2460490.58788 20.641 0.246 5.56 441.0
2460490.83707 20.574 0.211 5.16 434.0
2460491.50795 20.453 0.204 5.38 429.0
2460491.54582 20.484 0.171 5.02 369.0
2460491.58392 20.817 0.267 5.71 369.0
2460491.76235 20.880 0.298 5.55 382.0
2460492.51466 20.606 0.275 5.56 546.0
2460492.55180 20.563 0.205 5.04 442.0
2460492.58956 20.524 0.171 4.77 400.0
2460492.65581 20.702 0.154 3.97 338.0
2460492.71015 20.934 0.244 4.56 365.0
2460492.78808 20.559 0.169 4.33 382.0
2460492.82521 20.620 0.206 4.60 461.0
2460493.58020 20.806 0.252 5.19 433.0
2460493.71580 21.073 0.270 4.47 377.0
2460494.54689 20.790 0.259 5.16 448.0
2460495.56098 20.124 0.200 6.78 389.0
2460496.75883 20.531 0.245 5.57 546.0
2460496.84576 20.442 0.243 5.69 606.0
2460497.51091 20.223 0.223 6.53 494.0
2460497.62100 20.353 0.157 5.40 389.0
2460497.73219 20.922 0.276 5.56 356.0
2460497.77012 20.952 0.292 5.52 371.0
2460498.50694 20.307 0.160 5.03 474.0
2460498.54438 20.800 0.233 5.06 394.0
2460499.59401 20.682 0.207 5.21 321.0
2460499.65038 20.894 0.224 5.27 334.0
2460499.77505 20.768 0.205 4.64 363.0
2460499.81232 20.634 0.208 5.16 368.0
2460499.84976 20.808 0.277 5.64 407.0
2460500.80456 20.342 0.185 5.55 420.0
2460502.67776 20.611 0.231 5.71 380.0
2460503.71105 20.718 0.237 5.49 353.0
2460504.62193 20.685 0.222 5.49 332.0
2460506.46779 19.991 0.202 5.85 918.0
2460506.50615 20.579 0.236 5.63 476.0
2460506.54455 20.791 0.257 5.16 441.0
2460506.58257 20.873 0.236 4.78 404.0
2460506.65453 20.764 0.219 4.82 387.0
2460507.47111 20.257 0.265 6.54 727.0
2460516.55754 20.772 0.273 6.04 354.0
2460517.47617 20.266 0.217 6.09 489.0
2460517.59122 20.624 0.281 6.76 341.0
2460517.76133 20.357 0.241 6.27 553.0
2460518.47349 20.142 0.186 5.08 687.0
2460518.50666 20.400 0.275 7.63 497.0
2460518.63979 20.433 0.185 5.46 383.0
2460519.51886 20.610 0.256 6.11 405.0
2460519.65196 20.456 0.183 5.48 335.0
2460519.70329 20.541 0.261 6.58 343.0
2460519.74082 20.630 0.279 6.65 391.0
2460520.49355 20.289 0.165 5.33 399.0
2460520.54179 20.591 0.227 5.77 360.0
2460520.60934 20.517 0.229 5.77 381.0
2460520.66679 20.952 0.277 5.25 353.0
2460520.77027 20.845 0.291 5.58 438.0
2460521.47327 20.325 0.199 5.42 616.0
2460521.54976 20.745 0.204 5.28 353.0
2460521.60690 20.986 0.244 4.55 327.0
2460521.65169 20.985 0.237 4.74 328.0
2460521.68992 21.030 0.278 5.20 350.0
2460521.77194 20.673 0.278 5.85 455.0
2460528.50257 20.593 0.261 6.67 375.0
2460528.62933 20.599 0.268 6.49 365.0
2460528.70612 20.628 0.276 6.38 451.0
2460530.59074 20.274 0.214 6.64 399.0
2460532.47666 20.668 0.272 5.61 557.0
2460532.60993 20.305 0.144 4.78 376.0
2460532.64909 20.809 0.260 5.51 342.0
2460532.68884 20.571 0.222 5.96 360.0
2460532.72744 20.833 0.294 6.27 401.0
2460532.76270 20.499 0.264 6.52 466.0
2460534.57487 20.464 0.189 5.23 365.0
2460534.67697 20.858 0.275 5.50 377.0
2460534.71493 20.625 0.213 5.22 382.0
2460534.74351 20.624 0.225 5.67 383.0
2460535.68565 20.576 0.241 5.47 475.0
2460544.54771 20.416 0.255 6.50 476.0
2460544.62703 20.346 0.246 6.87 486.0
2460544.70613 20.125 0.207 6.72 578.0
2460545.56575 20.486 0.221 5.99 359.0
2460547.53429 20.905 0.293 5.66 378.0
2460547.58968 20.831 0.234 5.18 343.0
2460547.63724 20.415 0.168 5.30 363.0
2460548.52072 20.552 0.266 6.46 418.0
2460548.59536 20.600 0.253 6.22 362.0
2460548.66798 20.644 0.249 5.68 364.0
2460548.71301 20.455 0.231 6.82 362.0
2460549.51786 20.367 0.228 6.42 444.0
2460549.55615 20.409 0.225 6.30 428.0
2460550.51105 20.495 0.236 6.48 371.0
2460550.54993 20.411 0.231 6.58 343.0
2460554.57600 20.560 0.272 6.20 440.0
2460555.47834 20.587 0.274 5.31 776.0
2460555.51862 21.011 0.244 4.32 364.0
2460555.56800 20.977 0.284 5.01 359.0
2460555.60540 20.309 0.171 5.18 373.0
2460555.64253 20.558 0.193 5.05 368.0
2460555.68005 20.966 0.292 5.18 396.0
2460556.56300 20.714 0.266 5.50 420.0
2460558.47793 20.432 0.265 5.37 899.0
2460558.51616 20.653 0.224 5.26 409.0
2460558.55324 20.908 0.259 5.12 379.0
2460558.62991 20.491 0.194 5.29 401.0
2460559.52682 20.716 0.221 4.53 464.0
2460559.57408 20.843 0.238 4.44 482.0
2460560.52033 20.541 0.239 6.13 425.0
2460560.56403 20.316 0.190 6.06 433.0
2460561.48037 20.815 0.284 4.98 605.0
2460561.51827 20.665 0.241 5.25 414.0
2460561.59480 20.686 0.240 5.50 390.0
2460562.59856 20.573 0.266 6.10 508.0
2460575.56599 20.381 0.251 6.65 436.0
2460580.60984 20.677 0.291 6.13 414.0
2460582.61696 20.468 0.283 6.77 436.0
2460587.59507 20.420 0.192 4.74 533.0
2460597.53339 20.363 0.262 6.04 858.0
2460597.57078 20.423 0.281 6.06 873.0
2460599.55646 20.114 0.182 5.16 797.0
2460600.50704 20.534 0.276 5.45 865.0
2460600.54352 20.350 0.243 5.15 1021.0
2460610.54171 20.205 0.207 5.72 679.0
2460734.87477 20.644 0.247 6.04 394.0
2460736.85912 20.496 0.188 5.32 401.0
2460739.83121 20.402 0.184 5.02 522.0
2460739.86704 20.707 0.240 5.06 451.0
2460742.81778 20.833 0.286 5.43 430.0
2460749.82978 20.507 0.236 4.67 702.0
2460761.81025 20.424 0.232 6.28 441.0
2460764.77307 20.712 0.271 5.49 526.0
2460764.81004 20.491 0.229 5.60 514.0
2460764.88799 20.582 0.221 5.28 468.0
2460765.76385 20.697 0.261 5.45 412.0
2460765.80156 20.793 0.247 5.05 383.0
2460765.91546 20.596 0.159 4.04 398.0
2460766.79740 20.609 0.238 5.23 518.0
2460766.83623 20.290 0.174 5.13 491.0
2460766.88293 20.403 0.182 5.16 454.0
2460767.75483 20.622 0.231 5.36 430.0
2460767.87520 20.831 0.257 5.07 411.0
2460767.91290 21.005 0.237 3.94 450.0
2460768.86531 20.746 0.244 5.29 391.0
2460769.75073 20.607 0.252 5.45 509.0
2460769.78875 20.650 0.210 4.60 466.0
2460769.86427 20.891 0.252 4.55 463.0
2460769.90315 20.381 0.136 4.33 396.0
2460770.78800 20.531 0.185 4.81 398.0
2460770.82569 20.789 0.248 5.07 416.0
2460770.86403 20.582 0.185 4.66 404.0
2460770.90351 20.467 0.137 3.89 392.0
2460771.86516 20.493 0.222 6.02 384.0
2460771.90654 20.345 0.190 6.40 380.0
2460772.77261 20.690 0.256 5.83 433.0
2460772.81012 20.830 0.253 5.06 451.0
2460772.84756 20.816 0.273 5.40 473.0
2460772.88616 20.623 0.224 5.15 470.0
2460773.76475 20.483 0.210 5.35 490.0
2460773.83928 20.578 0.204 5.06 438.0
2460773.87778 20.543 0.152 4.19 399.0
2460774.82097 20.753 0.259 5.29 427.0
2460774.85848 20.410 0.171 5.32 375.0
2460774.89632 20.338 0.134 4.41 380.0
2460777.72674 20.386 0.258 5.86 705.0
2460777.80158 20.256 0.178 5.24 553.0
2460777.83919 20.511 0.208 4.91 536.0
2460777.87710 20.420 0.179 4.71 527.0
2460778.83345 20.664 0.285 5.20 714.0
2460779.83172 20.746 0.281 4.88 651.0
2460779.87031 20.897 0.286 4.53 625.0
2460779.90967 20.246 0.201 5.41 666.0
2460780.77714 20.513 0.252 5.01 684.0
2460780.85242 20.565 0.202 4.21 654.0
2460780.89183 20.846 0.268 3.90 682.0
2460786.73407 20.613 0.282 6.05 482.0
2460786.77113 20.541 0.270 5.98 492.0
2460786.80882 20.695 0.272 5.50 482.0
2460786.92303 20.542 0.261 5.57 543.0
2460787.70418 20.966 0.296 5.38 377.0
2460787.77823 20.613 0.219 4.95 403.0
2460787.92954 20.680 0.297 5.73 506.0
2460788.71211 20.544 0.238 6.11 387.0
2460789.70139 20.656 0.213 5.29 353.0
2460789.73866 20.344 0.166 5.50 352.0
2460789.81464 20.589 0.200 5.28 370.0
2460789.89110 20.495 0.192 4.92 410.0
2460789.92812 20.534 0.210 4.72 509.0
2460790.69057 20.614 0.252 5.84 435.0
2460790.72808 20.743 0.263 5.73 395.0
2460790.76577 20.595 0.186 5.03 363.0
2460790.80320 20.747 0.211 5.12 356.0
2460790.84265 21.118 0.281 5.12 351.0
2460790.88181 21.033 0.259 4.60 361.0
2460791.68571 20.574 0.202 5.32 394.0
2460791.72243 20.488 0.177 5.07 389.0
2460791.79812 20.596 0.190 5.11 361.0
2460791.83663 21.015 0.244 4.45 375.0
2460791.87698 20.988 0.270 4.48 419.0
2460791.92177 20.491 0.186 4.83 433.0
2460792.70879 20.724 0.284 5.97 422.0
2460792.78313 20.997 0.239 4.33 374.0
2460792.82100 20.606 0.165 4.27 383.0
2460792.86013 20.440 0.153 4.14 445.0
2460792.89828 20.397 0.146 4.26 413.0
2460793.67634 20.617 0.244 5.54 464.0
2460793.78824 20.616 0.184 4.60 384.0
2460793.90792 20.962 0.261 4.42 392.0
2460794.71355 20.490 0.179 5.17 362.0
2460794.75070 20.589 0.177 4.71 348.0
2460794.78930 20.640 0.191 4.92 345.0
2460794.82743 20.720 0.199 4.83 355.0
2460794.86866 21.017 0.289 5.01 357.0
2460794.90625 20.919 0.256 4.82 358.0
2460795.77153 20.602 0.222 5.75 367.0
2460795.87354 20.388 0.196 5.76 396.0
2460797.68019 20.489 0.284 7.25 419.0
2460797.76035 20.446 0.205 5.55 424.0
2460797.79971 20.669 0.239 5.24 441.0
2460797.84433 20.825 0.287 5.17 644.0
2460797.92309 20.281 0.180 5.20 532.0
2460798.77499 20.690 0.188 4.68 365.0
2460798.81321 20.689 0.216 5.22 406.0
2460798.85262 20.449 0.164 4.59 433.0
2460798.89160 20.824 0.241 4.89 400.0
2460799.66213 20.592 0.255 6.44 391.0
2460799.69989 20.333 0.179 5.82 364.0
2460799.73822 20.621 0.232 5.73 377.0
2460800.66136 20.109 0.174 6.46 424.0
2460800.73658 20.661 0.227 5.12 400.0
2460800.77483 20.582 0.203 5.18 394.0
2460800.81236 20.608 0.188 4.86 372.0
2460800.85025 20.614 0.196 4.86 366.0
2460800.88792 20.696 0.210 4.94 386.0
2460800.92698 20.501 0.202 5.56 443.0
2460801.65913 20.382 0.239 6.68 472.0
2460801.69658 20.662 0.289 6.33 445.0
2460801.73513 20.761 0.260 5.46 421.0
2460801.77372 20.387 0.165 5.05 390.0
2460801.81274 20.873 0.232 4.49 402.0
2460801.85386 20.582 0.221 5.27 433.0
2460801.89156 20.500 0.200 5.00 469.0
2460802.65565 20.379 0.226 6.40 472.0
2460802.69515 20.444 0.227 5.22 746.0
2460802.93792 20.187 0.212 5.68 935.0
2460803.74889 20.549 0.271 6.37 484.0
2460803.78785 20.758 0.292 5.70 494.0
2460803.82761 20.838 0.283 5.29 443.0
2460803.91475 20.430 0.226 6.01 485.0
2460805.79309 20.909 0.284 4.93 518.0
2460805.83186 20.806 0.273 4.75 568.0
2460805.87132 20.425 0.236 5.63 570.0
2460805.90887 20.602 0.233 5.13 444.0
2460807.72819 20.396 0.222 4.74 820.0
2460807.84258 20.457 0.224 4.59 750.0
2460813.84489 20.476 0.218 5.07 615.0
2460813.87947 20.674 0.280 5.15 646.0
2460813.90094 20.317 0.211 5.36 665.0
2460814.75791 20.803 0.268 5.02 498.0
2460814.79857 20.093 0.140 4.87 507.0
2460814.91286 20.500 0.244 5.22 593.0
2460815.65608 20.925 0.247 4.94 354.0
2460815.72554 20.415 0.138 4.39 377.0
2460815.76302 21.024 0.236 4.33 381.0
2460816.64888 20.522 0.168 4.95 377.0
2460816.73851 20.883 0.272 5.48 347.0
2460816.82215 20.602 0.193 4.88 383.0
2460817.62935 20.915 0.258 5.06 393.0
2460817.66630 20.893 0.242 4.90 380.0
2460817.70417 21.102 0.287 4.82 388.0
2460817.76002 20.604 0.175 4.55 421.0
2460817.83758 20.412 0.168 4.60 407.0
2460817.87486 20.878 0.270 4.94 406.0
2460817.91225 20.527 0.216 5.07 478.0
2460818.66800 20.895 0.261 5.43 348.0
2460818.70539 20.909 0.225 4.86 338.0
2460818.74299 20.810 0.206 4.78 356.0
2460818.78288 21.021 0.262 4.72 368.0
2460818.89726 20.231 0.154 5.09 441.0
2460818.93524 20.604 0.250 5.33 572.0
2460819.65583 20.709 0.256 5.71 433.0
2460819.73791 20.830 0.222 4.90 376.0
2460819.77719 20.402 0.142 4.55 364.0
2460819.81850 20.656 0.203 4.80 403.0
2460819.85648 20.438 0.162 4.50 423.0
2460819.89723 20.734 0.242 5.11 479.0
2460820.78815 20.757 0.265 5.16 446.0
2460821.71150 20.612 0.239 6.05 371.0
2460821.86635 20.412 0.195 5.11 479.0
2460822.62915 20.466 0.273 6.61 512.0
2460822.83269 20.454 0.192 5.05 472.0
2460822.91295 20.309 0.233 6.53 529.0
2460823.72355 20.257 0.168 6.23 339.0
2460823.76071 20.435 0.194 5.88 350.0
2460823.80286 20.636 0.259 6.29 377.0
2460823.84113 20.652 0.223 5.30 397.0
2460823.88161 20.596 0.232 5.32 463.0
2460824.64113 20.615 0.247 5.81 418.0
2460824.67892 20.504 0.209 5.55 409.0
2460824.71741 20.924 0.276 5.27 399.0
2460824.76848 20.548 0.197 4.74 416.0
2460824.80716 20.671 0.248 5.24 402.0
2460824.84628 20.101 0.156 5.46 425.0
2460824.88470 20.671 0.274 6.03 437.0
2460825.62239 20.779 0.268 5.66 392.0
2460825.66417 20.736 0.219 5.19 363.0
2460825.70571 21.007 0.235 4.33 349.0
2460825.74495 20.210 0.141 5.19 378.0
2460825.83203 20.650 0.222 5.02 442.0
2460825.86978 20.516 0.212 5.50 399.0
2460825.90761 20.597 0.266 5.89 421.0
2460826.64214 20.266 0.132 4.61 398.0
2460826.81968 21.094 0.269 4.01 454.0
2460827.66506 20.656 0.184 4.91 358.0
2460827.70418 20.603 0.159 4.60 345.0
2460827.75340 20.576 0.141 4.03 348.0
2460827.79885 20.839 0.194 4.07 351.0
2460827.83701 20.704 0.182 4.08 402.0
2460827.87529 20.708 0.212 4.51 453.0
2460827.91673 20.512 0.196 4.94 473.0
2460827.93640 20.396 0.180 4.63 539.0
2460828.58862 20.287 0.158 5.40 407.0
2460828.63094 20.955 0.262 5.00 382.0
2460828.67935 20.415 0.148 4.96 332.0
2460828.72147 20.999 0.227 4.65 340.0
2460828.81489 20.682 0.178 4.52 343.0
2460829.72802 20.799 0.210 4.97 340.0
2460829.79259 20.980 0.252 4.65 366.0
2460830.92691 20.337 0.222 6.26 519.0
2460831.75516 20.958 0.296 5.22 412.0
2460831.79351 20.633 0.218 5.32 376.0
2460831.83075 20.783 0.259 5.26 423.0
2460831.87056 20.384 0.209 6.02 449.0
2460832.72156 20.646 0.291 6.36 458.0
2460832.76315 20.515 0.283 6.15 605.0
2460832.83895 20.568 0.270 6.51 434.0
2460833.69711 20.511 0.250 6.15 475.0
2460833.81759 20.587 0.281 5.83 588.0
2460833.85564 20.274 0.198 5.91 502.0
2460834.73077 20.303 0.159 4.85 500.0
2460834.77233 20.802 0.282 5.15 524.0
2460834.81043 20.543 0.197 4.58 542.0
2460834.85032 20.796 0.240 4.30 581.0
2460835.65230 20.559 0.225 4.63 687.0
2460835.69189 20.474 0.229 5.38 640.0
2460835.78651 20.370 0.190 4.56 715.0
2460841.62202 20.430 0.224 5.45 599.0
2460841.70070 20.342 0.230 5.64 717.0
2460841.78497 20.502 0.253 5.16 702.0
2460842.71656 20.443 0.284 6.67 519.0
2460843.66276 20.588 0.268 5.89 528.0
2460843.70148 20.121 0.142 5.07 490.0
2460843.74052 20.368 0.178 4.99 500.0
2460843.77833 20.459 0.232 5.64 519.0
2460843.81551 20.496 0.256 5.94 511.0
2460843.85482 20.277 0.214 6.04 556.0
2460844.69378 20.648 0.278 6.06 430.0
2460844.81031 20.402 0.250 6.39 494.0
2460845.77819 20.726 0.268 5.18 453.0
2460845.89142 20.426 0.288 6.42 613.0
2460846.53267 20.150 0.191 5.96 557.0
2460846.63882 20.470 0.199 5.58 417.0
2460846.79163 20.165 0.155 4.89 466.0
2460847.56981 20.599 0.269 5.92 495.0
2460848.52222 20.278 0.272 7.54 556.0
2460848.66515 20.666 0.235 5.49 397.0
2460848.74263 20.541 0.213 5.14 417.0
2460848.78035 20.577 0.236 5.46 436.0
2460850.61628 20.601 0.249 6.16 414.0
2460850.76884 20.294 0.140 4.88 388.0
2460851.57771 20.214 0.196 6.66 409.0
2460851.69297 20.521 0.240 6.56 365.0
2460853.51736 20.497 0.265 6.34 540.0
2460853.55448 20.518 0.253 6.17 494.0
2460853.59387 20.197 0.188 6.71 378.0
2460853.63089 20.108 0.145 5.92 379.0
2460853.67712 20.374 0.173 5.63 396.0
2460853.75299 20.440 0.219 6.12 421.0
2460853.79017 20.617 0.269 6.28 433.0
2460853.82749 20.352 0.223 6.32 454.0
2460853.86582 20.475 0.237 6.03 461.0
2460854.57852 20.121 0.174 6.46 389.0
2460854.61609 20.137 0.168 6.48 394.0
2460854.65378 19.996 0.119 5.57 344.0
2460854.69357 20.106 0.149 5.86 365.0
2460854.73169 20.468 0.209 6.15 340.0
2460854.76916 20.283 0.170 5.99 339.0
2460854.80637 20.260 0.162 5.69 392.0
2460854.84386 20.323 0.202 6.11 415.0
2460855.58662 20.218 0.218 7.33 414.0
2460855.62481 20.299 0.188 6.02 400.0
2460855.66257 20.272 0.238 7.37 383.0
2460855.70440 19.971 0.149 6.30 399.0
2460855.75543 20.431 0.284 7.45 376.0
2460856.50429 19.989 0.154 5.97 498.0
2460856.54145 19.863 0.158 7.25 398.0
2460856.57894 19.961 0.127 5.94 385.0
2460856.61669 19.781 0.094 5.34 373.0
2460856.73351 19.729 0.077 4.61 339.0
2460857.73749 20.093 0.151 5.56 407.0
2460857.77774 19.975 0.140 6.03 376.0
2460857.81519 19.689 0.105 6.02 389.0
2460857.85368 19.718 0.125 6.34 474.0
2460858.65343 19.579 0.073 5.15 341.0
2460858.70464 19.979 0.124 5.60 328.0
2460858.79406 19.509 0.087 5.94 379.0
2460858.83622 19.266 0.071 5.55 416.0
2460859.50727 19.168 0.060 5.33 421.0
2460859.54466 19.353 0.067 5.31 348.0
2460859.58275 19.383 0.066 5.23 344.0
2460859.62104 19.472 0.074 5.36 355.0
2460859.65894 19.394 0.067 5.13 357.0
2460859.69787 19.255 0.058 4.61 365.0
2460859.73556 19.445 0.072 5.00 346.0
2460859.77306 19.337 0.060 4.53 363.0
2460859.81088 19.205 0.067 5.41 407.0
2460859.84811 19.449 0.085 5.25 456.0
2460860.50960 18.999 0.068 5.85 611.0
2460860.54894 18.965 0.052 5.24 459.0
2460860.59023 19.087 0.047 4.52 418.0
2460860.63129 19.024 0.044 4.61 392.0
2460860.67435 19.004 0.042 4.40 385.0
2460860.71551 19.006 0.045 4.83 382.0
2460860.75671 19.030 0.045 4.88 362.0
2460860.79732 19.153 0.052 4.95 348.0
2460860.83829 18.887 0.045 5.25 382.0
2460861.58698 18.775 0.084 8.25 564.0
2460861.64386 18.647 0.038 5.25 473.0
2460861.68632 18.676 0.046 5.80 469.0
2460861.72768 18.778 0.044 5.37 417.0
2460861.76814 18.748 0.051 6.28 437.0
2460861.82136 18.731 0.056 7.40 375.0
2460862.56417 18.650 0.064 7.73 513.0
2460862.60509 18.807 0.065 7.15 454.0
2460862.64592 18.992 0.075 7.19 435.0
2460862.70685 18.711 0.057 6.87 443.0
2460868.56681 20.076 0.227 6.19 877.0
2460868.59482 20.174 0.237 5.99 846.0
2460868.68344 20.184 0.216 5.58 784.0
2460868.72415 20.028 0.215 6.13 839.0
2460868.76473 20.107 0.279 6.81 934.0
2460868.80551 20.156 0.271 6.30 1013.0
2460869.59597 20.340 0.274 6.76 622.0
2460869.63976 20.158 0.208 6.32 590.0
2460869.68129 20.061 0.171 5.89 542.0
2460870.50138 20.049 0.180 7.15 383.0
2460870.52140 20.528 0.235 6.41 367.0
2460870.56218 20.206 0.185 6.51 426.0
2460870.60275 20.396 0.198 6.01 396.0
2460870.64421 20.142 0.149 5.63 391.0
2460870.68556 20.712 0.236 5.41 393.0
2460870.72648 20.052 0.126 5.17 399.0
2460870.76751 20.186 0.159 5.67 438.0
2460870.81902 20.088 0.229 7.40 557.0
2460871.47108 19.708 0.153 7.49 480.0
2460871.51720 20.038 0.174 7.37 330.0
2460872.50849 20.564 0.278 6.56 405.0
2460872.54978 20.353 0.206 6.28 377.0
2460872.59175 20.218 0.150 5.48 365.0
2460872.63621 20.056 0.127 5.04 383.0
2460872.72550 20.198 0.175 5.90 385.0
2460873.50891 20.821 0.281 5.39 448.0
2460873.55001 20.524 0.210 5.66 398.0
2460873.59208 20.437 0.205 5.78 377.0
2460873.63850 20.307 0.189 5.98 379.0
2460873.67968 20.375 0.176 5.18 355.0
2460873.76240 20.303 0.170 5.02 409.0
2460874.46671 19.764 0.165 5.10 1367.0
2460874.50582 20.376 0.148 4.99 370.0
2460874.56695 20.226 0.123 4.86 351.0
2460874.61073 20.461 0.146 4.71 341.0
2460874.65358 20.624 0.189 4.78 355.0
2460874.69539 20.269 0.139 4.74 332.0
2460874.73812 20.743 0.231 5.03 366.0
2460874.77914 20.771 0.260 5.02 420.0
2460874.82519 20.488 0.248 5.41 606.0
2460875.47171 20.514 0.226 4.77 720.0
2460875.51051 20.665 0.247 5.37 494.0
2460875.55195 20.391 0.158 5.04 398.0
2460875.59318 20.367 0.135 4.61 382.0
2460875.63780 20.172 0.118 4.62 338.0
2460875.67901 20.932 0.261 4.81 327.0
2460875.72041 20.612 0.206 4.96 363.0
2460876.48037 20.635 0.211 4.99 406.0
2460876.52247 20.476 0.186 5.28 365.0
2460876.56424 21.120 0.270 4.86 324.0
2460876.63408 20.718 0.205 4.97 307.0
2460876.67837 20.263 0.143 4.89 306.0
2460876.72366 20.772 0.243 5.12 334.0
2460877.56605 20.323 0.163 5.53 398.0
2460877.66018 20.413 0.175 5.07 395.0
2460878.47426 20.498 0.219 5.25 562.0
2460878.51565 20.814 0.232 4.96 402.0
2460878.55806 20.595 0.168 4.64 381.0
2460878.60172 20.267 0.112 4.34 349.0
2460878.65132 20.831 0.220 5.05 321.0
2460878.69254 20.615 0.172 4.95 295.0
2460878.73733 20.975 0.267 5.02 349.0
2460878.79087 20.433 0.176 5.40 362.0
2460878.81377 20.741 0.255 5.25 442.0
2460879.48085 20.620 0.240 5.25 510.0
2460879.53844 20.288 0.147 5.10 383.0
2460879.60921 20.921 0.255 5.24 310.0
2460879.67899 20.276 0.145 5.13 330.0
2460879.75066 20.450 0.210 5.79 410.0
2460880.55814 20.446 0.189 5.87 349.0
2460880.59990 20.367 0.153 5.28 334.0
2460880.64917 20.925 0.288 5.49 346.0
2460880.69633 20.989 0.290 5.01 371.0
2460881.55928 20.477 0.176 5.34 346.0
2460881.60391 20.668 0.188 4.89 333.0
2460881.64569 21.097 0.293 5.03 334.0
2460881.69121 20.859 0.236 4.97 342.0
2460881.73344 20.760 0.230 4.94 411.0
2460881.78607 20.504 0.238 5.91 500.0
2460882.56272 20.637 0.242 5.95 483.0
2460882.61616 20.476 0.200 5.65 481.0
2460882.69528 20.319 0.176 5.64 369.0
2460882.80052 20.164 0.208 6.95 479.0
2460884.59865 20.801 0.265 5.81 358.0
2460884.68446 20.528 0.192 5.46 334.0
2460885.47230 20.689 0.261 5.51 495.0
2460885.55743 20.568 0.166 4.99 331.0
2460885.60055 20.483 0.154 4.77 322.0
2460885.64213 20.204 0.125 4.90 301.0
2460885.68561 20.897 0.231 5.06 312.0
2460885.74896 20.188 0.135 5.46 339.0
2460886.52410 20.222 0.157 5.60 433.0
2460886.64055 20.594 0.199 5.42 328.0
2460896.55348 20.080 0.201 5.84 755.0
2460898.51895 20.332 0.243 6.53 461.0
2460899.49114 20.784 0.242 5.26 372.0
2460899.51709 20.566 0.194 5.18 353.0
2460899.54395 20.695 0.229 5.02 399.0
2460899.63364 20.331 0.161 5.03 396.0
2460899.67350 20.815 0.296 5.56 446.0
2460899.71290 20.812 0.284 5.31 504.0
2460900.47818 20.214 0.194 5.86 570.0
2460900.51941 20.844 0.284 5.56 427.0
2460900.55286 20.365 0.174 5.30 399.0
2460900.59265 20.809 0.254 5.14 391.0
2460900.66861 20.815 0.252 5.28 432.0
2460900.70003 20.641 0.218 5.54 398.0
2460901.55519 20.003 0.168 6.24 458.0
2460901.59346 20.190 0.171 5.66 406.0
2460901.71896 20.776 0.276 5.43 485.0
2460903.64864 20.168 0.241 7.32 467.0
2460904.56402 20.347 0.244 6.95 391.0
2460904.60119 20.206 0.168 6.06 372.0
2460904.63843 20.296 0.198 6.42 371.0
2460907.52006 20.019 0.161 6.26 477.0
2460907.55894 20.515 0.274 6.70 424.0
2460908.51835 20.638 0.277 6.00 468.0
2460911.57318 20.419 0.207 5.51 416.0
2460913.58039 20.446 0.201 5.91 362.0
2460913.66753 20.711 0.219 5.28 347.0
2460914.51288 20.599 0.227 5.24 415.0
2460914.55203 20.255 0.194 5.73 415.0
2460914.60399 20.727 0.290 5.79 368.0
2460914.65317 20.561 0.217 5.36 356.0
2460914.69041 20.348 0.176 5.44 347.0
2460915.51654 20.731 0.253 5.51 380.0
2460915.55556 20.919 0.282 4.97 367.0
2460915.65060 20.636 0.218 5.58 353.0
2460916.47677 20.115 0.250 7.00 733.0
2460916.52671 20.330 0.207 6.09 399.0
2460924.60844 20.421 0.235 5.44 726.0
2460925.49056 20.472 0.287 6.44 648.0
2460925.63181 20.230 0.288 7.23 782.0
2460926.56192 20.405 0.299 6.61 701.0
2460926.63644 20.201 0.259 6.62 869.0
2460927.48743 20.742 0.297 5.70 586.0
2460927.52282 20.473 0.191 4.99 554.0
2460928.52503 20.686 0.240 5.51 411.0
2460928.56011 20.451 0.215 5.74 482.0
2460928.59545 20.482 0.240 5.97 512.0
2460929.55075 20.931 0.279 5.40 393.0
2460929.58581 20.830 0.283 5.87 446.0
2460930.49196 20.566 0.233 5.86 479.0
2460930.52748 20.824 0.266 5.31 433.0
2460930.56270 20.719 0.247 5.62 459.0
2460932.56180 20.467 0.261 6.90 416.0
2460933.55366 20.559 0.251 5.90 508.0
2460933.58927 20.298 0.194 5.76 563.0
2460936.64922 20.007 0.188 6.86 497.0
2460942.53457 20.434 0.183 5.59 348.0
2460944.57633 20.263 0.216 6.60 456.0
2460956.57040 20.004 0.240 7.77 785.0
2460962.51240 20.157 0.241 6.64 673.0
