2457791.87874 17.626 0.016 4.81 473.0
2457792.88154 17.658 0.020 5.52 656.0
2457793.87301 17.626 0.015 4.37 480.0
2457794.87999 17.677 0.023 5.89 719.0
2457795.86121 17.626 0.025 6.39 785.0
2457797.87040 17.658 0.022 5.57 744.0
2457799.89115 17.667 0.024 5.49 909.0
2457801.87014 17.637 0.020 5.07 639.0
2457803.88196 17.682 0.022 4.31 1174.0
2457809.86675 17.636 0.018 5.80 363.0
2457812.83515 17.638 0.016 5.00 412.0
2457815.86459 17.671 0.016 5.01 365.0
2457818.80692 17.651 0.016 4.76 378.0
2457820.84074 17.669 0.016 4.37 397.0
2457822.85008 17.662 0.019 5.31 476.0
2457824.87614 17.620 0.019 5.64 526.0
2457826.87127 17.651 0.018 5.05 549.0
2457828.85872 17.622 0.015 4.39 481.0
2457830.87554 17.680 0.025 4.77 1406.0
2457834.83061 17.686 0.017 5.58 340.0
2457836.75462 17.636 0.022 7.46 362.0
2457837.82700 17.665 0.015 5.50 267.0
2457838.89971 17.663 0.014 4.34 319.0
2457840.77242 17.664 0.018 6.28 293.0
2457841.84596 17.683 0.020 7.03 287.0
2457842.88790 17.643 0.015 4.98 308.0
2457844.72984 17.644 0.015 5.24 311.0
2457845.76925 17.651 0.015 4.98 289.0
2457846.83210 17.618 0.014 4.89 270.0
2457847.86849 17.666 0.016 5.55 285.0
2457848.89953 17.673 0.014 4.65 271.0
2457850.71300 17.641 0.018 5.49 466.0
2457851.74586 17.636 0.017 5.02 462.0
2457852.86764 17.636 0.019 6.66 349.0
2457854.80133 17.600 0.016 4.34 522.0
2457855.83920 17.617 0.017 4.60 579.0
2457856.86749 17.618 0.023 6.61 522.0
2457862.74531 17.690 0.017 5.17 356.0
2457863.83049 17.685 0.015 4.97 335.0
2457864.80933 17.613 0.012 3.83 295.0
2457865.80385 17.677 0.013 3.74 322.0
2457866.82449 17.661 0.012 3.29 305.0
2457867.84444 17.621 0.013 4.05 292.0
2457869.66904 17.648 0.016 6.04 314.0
2457870.69899 17.661 0.014 4.24 306.0
2457871.71947 17.648 0.013 3.86 330.0
2457872.73528 17.640 0.013 3.88 326.0
2457873.73017 17.641 0.013 3.79 315.0
2457874.70555 17.650 0.017 5.61 365.0
2457875.80129 17.640 0.012 3.74 655.0
2457876.75058 17.646 0.015 4.54 364.0
2457877.73615 17.630 0.013 3.77 343.0
2457878.77453 17.605 0.012 3.37 359.0
2457879.73855 17.666 0.021 5.70 512.0
2457880.78325 17.666 0.020 6.00 444.0
2457881.88053 17.628 0.024 6.62 564.0
2457882.88693 17.659 0.020 5.30 583.0
2457890.83339 17.645 0.017 4.47 562.0
2457893.79903 17.628 0.017 5.34 355.0
2457894.66964 17.642 0.015 4.55 358.0
2457894.92156 17.636 0.020 6.01 459.0
2457897.72712 17.650 0.017 5.72 371.0
2457901.83399 17.654 0.015 4.68 374.0
2457902.80027 17.646 0.016 4.91 381.0
2457903.87740 17.659 0.019 5.87 413.0
2457904.79365 17.645 0.014 4.36 281.0
2457905.64755 17.671 0.014 4.32 321.0
2457905.91942 17.655 0.017 4.67 515.0
2457906.80547 17.612 0.015 4.44 418.0
2457907.69282 17.637 0.016 4.51 494.0
2457908.64412 17.626 0.017 4.81 478.0
2457908.89836 17.621 0.018 5.11 553.0
2457909.77500 17.629 0.017 4.16 636.0
2457910.55285 17.652 0.022 5.51 732.0
2457910.81682 17.652 0.016 4.10 525.0
2457911.68351 17.653 0.018 4.82 567.0
2457916.64713 17.653 0.017 4.18 654.0
2457916.86436 17.715 0.026 5.08 1153.0
2457917.71674 17.665 0.017 4.89 458.0
2457918.59043 17.626 0.019 5.74 773.0
2457922.66820 17.649 0.016 4.79 359.0
2457923.70133 17.673 0.021 6.66 384.0
2457924.51949 17.639 0.018 6.50 376.0
2457924.76934 17.630 0.014 3.99 353.0
2457925.66659 17.649 0.013 4.23 264.0
2457926.59007 17.643 0.016 5.99 326.0
2457928.66880 17.647 0.017 5.40 367.0
2457932.70693 17.627 0.020 7.03 347.0
2457933.56755 17.656 0.022 7.62 326.0
2457934.51292 17.681 0.019 6.07 381.0
2457934.75863 17.629 0.015 4.89 349.0
2457935.60113 17.625 0.015 4.74 324.0
2457936.48405 17.665 0.020 6.06 471.0
2457936.76071 17.678 0.017 6.08 272.0
2457937.57343 17.645 0.018 5.26 414.0
2457937.83032 17.694 0.022 7.22 359.0
2457944.49830 17.667 0.021 5.32 673.0
2457944.59200 17.664 0.018 4.48 623.0
2457944.71395 17.602 0.018 4.75 557.0
2457945.46369 17.649 0.028 6.24 1110.0
2457945.68496 17.649 0.014 3.93 398.0
2457946.53239 17.637 0.015 4.41 385.0
2457946.79017 17.657 0.020 6.13 423.0
2457947.74034 17.627 0.018 5.91 385.0
2457948.61658 17.653 0.016 5.62 316.0
2457949.55980 17.644 0.019 5.61 568.0
2457952.70163 17.623 0.015 5.02 296.0
2457953.60353 17.664 0.014 4.62 288.0
2457953.61888 17.628 0.015 5.15 294.0
2457954.50091 17.642 0.015 4.49 460.0
2457954.79932 17.644 0.016 5.04 461.0
2457956.61786 17.656 0.014 4.46 284.0
2457957.68789 17.658 0.017 5.86 315.0
2457958.71251 17.668 0.019 6.42 331.0
2457959.60934 17.674 0.015 4.72 298.0
2457960.49662 17.647 0.015 5.11 335.0
2457960.77405 17.630 0.016 5.65 314.0
2457961.76998 17.681 0.019 6.24 514.0
2457964.53208 17.620 0.016 4.66 422.0
2457965.63573 17.636 0.015 4.73 375.0
2457966.59425 17.645 0.017 5.83 372.0
2457967.63829 17.669 0.025 7.04 544.0
2457971.50573 17.664 0.021 5.02 689.0
2457971.60598 17.630 0.022 5.84 570.0
2457971.69820 17.661 0.019 4.47 712.0
2457972.63641 17.635 0.020 5.06 605.0
2457973.55206 17.680 0.027 7.30 601.0
2457974.54055 17.636 0.016 4.73 438.0
2457975.62104 17.590 0.022 6.08 688.0
2457980.48741 17.633 0.020 6.08 450.0
2457981.57867 17.655 0.016 4.72 412.0
2457982.61590 17.654 0.017 5.20 378.0
2457984.48282 17.641 0.021 7.28 387.0
2457985.55280 17.652 0.022 7.05 401.0
2457986.65719 17.631 0.016 5.32 335.0
2457990.53023 17.668 0.018 5.29 410.0
2457991.60737 17.688 0.019 6.32 336.0
2457993.47354 17.675 0.023 5.08 849.0
2457994.53552 17.659 0.020 5.93 479.0
2457998.52581 17.624 0.024 4.93 1193.0
2457998.62915 17.682 0.028 4.89 1575.0
2458000.55353 17.686 0.022 6.04 526.0
2458001.50691 17.671 0.017 4.86 479.0
2458002.63910 17.650 0.035 6.74 1336.0
2458005.50781 17.650 0.024 7.17 423.0
2458010.53622 17.678 0.020 5.97 428.0
2458013.49808 17.604 0.015 4.67 415.0
2458015.52317 17.615 0.024 7.78 403.0
2458018.48360 17.702 0.023 5.73 550.0
2458021.47996 17.639 0.028 4.98 1280.0
2458026.54266 17.661 0.021 4.63 965.0
2458032.54300 17.671 0.026 6.27 715.0
2458035.52705 17.724 0.026 6.89 501.0
2458164.85687 17.666 0.016 5.27 411.0
2458166.84655 17.641 0.020 6.65 377.0
2458167.88639 17.640 0.016 4.83 381.0
2458169.85308 17.649 0.016 4.87 391.0
2458170.87655 17.607 0.013 4.01 362.0
2458171.89822 17.661 0.021 3.83 1077.0
2458173.84182 17.679 0.016 4.57 482.0
2458174.85425 17.629 0.015 4.45 484.0
2458175.87639 17.645 0.014 4.31 340.0
2458176.88249 17.622 0.014 4.10 383.0
2458181.89015 17.642 0.016 4.09 530.0
2458183.88073 17.644 0.017 5.33 476.0
2458185.83070 17.586 0.019 5.82 619.0
2458189.81626 17.645 0.015 4.79 369.0
2458190.90800 17.639 0.015 4.11 449.0
2458192.88504 17.650 0.015 4.63 328.0
2458194.83972 17.636 0.014 4.94 279.0
2458196.76688 17.675 0.015 5.06 321.0
2458197.82772 17.637 0.014 4.42 312.0
2458198.90025 17.646 0.015 4.57 385.0
2458200.81035 17.653 0.014 4.66 341.0
2458201.87652 17.625 0.014 4.55 284.0
2458202.92081 17.661 0.017 3.42 981.0
2458204.78516 17.653 0.017 5.57 370.0
2458205.84418 17.641 0.017 5.88 315.0
2458206.89762 17.645 0.012 3.40 298.0
2458208.72778 17.666 0.020 4.93 848.0
2458209.75523 17.647 0.019 4.96 646.0
2458210.76824 17.611 0.018 4.89 615.0
2458211.78223 17.634 0.019 5.37 595.0
2458212.77763 17.669 0.020 4.12 971.0
2458217.83648 17.671 0.014 4.43 329.0
2458220.89181 17.631 0.014 4.94 305.0
2458221.92456 17.624 0.016 4.00 533.0
2458223.78953 17.690 0.015 4.91 309.0
2458224.84115 17.634 0.014 4.38 358.0
2458226.91500 17.662 0.015 4.51 304.0
2458228.74390 17.652 0.016 5.42 319.0
2458229.78794 17.633 0.012 3.86 261.0
2458230.78899 17.652 0.013 4.23 285.0
2458233.72287 17.641 0.014 4.16 410.0
2458236.80223 17.623 0.017 4.54 541.0
2458244.64936 17.647 0.022 6.89 459.0
2458245.70751 17.655 0.023 7.19 409.0
2458246.70366 17.659 0.018 6.07 370.0
2458247.62837 17.659 0.023 7.00 517.0
2458247.88168 17.609 0.018 5.22 492.0
2458249.73435 17.662 0.016 5.36 331.0
2458250.68009 17.649 0.014 5.08 274.0
2458250.93611 17.662 0.021 4.30 918.0
2458251.86472 17.650 0.014 4.43 380.0
2458253.69245 17.689 0.014 4.72 318.0
2458254.71392 17.623 0.012 3.87 308.0
2458255.68393 17.653 0.015 4.73 324.0
2458256.63082 17.649 0.018 6.12 371.0
2458256.89777 17.633 0.017 4.98 457.0
2458257.83680 17.640 0.013 3.91 339.0
2458258.84453 17.648 0.015 4.54 336.0
2458259.82906 17.622 0.015 4.97 417.0
2458260.92665 17.636 0.017 4.70 629.0
2458261.91363 17.672 0.016 4.00 437.0
2458262.62015 17.680 0.017 5.30 374.0
2458262.88893 17.693 0.014 4.07 348.0
2458263.82821 17.647 0.012 3.43 274.0
2458264.84653 17.628 0.016 4.14 531.0
2458265.75758 17.642 0.016 4.51 508.0
2458266.78902 17.651 0.020 4.87 702.0
2458271.83884 17.608 0.021 6.04 570.0
2458272.83235 17.673 0.016 4.40 462.0
2458273.71122 17.633 0.013 4.13 315.0
2458274.56383 17.623 0.020 6.52 415.0
2458274.82348 17.646 0.020 6.11 433.0
2458275.73205 17.660 0.014 4.34 344.0
2458276.59999 17.635 0.019 6.30 413.0
2458276.85532 17.653 0.018 5.05 435.0
2458277.79384 17.669 0.015 4.53 338.0
2458278.62357 17.670 0.014 5.06 347.0
2458282.68454 17.640 0.012 4.08 246.0
2458283.54322 17.656 0.016 5.02 394.0
2458283.80321 17.639 0.015 4.37 364.0
2458284.63798 17.650 0.015 5.19 312.0
2458284.90036 17.612 0.022 6.35 481.0
2458286.66370 17.654 0.014 5.33 248.0
2458287.54515 17.614 0.015 5.00 339.0
2458287.84179 17.641 0.012 3.66 276.0
2458288.70673 17.648 0.014 5.09 255.0
2458289.56550 17.624 0.015 4.92 347.0
2458289.85345 17.631 0.017 5.74 378.0
2458290.77080 17.649 0.015 4.84 336.0
2458291.68900 17.631 0.016 4.97 394.0
2458292.58080 17.627 0.016 4.88 384.0
2458292.87803 17.593 0.017 4.89 509.0
2458293.78423 17.648 0.022 6.16 557.0
2458294.67063 17.630 0.022 6.43 561.0
2458294.83505 17.652 0.028 6.74 929.0
2458301.64526 17.659 0.023 6.92 481.0
2458302.61260 17.679 0.018 5.08 710.0
2458304.67886 17.638 0.022 7.44 406.0
2458305.69559 17.648 0.017 5.93 307.0
2458306.70774 17.659 0.021 6.78 396.0
2458307.54219 17.654 0.016 4.76 411.0
2458307.81240 17.674 0.022 6.96 417.0
2458308.68863 17.645 0.016 5.39 280.0
2458309.54915 17.634 0.014 5.00 286.0
2458309.80826 17.628 0.016 5.03 416.0
2458310.63316 17.657 0.013 4.67 318.0
2458311.47959 17.624 0.018 6.34 357.0
2458311.73944 17.637 0.015 4.83 344.0
2458312.61003 17.661 0.013 4.49 244.0
2458313.51207 17.633 0.015 5.08 366.0
2458313.76143 17.682 0.016 4.28 392.0
2458314.64932 17.620 0.015 4.76 324.0
2458316.52667 17.626 0.017 5.83 366.0
2458320.48261 17.636 0.018 5.63 445.0
2458320.73964 17.670 0.017 5.37 351.0
2458328.51398 17.643 0.021 5.98 571.0
2458328.75262 17.667 0.029 6.99 789.0
2458329.67875 17.610 0.016 4.39 510.0
2458331.46523 17.577 0.027 5.72 1230.0
2458332.48176 17.617 0.017 5.56 390.0
2458333.48709 17.628 0.017 5.23 444.0
2458334.50516 17.629 0.015 4.84 421.0
2458335.59155 17.683 0.020 6.33 497.0
2458336.65875 17.658 0.014 4.72 259.0
2458338.73495 17.638 0.018 5.99 389.0
2458340.50522 17.641 0.014 4.28 336.0
2458341.59610 17.635 0.013 4.19 291.0
2458343.50498 17.668 0.017 4.93 378.0
2458344.72615 17.635 0.015 5.01 338.0
2458346.51299 17.636 0.017 6.27 293.0
2458347.58088 17.664 0.015 4.51 273.0
2458353.59134 17.657 0.027 7.73 498.0
2458356.47219 17.582 0.026 5.46 1192.0
2458357.65117 17.641 0.017 4.31 541.0
2458359.49375 17.624 0.016 5.54 339.0
2458360.58810 17.665 0.022 6.42 460.0
2458363.64583 17.644 0.016 6.23 284.0
2458366.52633 17.646 0.015 5.13 323.0
2458368.51809 17.627 0.013 3.70 332.0
2458370.48434 17.691 0.021 5.75 463.0
2458371.64847 17.654 0.019 5.73 418.0
2458375.47808 17.634 0.025 6.42 745.0
2458376.57559 17.674 0.019 5.72 428.0
2458383.52581 17.636 0.019 4.89 576.0
2458385.47923 17.624 0.019 4.28 889.0
2458387.51571 17.682 0.024 4.79 982.0
2458393.55989 17.631 0.019 6.09 390.0
2458401.54608 17.661 0.017 5.01 572.0
2458516.88458 17.603 0.036 6.58 1738.0
2458519.86926 17.641 0.016 5.73 425.0
2458522.88722 17.637 0.017 4.72 669.0
2458523.89001 17.627 0.017 4.93 606.0
2458526.88488 17.602 0.022 7.23 485.0
2458528.86877 17.619 0.017 5.71 436.0
2458528.88327 17.631 0.021 6.61 474.0
2458536.84419 17.642 0.016 4.54 556.0
2458538.87076 17.649 0.018 6.35 435.0
2458540.85173 17.629 0.024 4.50 1376.0
2458544.81503 17.658 0.013 4.56 322.0
2458546.84302 17.655 0.014 4.84 320.0
2458547.84665 17.634 0.016 6.20 317.0
2458548.86902 17.638 0.013 4.38 347.0
2458549.85798 17.646 0.016 6.06 321.0
2458550.88203 17.650 0.014 5.16 313.0
2458551.89342 17.657 0.017 6.38 313.0
2458553.82054 17.643 0.019 6.94 335.0
2458554.80344 17.630 0.016 5.84 329.0
2458554.90627 17.615 0.017 6.23 408.0
2458555.87635 17.645 0.013 4.76 308.0
2458556.85201 17.634 0.015 5.77 308.0
2458557.82076 17.662 0.018 6.41 320.0
2458558.78036 17.678 0.014 4.61 327.0
2458558.87570 17.691 0.016 5.91 287.0
2458559.83133 17.658 0.014 4.50 296.0
2458560.77375 17.647 0.015 4.29 482.0
2458560.89301 17.663 0.013 4.21 325.0
2458561.85182 17.652 0.015 4.83 413.0
2458562.80813 17.616 0.022 6.54 579.0
2458562.90712 17.624 0.019 5.62 516.0
2458563.87062 17.647 0.016 4.11 568.0
2458564.81950 17.651 0.015 3.99 504.0
2458565.77493 17.592 0.017 5.39 614.0
2458565.88591 17.652 0.015 3.90 502.0
2458566.85285 17.605 0.015 4.02 526.0
2458573.91578 17.685 0.017 5.50 378.0
2458574.87914 17.640 0.015 5.55 283.0
2458575.78453 17.655 0.015 5.53 304.0
2458575.87342 17.640 0.016 6.06 307.0
2458576.81047 17.652 0.018 6.96 318.0
2458576.89951 17.659 0.020 7.83 285.0
2458577.84629 17.670 0.020 6.70 367.0
2458578.74337 17.630 0.015 4.99 345.0
2458578.85370 17.679 0.015 4.99 352.0
2458579.73310 17.643 0.017 5.41 392.0
2458579.82971 17.608 0.018 6.05 430.0
2458580.70973 17.638 0.017 5.61 396.0
2458580.82529 17.699 0.017 5.77 341.0
2458581.71887 17.657 0.016 5.76 363.0
2458581.92458 17.599 0.025 4.65 1372.0
2458582.87314 17.649 0.016 5.34 353.0
2458583.81333 17.650 0.014 5.22 311.0
2458584.77624 17.656 0.013 5.15 294.0
2458585.74767 17.668 0.016 6.25 325.0
2458586.71504 17.637 0.015 6.03 317.0
2458587.68719 17.669 0.019 6.46 446.0
2458587.91334 17.659 0.014 4.29 367.0
2458588.85145 17.660 0.012 3.57 286.0
2458589.78705 17.650 0.016 4.63 433.0
2458590.74080 17.687 0.016 4.69 522.0
2458591.72161 17.656 0.017 5.23 617.0
2458592.73472 17.723 0.030 5.49 1489.0
2458593.72874 17.596 0.027 6.26 1384.0
2458594.69872 17.667 0.022 5.47 805.0
2458594.92555 17.625 0.018 4.32 843.0
2458599.65813 17.655 0.023 6.97 477.0
2458599.79178 17.675 0.017 6.17 356.0
2458599.91445 17.625 0.014 4.73 387.0
2458600.78753 17.671 0.014 5.08 339.0
2458601.70754 17.638 0.014 5.01 341.0
2458602.68644 17.666 0.013 4.48 293.0
2458603.65655 17.689 0.017 6.26 332.0
2458603.87082 17.650 0.014 4.27 350.0
2458604.82097 17.689 0.014 4.46 306.0
2458605.72880 17.636 0.014 4.98 326.0
2458606.69058 17.639 0.013 4.37 299.0
2458607.65492 17.664 0.016 5.81 344.0
2458607.85187 17.613 0.015 4.98 374.0
2458608.79470 17.634 0.013 4.01 371.0
2458612.74861 17.641 0.017 6.10 288.0
2458613.64121 17.685 0.019 6.11 391.0
2458613.86899 17.630 0.015 4.56 446.0
2458614.73675 17.637 0.020 6.45 394.0
2458615.67015 17.639 0.017 6.43 356.0
2458616.63186 17.638 0.016 5.30 442.0
2458616.84021 17.670 0.013 3.41 353.0
2458617.71887 17.647 0.013 4.01 372.0
2458618.65335 17.634 0.017 5.64 452.0
2458618.89984 17.645 0.023 6.31 626.0
2458619.77171 17.623 0.019 5.40 554.0
2458620.69020 17.651 0.016 4.92 480.0
2458621.67747 17.652 0.026 6.52 740.0
2458621.93881 17.714 0.028 5.19 1428.0
2458626.70974 17.688 0.021 6.29 477.0
2458626.81392 17.627 0.017 4.92 541.0
2458626.91256 17.696 0.021 5.24 647.0
2458627.69000 17.669 0.014 4.53 319.0
2458635.66239 17.662 0.014 4.95 293.0
2458635.89889 17.682 0.024 7.45 470.0
2458636.72054 17.672 0.013 4.00 294.0
2458637.58096 17.665 0.015 5.41 341.0
2458637.78750 17.611 0.013 3.68 373.0
2458638.66645 17.660 0.012 4.53 280.0
2458639.65964 17.660 0.012 3.90 365.0
2458640.58164 17.672 0.017 6.23 358.0
2458640.81295 17.635 0.015 4.72 362.0
2458641.66307 17.617 0.013 4.16 364.0
2458642.86296 17.637 0.016 4.46 476.0
2458643.70115 17.671 0.012 3.56 333.0
2458644.56414 17.704 0.020 6.30 411.0
2458644.80689 17.629 0.016 5.39 399.0
2458646.63237 17.665 0.020 7.00 353.0
2458646.87775 17.663 0.026 8.18 507.0
2458647.77717 17.672 0.018 5.61 444.0
2458648.69199 17.640 0.018 5.43 504.0
2458649.59658 17.759 0.035 6.29 1266.0
2458655.62197 17.605 0.014 4.15 554.0
2458656.63738 17.641 0.016 5.47 445.0
2458657.53787 17.716 0.016 5.49 345.0
2458657.76916 17.635 0.013 4.39 301.0
2458658.58718 17.685 0.013 5.30 289.0
2458660.67124 17.663 0.015 5.18 270.0
2458661.53499 17.676 0.019 6.65 350.0
2458662.57956 17.646 0.017 6.15 356.0
2458664.53764 17.657 0.016 5.81 281.0
2458664.77357 17.686 0.014 4.88 291.0
2458666.52586 17.661 0.022 7.02 449.0
2458666.78326 17.686 0.019 6.97 288.0
2458667.63584 17.682 0.015 4.27 343.0
2458668.47089 17.641 0.021 7.03 480.0
2458668.73419 17.671 0.013 4.38 244.0
2458669.51908 17.705 0.019 6.14 419.0
2458669.78215 17.635 0.012 3.84 335.0
2458670.58095 17.603 0.011 4.04 296.0
2458671.66334 17.642 0.018 6.99 271.0
2458673.71153 17.650 0.013 4.49 302.0
2458674.67645 17.635 0.013 4.50 277.0
2458675.62532 17.657 0.016 3.64 771.0
2458676.49145 17.660 0.019 5.17 602.0
2458676.56875 17.646 0.015 4.28 500.0
2458676.78170 17.627 0.018 5.20 564.0
2458681.49980 17.628 0.026 5.95 921.0
2458681.65662 17.676 0.021 4.70 751.0
2458682.52571 17.635 0.018 5.09 535.0
2458683.50178 17.636 0.018 5.91 434.0
2458683.75702 17.677 0.023 6.66 509.0
2458684.50372 17.630 0.019 6.56 359.0
2458684.73758 17.635 0.014 4.20 389.0
2458685.56737 17.656 0.016 5.35 381.0
2458688.60974 17.653 0.019 7.12 294.0
2458689.53762 17.680 0.018 6.14 341.0
2458689.77861 17.654 0.021 6.71 410.0
2458690.52441 17.667 0.020 7.01 367.0
2458691.49167 17.630 0.013 4.30 358.0
2458691.75399 17.629 0.018 6.45 358.0
2458692.49428 17.631 0.017 5.51 419.0
2458692.69358 17.639 0.013 4.06 309.0
2458693.49347 17.669 0.020 6.76 331.0
2458694.53088 17.607 0.014 4.60 334.0
2458694.73761 17.654 0.013 3.60 295.0
2458695.52773 17.644 0.015 5.28 302.0
2458697.57090 17.667 0.021 7.26 319.0
2458698.49900 17.710 0.016 5.38 294.0
2458698.75402 17.666 0.015 4.78 341.0
2458699.49889 17.738 0.017 5.00 362.0
2458700.49701 17.636 0.013 4.18 320.0
2458700.73423 17.652 0.015 4.72 370.0
2458701.74318 17.634 0.018 5.50 463.0
2458702.65705 17.640 0.014 4.64 314.0
2458704.71101 17.650 0.029 7.76 857.0
2458711.67968 17.684 0.035 7.00 1136.0
2458712.63045 17.657 0.018 5.55 439.0
2458713.49703 17.620 0.015 5.35 324.0
2458713.70402 17.640 0.019 5.94 471.0
2458717.49830 17.638 0.019 7.12 318.0
2458718.64979 17.665 0.013 3.93 338.0
2458719.58654 17.672 0.016 5.30 336.0
2458721.50627 17.676 0.015 5.37 290.0
2458723.64887 17.666 0.015 4.72 365.0
2458724.64889 17.656 0.013 4.39 287.0
2458725.59926 17.640 0.016 5.93 326.0
2458726.64066 17.640 0.014 4.76 260.0
2458727.62257 17.707 0.019 5.50 406.0
2458728.64386 17.676 0.016 4.77 344.0
2458729.64106 17.682 0.018 5.95 350.0
2458730.62800 17.613 0.015 5.39 320.0
2458731.60756 17.673 0.021 6.95 380.0
2458736.64530 17.676 0.024 6.25 684.0
2458737.62757 17.620 0.025 7.00 650.0
2458738.59655 17.651 0.021 5.60 651.0
2458739.51191 17.615 0.019 5.59 535.0
2458740.55451 17.632 0.024 6.96 520.0
2458741.60846 17.674 0.022 6.39 539.0
2458742.60737 17.630 0.019 5.25 543.0
2458746.59917 17.679 0.020 7.14 339.0
2458748.59419 17.633 0.019 6.14 420.0
2458753.60987 17.661 0.023 7.24 429.0
2458757.59026 17.668 0.019 6.54 361.0
2458783.52390 17.612 0.019 5.53 526.0
2458886.86406 17.688 0.022 7.32 395.0
2458887.86475 17.628 0.021 5.95 705.0
2458888.86163 17.693 0.026 6.38 809.0
2458889.85837 17.675 0.020 5.34 681.0
2458890.85675 17.667 0.018 5.51 565.0
2458891.86924 17.735 0.022 5.54 883.0
2458892.84897 17.671 0.020 5.37 702.0
2458893.84800 17.687 0.020 6.00 576.0
2458909.89047 17.636 0.013 4.92 300.0
2458912.79947 17.649 0.016 5.58 353.0
2458913.86715 17.628 0.016 6.52 292.0
2458915.87654 17.656 0.014 5.30 285.0
2458917.82708 17.656 0.018 5.19 643.0
2458918.89216 17.681 0.015 4.44 496.0
2458920.82011 17.640 0.017 5.09 592.0
2458921.85637 17.648 0.014 4.18 526.0
2459795.59720 17.642 0.015 5.69 281.0
2459796.53627 17.640 0.017 6.43 327.0
2459796.71655 17.655 0.016 6.15 317.0
2459797.58034 17.680 0.019 5.92 431.0
2459804.56738 17.611 0.016 4.66 498.0
2459805.53365 17.621 0.021 5.88 541.0
2459805.70125 17.611 0.018 5.02 577.0
2459806.70985 17.649 0.024 6.79 586.0
2459807.70617 17.618 0.020 6.68 428.0
2459808.69499 17.612 0.017 5.57 376.0
2459810.48983 17.666 0.013 4.29 290.0
2459811.57626 17.693 0.015 5.75 284.0
2459812.63309 17.609 0.015 5.76 275.0
2459814.49520 17.672 0.016 5.91 323.0
2459815.49264 17.656 0.015 5.14 318.0
2459816.52575 17.657 0.017 6.28 317.0
2459817.58496 17.708 0.017 5.77 363.0
2459819.48677 17.644 0.014 4.18 501.0
2459820.54818 17.657 0.017 5.83 384.0
2459822.48753 17.584 0.017 5.71 438.0
2459823.67065 17.622 0.020 7.41 421.0
2459829.55380 17.730 0.029 7.36 740.0
2459831.56621 17.621 0.021 6.46 617.0
2459834.49237 17.640 0.017 5.36 481.0
2459835.55009 17.690 0.028 9.00 464.0
2459837.65475 17.693 0.021 5.75 616.0
2459840.53660 17.636 0.018 6.83 351.0
2459841.59562 17.635 0.020 6.46 490.0
2459844.57210 17.652 0.017 5.65 431.0
2459846.55901 17.625 0.019 6.54 425.0
2459852.51490 17.641 0.023 8.00 440.0
2459856.50763 17.600 0.026 7.39 736.0
2459857.57472 17.672 0.031 7.74 854.0
2459860.55030 17.637 0.025 6.49 810.0
2459864.53791 17.641 0.021 5.59 703.0
2459869.50492 17.591 0.022 5.92 671.0
2459874.50406 17.682 0.024 5.40 854.0
2459978.86813 17.637 0.017 5.11 568.0
2459993.82896 17.651 0.017 5.81 437.0
2459997.81494 17.675 0.019 6.33 480.0
2460001.80457 17.661 0.022 7.47 475.0
2460004.88094 17.664 0.013 4.17 335.0
2460008.79343 17.630 0.017 4.81 638.0
2460012.79283 17.629 0.015 4.26 630.0
2460015.77473 17.616 0.018 5.10 722.0
2460020.90351 17.664 0.013 4.21 418.0
2460023.83281 17.587 0.013 5.35 284.0
2460026.79007 17.596 0.016 6.53 332.0
2460028.85866 17.672 0.015 5.38 345.0
2460031.73677 17.658 0.013 5.22 291.0
2460033.73602 17.659 0.016 6.06 345.0
2460035.74452 17.646 0.020 6.97 426.0
2460037.73312 17.666 0.016 5.37 452.0
2460039.85252 17.648 0.014 4.51 449.0
2460041.87775 17.612 0.016 4.71 567.0
2460047.89441 17.616 0.013 4.34 436.0
2460050.80818 17.620 0.013 5.07 282.0
2460053.70552 17.658 0.015 5.47 336.0
2460056.82405 17.652 0.012 4.14 315.0
2460058.92455 17.636 0.014 4.76 417.0
2460061.68298 17.652 0.015 5.80 345.0
2460063.67674 17.657 0.016 5.50 424.0
2460066.86503 17.658 0.013 4.61 329.0
2460068.85219 17.616 0.015 4.38 613.0
2460070.69462 17.615 0.031 6.39 1472.0
2460076.63458 17.666 0.017 6.17 369.0
2460085.62571 17.627 0.023 8.04 384.0
2460089.59712 17.612 0.018 5.62 509.0
2460091.60703 17.641 0.020 6.18 519.0
2460092.85790 17.655 0.019 6.26 438.0
2460095.78121 17.645 0.016 4.53 438.0
2460096.91029 17.658 0.017 4.82 522.0
2460104.59877 17.652 0.017 5.51 409.0
2460105.75248 17.628 0.016 5.26 387.0
2460107.71420 17.632 0.018 6.31 320.0
2460109.57534 17.658 0.021 6.73 401.0
2460110.89012 17.637 0.022 6.01 637.0
2460112.53291 17.661 0.018 5.77 396.0
2460113.66778 17.644 0.015 5.15 304.0
2460118.62351 17.622 0.018 6.12 340.0
2460119.86273 17.629 0.018 5.76 418.0
2460121.59161 17.638 0.020 6.77 369.0
2460123.54415 17.604 0.020 6.29 526.0
2460124.70314 17.631 0.017 5.09 522.0
2460131.73870 17.668 0.022 5.99 644.0
2460133.82037 17.572 0.022 6.78 550.0
2460139.65781 17.613 0.016 5.37 310.0
2460141.57265 17.635 0.019 6.81 312.0
2460143.59804 17.650 0.013 4.34 373.0
2460149.48254 17.619 0.017 5.21 516.0
2460157.63862 17.624 0.017 3.82 835.0
2460159.54298 17.641 0.017 4.69 553.0
2460161.52319 17.668 0.018 5.75 357.0
2460167.61719 17.618 0.017 6.50 264.0
2460169.68906 17.661 0.015 5.24 277.0
2460171.69308 17.612 0.016 5.71 348.0
2460174.66019 17.671 0.018 6.19 343.0
2460179.57944 17.636 0.016 5.08 360.0
2460185.54104 17.623 0.025 6.52 681.0
2460201.56907 17.621 0.018 6.37 368.0
2460204.48743 17.636 0.023 6.75 508.0
2460212.52679 17.672 0.024 5.28 1042.0
2460218.52711 17.640 0.028 7.94 517.0
2460226.50307 17.687 0.020 5.62 505.0
2460230.55547 17.662 0.029 7.53 669.0
2460244.51439 17.617 0.033 7.31 1009.0
2460354.86575 17.648 0.017 5.08 449.0
2460361.86935 17.635 0.015 4.66 485.0
2460369.84373 17.642 0.017 4.58 553.0
2460376.86697 17.668 0.020 5.74 510.0
2460379.85072 17.652 0.014 4.54 389.0
2460382.88335 17.663 0.016 5.12 382.0
2460385.79932 17.667 0.015 4.67 398.0
2460388.79677 17.627 0.019 6.51 403.0
2460391.79967 17.652 0.015 4.14 464.0
2460393.87666 17.655 0.016 4.55 465.0
2460395.91463 17.625 0.019 4.49 811.0
2460398.75733 17.664 0.020 5.21 756.0
2460403.87410 17.664 0.015 4.35 342.0
2460406.76277 17.622 0.021 7.18 377.0
2460409.73990 17.652 0.015 4.52 399.0
2460416.77603 17.643 0.018 6.37 342.0
2460419.74158 17.640 0.015 4.56 397.0
2460424.73395 17.642 0.020 5.28 726.0
2460432.70823 17.652 0.017 5.32 451.0
2460433.93334 17.655 0.020 4.69 802.0
2460435.89875 17.649 0.018 5.76 388.0
2460439.78064 17.668 0.014 4.95 418.0
2460442.91766 17.676 0.024 6.72 540.0
2460449.60539 17.679 0.020 6.12 463.0
2460450.60250 17.635 0.023 6.93 591.0
2460458.57186 17.621 0.023 7.12 548.0
2460459.68974 17.642 0.015 4.75 453.0
2460462.73037 17.626 0.012 4.29 267.0
2460463.56879 17.629 0.016 5.45 328.0
2460464.85063 17.636 0.015 4.54 418.0
2460467.87394 17.650 0.019 5.81 644.0
2460473.59828 17.618 0.017 6.00 409.0
2460477.60160 17.649 0.018 5.52 483.0
2460479.59763 17.654 0.025 7.55 517.0
2460480.54521 17.665 0.030 7.16 814.0
2460485.84201 17.658 0.025 5.99 823.0
2460488.59233 17.669 0.016 5.62 328.0
2460491.47841 17.643 0.017 5.85 371.0
2460492.77701 17.654 0.014 4.46 322.0
2460494.58858 17.649 0.015 4.90 328.0
2460497.46758 17.679 0.037 8.70 818.0
2460498.70358 17.668 0.015 4.84 290.0
2460500.57094 17.631 0.017 6.45 267.0
2460502.54084 17.606 0.021 7.58 354.0
2460503.77796 17.629 0.022 8.06 346.0
2460506.55502 17.654 0.015 4.94 376.0
2460513.60472 17.643 0.029 7.58 732.0
2460516.60955 17.678 0.018 6.35 344.0
2460518.51514 17.637 0.018 5.88 432.0
2460521.49660 17.658 0.015 5.68 343.0
2460530.53902 17.644 0.018 6.32 324.0
2460533.62073 17.637 0.015 5.16 300.0
2460542.55150 17.682 0.023 5.88 725.0
2460546.59303 17.649 0.018 6.54 332.0
2460554.64443 17.669 0.022 6.72 450.0
2460558.53261 17.634 0.014 4.97 372.0
2460560.61613 17.629 0.019 6.43 407.0
2460567.50953 17.643 0.023 6.57 625.0
2460570.54815 17.649 0.026 6.62 756.0
2460574.52761 17.654 0.019 6.85 366.0
2460580.52072 17.634 0.021 7.04 400.0
2460587.57534 17.655 0.017 4.85 523.0
2460609.51382 17.597 0.020 5.71 685.0
2460714.88063 17.324 0.015 5.81 539.0
2460718.86577 17.128 0.016 6.46 686.0
2460721.86222 16.875 0.011 6.18 577.0
2460724.85973 16.531 0.008 5.74 463.0
2460732.83026 15.226 0.003 5.21 350.0
2460735.82345 16.231 0.006 5.96 412.0
2460738.80604 16.702 0.009 5.85 400.0
2460740.85898 16.904 0.009 5.84 294.0
2460743.79004 17.119 0.011 4.99 448.0
2460745.78646 17.243 0.013 5.53 466.0
2460747.78239 17.324 0.013 4.64 596.0
2460749.77206 17.347 0.018 5.67 799.0
2460751.79610 17.429 0.014 4.77 557.0
2460753.74826 17.448 0.020 6.01 767.0
2460759.86112 17.547 0.015 5.67 374.0
2460762.75460 17.567 0.016 6.00 344.0
2460763.75328 17.577 0.017 6.30 380.0
2460765.74845 17.586 0.016 5.39 371.0
2460767.74600 17.615 0.015 5.33 381.0
2460769.73384 17.603 0.015 4.83 451.0
2460771.74585 17.638 0.020 7.16 332.0
2460773.72273 17.584 0.016 5.06 465.0
2460774.91658 17.604 0.014 4.50 404.0
2460777.89604 17.642 0.017 4.53 571.0
2460779.70471 17.646 0.025 6.29 822.0
2460780.88255 17.615 0.018 4.41 700.0
2460786.87444 17.596 0.017 5.58 438.0
2460788.70040 17.664 0.016 5.55 336.0
2460789.82850 17.630 0.014 4.99 322.0
2460791.66928 17.645 0.015 4.98 363.0
2460792.83612 17.642 0.014 4.40 348.0
2460794.65898 17.628 0.016 5.83 357.0
2460795.71293 17.562 0.012 6.42 247.0
2460797.91427 17.630 0.016 4.76 484.0
2460799.72622 17.621 0.016 5.82 311.0
2460800.83644 17.654 0.014 4.73 306.0
2460802.63910 17.666 0.018 6.03 426.0
2460803.93089 17.650 0.021 6.28 535.0
2460806.64334 17.637 0.019 5.22 715.0
2460807.63942 17.660 0.022 5.27 919.0
2460814.63979 17.711 0.018 5.40 462.0
2460815.64551 17.649 0.014 5.05 304.0
2460816.62082 17.645 0.014 5.02 307.0
2460817.84255 17.645 0.015 4.72 392.0
2460818.93878 17.654 0.022 5.84 791.0
2460820.69254 17.631 0.018 6.70 317.0
2460821.76529 17.611 0.014 5.17 294.0
2460823.64033 17.659 0.022 7.70 364.0
2460824.72235 17.636 0.014 4.46 332.0
2460825.75208 17.664 0.014 4.65 320.0
2460827.64297 17.637 0.013 4.65 289.0
2460828.70592 17.646 0.012 4.36 274.0
2460831.55084 17.670 0.024 7.32 498.0
2460832.56312 17.663 0.028 7.97 582.0
2460833.75853 17.670 0.018 5.48 494.0
2460835.54108 17.675 0.026 6.36 898.0
2460841.71399 17.605 0.020 5.35 637.0
2460843.55406 17.642 0.023 6.82 569.0
2460844.63313 17.647 0.018 6.22 381.0
2460845.79572 17.617 0.019 5.77 447.0
2460846.83555 17.664 0.019 5.38 490.0
2460847.84862 17.648 0.020 5.79 494.0
2460849.68327 17.672 0.021 7.76 305.0
2460850.78300 17.627 0.015 5.01 352.0
2460853.49725 17.670 0.020 6.49 497.0
2460854.52548 17.649 0.020 6.41 495.0
2460855.52239 17.676 0.029 8.05 600.0
2460856.49468 17.681 0.017 5.84 402.0
2460857.79184 17.591 0.018 6.67 347.0
2460859.56176 17.651 0.013 4.65 291.0
2460860.56838 17.664 0.014 4.77 353.0
2460861.70235 17.675 0.018 5.61 452.0
2460868.53085 17.610 0.026 7.21 726.0
2460869.62108 17.647 0.022 6.86 498.0
2460870.77340 17.607 0.018 6.14 421.0
2460872.78187 17.609 0.023 8.11 410.0
2460874.49900 17.654 0.014 5.01 320.0
2460875.61649 17.647 0.013 4.41 288.0
2460876.78246 17.625 0.016 5.55 357.0
2460878.78292 17.667 0.015 5.43 335.0
2460880.70848 17.650 0.016 5.61 346.0
2460882.59742 17.614 0.014 5.07 327.0
2460885.69434 17.613 0.014 5.80 268.0
2460895.62193 17.603 0.021 5.67 672.0
2460898.50077 17.652 0.019 6.62 347.0
2460899.65148 17.684 0.017 5.59 382.0
2460901.53864 17.638 0.019 6.28 393.0
2460904.54037 17.642 0.019 6.78 380.0
2460911.60119 17.652 0.018 5.79 387.0
2460913.64744 17.639 0.015 5.44 301.0
2460915.62035 17.655 0.014 5.39 308.0
2460925.56894 17.599 0.021 6.35 625.0
2460926.56944 17.670 0.027 7.18 711.0
2460927.56583 17.645 0.025 7.57 563.0
2460928.56766 17.634 0.017 5.61 487.0
2460929.59333 17.655 0.017 5.60 461.0
2460930.57023 17.627 0.016 5.43 458.0
2460931.58693 17.638 0.019 6.64 396.0
2460932.60461 17.635 0.023 8.08 423.0
2460933.59679 17.650 0.020 6.26 591.0
2460934.59832 17.666 0.018 5.54 529.0
2460937.49009 17.652 0.022 6.90 436.0
2460942.56693 17.653 0.017 6.28 346.0
2460950.48969 17.606 0.027 7.43 682.0
2460953.55250 17.645 0.025 6.77 654.0
2460957.53913 17.615 0.021 6.76 596.0
2460965.51637 17.675 0.024 6.79 561.0
