2457791.88014 19.246 0.063 4.62 523.0
2457792.88296 19.389 0.092 5.62 699.0
2457793.87443 19.382 0.067 4.76 458.0
2457794.88141 19.311 0.104 6.50 713.0
2457795.88544 19.443 0.108 5.87 763.0
2457798.85536 19.377 0.077 5.03 492.0
2457800.85975 19.290 0.060 4.58 452.0
2457802.83965 19.305 0.149 6.95 1189.0
2457807.85423 19.271 0.061 5.35 319.0
2457810.83119 19.238 0.061 5.19 384.0
2457812.89626 19.337 0.053 4.07 360.0
2457816.82400 19.322 0.062 4.88 359.0
2457818.86706 19.312 0.051 4.26 323.0
2457820.90120 19.280 0.052 4.28 360.0
2457823.80578 19.297 0.072 4.60 613.0
2457825.83788 19.362 0.075 5.23 524.0
2457827.81525 19.291 0.065 4.59 497.0
2457829.80609 19.327 0.095 5.68 695.0
2457834.80558 19.315 0.059 4.97 332.0
2457834.91560 19.321 0.067 4.26 589.0
2457835.88230 19.399 0.061 5.21 282.0
2457836.83497 19.379 0.066 5.84 268.0
2457837.77155 19.250 0.061 6.05 272.0
2457837.87992 19.309 0.051 4.69 269.0
2457838.82698 19.244 0.048 4.42 307.0
2457839.76266 19.275 0.043 4.04 248.0
2457839.88784 19.334 0.042 3.42 237.0
2457840.81517 19.409 0.061 5.28 251.0
2457841.75838 19.236 0.081 7.57 275.0
2457841.86910 19.138 0.071 7.47 276.0
2457842.78469 19.330 0.058 5.41 259.0
2457842.89398 19.371 0.057 4.83 281.0
2457843.82563 19.289 0.051 4.95 234.0
2457844.73582 19.343 0.057 5.15 282.0
2457844.85274 19.156 0.057 6.07 256.0
2457845.76004 19.393 0.064 5.50 274.0
2457845.87767 19.261 0.050 4.81 255.0
2457846.80794 19.311 0.051 4.84 242.0
2457846.91705 19.238 0.055 5.04 315.0
2457847.81863 19.360 0.057 4.88 263.0
2457848.72492 19.497 0.077 5.33 371.0
2457848.83182 19.375 0.056 5.04 243.0
2457849.73749 19.375 0.069 5.32 383.0
2457849.85478 19.263 0.041 3.77 262.0
2457850.74965 19.277 0.069 5.33 392.0
2457850.86845 19.312 0.048 4.39 272.0
2457851.76739 19.269 0.073 5.75 413.0
2457852.87370 19.283 0.067 6.04 309.0
2457853.92631 19.545 0.154 6.86 756.0
2457854.80736 19.276 0.056 4.09 477.0
2457854.92038 19.283 0.056 3.41 570.0
2457855.82874 19.439 0.080 4.40 548.0
2457856.72687 19.132 0.089 6.64 601.0
2457856.83940 19.145 0.089 7.01 512.0
2457857.86676 19.273 0.106 6.93 569.0
2457862.68851 19.310 0.070 5.78 363.0
2457862.79848 19.355 0.067 5.26 331.0
2457862.92264 19.394 0.062 4.32 359.0
2457865.70731 19.360 0.055 4.75 294.0
2457866.70303 19.290 0.052 4.51 306.0
2457867.70632 19.372 0.051 4.09 293.0
2457867.83461 19.253 0.037 3.20 263.0
2457868.76242 19.327 0.071 6.06 297.0
2457868.90251 19.343 0.090 7.23 350.0
2457869.76207 19.331 0.048 4.19 276.0
2457869.89390 19.274 0.045 3.53 343.0
2457870.77365 19.378 0.043 3.59 253.0
2457870.90469 19.268 0.048 4.11 297.0
2457871.78834 19.341 0.046 3.58 301.0
2457871.93131 19.312 0.068 3.54 829.0
2457872.79830 19.286 0.040 3.32 294.0
2457872.93658 19.303 0.111 3.68 2171.0
2457873.76731 19.323 0.043 3.42 282.0
2457873.90287 19.372 0.058 4.36 333.0
2457874.73606 19.338 0.080 6.62 314.0
2457874.85882 19.208 0.056 4.76 367.0
2457875.81502 19.340 0.046 3.64 605.0
2457875.92671 19.325 0.061 4.59 421.0
2457876.74042 19.284 0.054 4.44 355.0
2457876.87743 19.337 0.072 5.66 358.0
2457877.70101 19.269 0.051 4.17 351.0
2457877.83319 19.243 0.047 3.51 385.0
2457878.73894 19.251 0.044 3.62 362.0
2457878.87417 19.267 0.044 3.51 342.0
2457879.69846 19.288 0.075 6.02 398.0
2457879.85104 19.367 0.079 6.17 342.0
2457880.72729 19.367 0.069 5.07 402.0
2457880.84912 19.295 0.086 6.60 402.0
2457881.80525 19.400 0.078 5.26 450.0
2457881.92602 19.309 0.093 6.53 496.0
2457882.80302 19.230 0.070 5.34 488.0
2457882.93267 19.160 0.060 4.74 501.0
2457890.69771 19.246 0.095 7.22 442.0
2457890.85560 19.391 0.072 4.58 517.0
2457893.67639 19.348 0.067 5.81 304.0
2457893.80512 19.369 0.065 5.27 324.0
2457893.91481 19.207 0.070 5.80 437.0
2457894.66017 19.320 0.060 5.13 349.0
2457894.78792 19.327 0.050 4.15 304.0
2457894.89732 19.364 0.066 4.83 380.0
2457895.76167 19.361 0.055 4.66 367.0
2457897.70136 19.386 0.072 5.60 304.0
2457900.91582 19.296 0.096 7.59 394.0
2457901.63696 19.378 0.064 5.51 294.0
2457901.79233 19.388 0.060 4.80 307.0
2457902.62772 19.202 0.069 6.64 314.0
2457902.75043 19.274 0.050 4.41 302.0
2457902.92576 19.172 0.100 7.48 583.0
2457903.79653 19.231 0.067 6.56 283.0
2457903.91404 19.291 0.087 6.93 417.0
2457904.65585 19.205 0.057 5.81 280.0
2457904.78432 19.295 0.049 4.70 246.0
2457904.89371 19.353 0.076 5.88 364.0
2457905.62271 19.341 0.058 5.04 306.0
2457905.74996 19.302 0.045 3.89 296.0
2457905.86260 19.261 0.062 4.74 420.0
2457906.57118 19.318 0.073 5.53 441.0
2457906.68939 19.281 0.043 3.46 327.0
2457906.81163 19.306 0.057 4.39 387.0
2457906.92055 19.325 0.077 4.76 640.0
2457907.68754 19.328 0.056 4.31 388.0
2457907.81880 19.276 0.061 4.41 518.0
2457908.63450 19.310 0.071 5.25 452.0
2457908.76389 19.209 0.061 4.95 439.0
2457908.87376 19.285 0.066 5.17 406.0
2457909.56548 19.419 0.108 6.19 732.0
2457909.68556 19.238 0.054 4.17 415.0
2457909.79659 19.286 0.063 3.89 619.0
2457909.90245 19.376 0.070 4.41 540.0
2457910.58275 19.471 0.096 5.69 552.0
2457910.70075 19.312 0.054 4.00 411.0
2457910.82291 19.305 0.058 4.02 475.0
2457911.65808 19.349 0.073 4.85 550.0
2457911.82759 19.380 0.122 6.95 667.0
2457916.61086 19.318 0.065 3.98 639.0
2457916.70519 19.351 0.071 4.33 630.0
2457916.80923 19.330 0.070 4.07 630.0
2457917.64230 19.250 0.061 4.64 417.0
2457917.75748 19.292 0.055 3.92 462.0
2457917.86430 19.383 0.092 5.31 674.0
2457918.61917 19.276 0.081 6.18 512.0
2457922.61890 19.286 0.059 5.23 315.0
2457922.74897 19.386 0.081 6.12 357.0
2457923.61836 19.291 0.057 5.13 317.0
2457923.75547 19.291 0.080 6.66 358.0
2457923.87493 19.333 0.104 7.27 456.0
2457924.54115 19.413 0.072 5.33 360.0
2457924.64661 19.164 0.049 4.65 294.0
2457924.77550 19.301 0.054 4.33 312.0
2457924.87753 19.294 0.063 4.38 506.0
2457925.67285 19.360 0.047 4.09 251.0
2457925.81005 19.394 0.074 6.09 286.0
2457926.57936 19.255 0.071 6.86 303.0
2457926.72751 19.313 0.074 6.49 313.0
2457928.57699 19.344 0.070 5.99 336.0
2457932.60823 19.285 0.061 5.53 298.0
2457932.73287 19.284 0.055 5.19 269.0
2457933.51742 19.154 0.078 7.70 322.0
2457933.59884 19.217 0.066 6.56 279.0
2457933.72065 19.230 0.058 5.99 239.0
2457934.53447 19.203 0.059 5.59 339.0
2457934.65061 19.303 0.057 5.01 291.0
2457934.76482 19.117 0.053 5.25 319.0
2457935.50390 19.282 0.065 5.33 406.0
2457935.63253 19.259 0.052 4.96 268.0
2457935.74483 19.270 0.048 4.43 245.0
2457935.86396 19.351 0.063 4.98 334.0
2457936.49020 19.258 0.071 5.77 416.0
2457936.60673 19.487 0.068 5.40 273.0
2457936.74223 19.400 0.065 5.58 254.0
2457936.85863 19.311 0.084 7.30 321.0
2457937.54794 19.328 0.072 5.39 412.0
2457937.65861 19.303 0.060 5.05 318.0
2457937.79029 19.200 0.054 5.49 272.0
2457938.57063 19.421 0.086 5.93 399.0
2457944.46871 19.285 0.105 6.50 840.0
2457944.52152 19.270 0.083 5.27 672.0
2457944.56291 19.304 0.072 4.50 613.0
2457944.61334 19.302 0.070 4.67 571.0
2457944.66335 19.382 0.077 4.78 502.0
2457944.72353 19.237 0.072 5.09 555.0
2457944.77278 19.242 0.066 4.32 598.0
2457945.48038 19.344 0.083 5.89 493.0
2457945.58002 19.261 0.061 4.79 416.0
2457945.69115 19.304 0.049 3.75 373.0
2457945.80137 19.339 0.070 4.56 552.0
2457946.51338 19.284 0.056 4.96 302.0
2457946.63481 19.330 0.063 5.13 342.0
2457946.76322 19.306 0.070 5.32 367.0
2457947.51435 19.337 0.071 6.56 268.0
2457947.61792 19.346 0.067 5.60 314.0
2457947.77864 19.361 0.070 5.12 392.0
2457948.50720 19.337 0.062 5.46 282.0
2457948.64070 19.293 0.066 5.34 365.0
2457948.77534 19.197 0.059 4.96 401.0
2457949.56645 19.182 0.078 6.03 542.0
2457949.68982 19.269 0.085 6.55 406.0
2457952.70783 19.542 0.083 6.25 257.0
2457953.47796 19.465 0.090 6.28 392.0
2457953.60999 19.431 0.062 5.15 267.0
2457953.73500 19.348 0.052 4.85 229.0
2457954.48979 19.219 0.059 4.99 511.0
2457954.63356 19.257 0.049 4.60 247.0
2457954.76919 19.305 0.055 4.43 330.0
2457955.79906 19.335 0.070 6.18 339.0
2457956.60430 19.301 0.044 3.81 250.0
2457956.73552 19.387 0.059 4.69 302.0
2457957.66063 19.224 0.059 5.65 288.0
2457958.57544 19.315 0.082 6.61 360.0
2457958.66610 19.300 0.078 7.11 286.0
2457958.78404 19.505 0.118 8.34 356.0
2457959.53237 19.248 0.051 4.80 300.0
2457959.65014 19.288 0.047 4.47 250.0
2457959.76626 19.286 0.064 6.15 288.0
2457960.51962 19.343 0.057 5.08 271.0
2457960.65528 19.427 0.058 5.26 226.0
2457960.78105 19.214 0.059 5.95 292.0
2457961.60090 19.281 0.052 5.10 304.0
2457961.70762 19.181 0.048 4.81 352.0
2457962.52800 19.244 0.054 4.79 311.0
2457963.61905 19.359 0.053 4.48 318.0
2457964.59470 19.326 0.057 4.59 320.0
2457964.73446 19.391 0.076 6.08 396.0
2457965.67794 19.301 0.055 4.42 347.0
2457966.55163 19.307 0.080 6.61 362.0
2457966.64893 19.352 0.069 5.78 297.0
2457967.68492 19.263 0.077 5.98 419.0
2457967.74209 19.413 0.117 7.91 475.0
2457971.51422 19.454 0.092 5.05 627.0
2457971.60303 19.097 0.070 5.41 549.0
2457971.64292 19.448 0.079 4.45 576.0
2457971.69376 19.250 0.074 4.45 666.0
2457971.73402 19.463 0.104 4.75 832.0
2457972.52595 19.280 0.118 7.52 588.0
2457972.56482 19.431 0.126 7.32 550.0
2457972.61920 19.460 0.106 5.93 570.0
2457972.66691 19.358 0.101 5.69 603.0
2457972.72221 19.195 0.082 4.83 741.0
2457973.54133 19.417 0.125 7.52 553.0
2457973.66637 19.182 0.074 5.20 632.0
2457974.64683 19.313 0.065 4.41 431.0
2457975.47643 19.380 0.097 7.04 388.0
2457979.52680 19.314 0.054 4.69 300.0
2457979.64617 19.327 0.048 3.89 330.0
2457980.58053 19.395 0.083 5.63 423.0
2457981.47875 19.361 0.096 6.57 487.0
2457981.63253 19.400 0.061 4.10 384.0
2457982.54204 19.334 0.064 5.43 289.0
2457982.65297 19.264 0.058 4.92 326.0
2457983.58067 19.342 0.057 4.43 316.0
2457984.48954 19.365 0.082 6.61 326.0
2457984.60726 19.397 0.064 4.93 302.0
2457985.53728 19.415 0.106 7.72 356.0
2457986.49283 19.332 0.052 4.30 339.0
2457986.63272 19.222 0.048 4.50 287.0
2457987.55994 19.237 0.048 3.91 341.0
2457990.47892 19.502 0.084 5.41 404.0
2457990.61116 19.256 0.061 5.52 323.0
2457991.53068 19.250 0.064 5.70 342.0
2457991.65993 19.528 0.087 6.12 339.0
2457992.57599 19.363 0.059 4.91 319.0
2457993.51288 19.204 0.064 5.63 377.0
2457993.62315 19.270 0.061 5.64 302.0
2457994.55711 19.376 0.102 6.16 625.0
2457998.52286 19.462 0.076 4.44 508.0
2457998.57113 19.380 0.098 4.50 1021.0
2457998.61464 19.439 0.105 4.55 1054.0
2458000.49556 19.297 0.079 5.63 463.0
2458000.54908 19.426 0.082 5.23 486.0
2458000.59087 19.317 0.087 5.85 548.0
2458001.48094 19.435 0.090 5.32 546.0
2458001.59181 19.289 0.073 5.29 516.0
2458003.60648 19.252 0.089 5.78 546.0
2458004.59459 19.183 0.077 6.20 462.0
2458007.55888 19.389 0.093 7.28 353.0
2458008.57685 19.263 0.076 6.46 332.0
2458011.51736 19.253 0.093 7.34 381.0
2458012.54171 19.279 0.058 4.45 430.0
2458013.54511 19.270 0.057 4.27 408.0
2458014.55412 19.455 0.073 4.96 369.0
2458015.55245 19.445 0.091 6.60 351.0
2458016.56098 19.442 0.080 6.14 317.0
2458018.49140 19.367 0.075 5.29 395.0
2458019.52922 19.337 0.053 4.08 341.0
2458020.56318 19.188 0.058 4.34 370.0
2458026.52622 19.159 0.087 4.54 1158.0
2458029.51120 19.458 0.102 5.16 642.0
2458030.51879 19.236 0.063 3.84 664.0
2458040.49979 19.409 0.116 6.69 558.0
2458164.85094 19.301 0.062 5.08 392.0
2458164.89113 19.280 0.076 4.94 654.0
2458165.88878 19.342 0.062 4.59 439.0
2458166.87159 19.391 0.070 5.61 339.0
2458167.85579 19.377 0.062 4.79 379.0
2458167.89565 19.615 0.107 5.28 602.0
2458168.87675 19.307 0.057 4.90 313.0
2458169.85145 19.293 0.060 4.77 367.0
2458170.83413 19.219 0.053 4.53 370.0
2458170.87340 19.377 0.054 3.96 339.0
2458171.84357 19.280 0.056 4.30 384.0
2458171.88241 19.309 0.056 4.19 369.0
2458172.85386 19.363 0.068 5.23 380.0
2458172.89274 19.311 0.066 4.38 450.0
2458173.86351 19.209 0.053 4.35 430.0
2458174.82447 19.208 0.065 4.92 507.0
2458174.87446 19.172 0.049 4.03 424.0
2458175.82432 19.270 0.056 4.75 366.0
2458175.87320 19.331 0.054 4.35 310.0
2458176.81597 19.546 0.090 4.99 541.0
2458176.86615 19.320 0.053 4.18 365.0
2458181.80692 19.309 0.084 5.28 658.0
2458181.86001 19.452 0.080 4.65 568.0
2458181.90098 19.355 0.083 4.66 645.0
2458183.82312 19.373 0.078 5.22 571.0
2458184.83418 19.311 0.069 4.63 564.0
2458184.88442 19.292 0.072 4.64 539.0
2458185.84181 19.139 0.082 6.17 585.0
2458185.89152 19.215 0.060 4.89 457.0
2458189.83814 19.398 0.063 4.75 338.0
2458190.81098 19.280 0.050 4.73 281.0
2458191.79763 19.375 0.093 7.48 332.0
2458192.78746 19.351 0.067 5.42 336.0
2458192.90698 19.264 0.052 4.38 333.0
2458193.88454 19.256 0.049 4.88 258.0
2458194.84580 19.292 0.047 4.21 255.0
2458195.81892 19.516 0.077 5.68 302.0
2458196.78815 19.202 0.049 4.79 297.0
2458196.90528 19.320 0.053 4.45 291.0
2458197.84917 19.337 0.047 3.73 293.0
2458198.80545 19.382 0.057 4.53 317.0
2458199.74673 19.335 0.065 5.57 315.0
2458199.86696 19.223 0.044 3.98 291.0
2458200.84803 19.287 0.051 4.44 338.0
2458201.78179 19.521 0.086 6.24 322.0
2458201.89782 19.277 0.049 4.68 240.0
2458202.82520 19.328 0.051 4.22 339.0
2458203.76738 19.281 0.053 4.93 304.0
2458203.87466 19.312 0.046 3.98 277.0
2458204.80635 19.332 0.071 6.09 313.0
2458205.74668 19.368 0.081 6.08 446.0
2458205.86532 19.304 0.062 5.62 298.0
2458206.78726 19.278 0.056 4.34 430.0
2458206.90362 19.310 0.041 3.45 290.0
2458207.81344 19.334 0.062 4.33 451.0
2458208.73376 19.284 0.076 4.55 797.0
2458208.84055 19.284 0.060 4.11 556.0
2458209.76129 19.342 0.073 4.85 607.0
2458209.86858 19.235 0.055 4.10 493.0
2458211.78828 19.294 0.088 5.93 567.0
2458211.89628 19.232 0.055 4.04 514.0
2458212.78357 19.278 0.104 4.20 1742.0
2458212.88795 19.307 0.054 3.50 589.0
2458217.84246 19.294 0.052 4.57 306.0
2458220.71604 19.352 0.072 6.82 281.0
2458220.88129 19.290 0.048 4.77 268.0
2458221.71141 19.239 0.057 5.41 287.0
2458221.89841 19.293 0.052 4.45 298.0
2458222.78245 19.282 0.044 4.36 244.0
2458222.92314 19.112 0.051 4.14 463.0
2458223.90065 19.267 0.061 5.37 312.0
2458224.77452 19.343 0.059 4.80 322.0
2458224.91315 19.408 0.059 4.46 311.0
2458226.85533 19.233 0.068 6.44 285.0
2458227.72972 19.272 0.056 5.16 274.0
2458227.87123 19.338 0.052 4.56 282.0
2458228.78410 19.378 0.051 4.30 263.0
2458228.92404 19.237 0.049 3.85 368.0
2458229.81151 19.277 0.041 3.94 237.0
2458229.92546 19.341 0.052 3.77 388.0
2458230.79841 19.368 0.047 4.08 272.0
2458231.81713 19.278 0.050 4.23 301.0
2458233.71326 19.364 0.061 4.61 393.0
2458235.73974 19.209 0.065 5.21 486.0
2458236.74929 19.397 0.076 3.83 803.0
2458238.74494 19.160 0.066 4.69 683.0
2458238.86838 19.411 0.079 4.17 679.0
2458244.71900 19.106 0.057 5.49 370.0
2458244.84112 19.291 0.064 4.86 428.0
2458245.77279 19.195 0.095 7.18 462.0
2458245.88441 19.213 0.091 6.23 522.0
2458246.74087 19.273 0.069 5.76 365.0
2458246.85984 19.360 0.064 4.41 458.0
2458247.66337 19.428 0.078 5.64 415.0
2458247.77280 19.226 0.046 3.98 334.0
2458247.90307 19.434 0.089 5.60 455.0
2458248.78339 19.365 0.079 6.08 380.0
2458249.74045 19.137 0.059 6.28 306.0
2458249.87147 19.320 0.052 4.11 386.0
2458250.68615 19.261 0.046 5.00 247.0
2458250.81532 19.280 0.049 4.56 292.0
2458250.92680 19.193 0.054 4.23 412.0
2458251.71870 19.095 0.054 5.89 286.0
2458251.85529 19.375 0.065 4.82 338.0
2458252.88096 19.259 0.064 5.04 402.0
2458253.66653 19.253 0.054 5.20 290.0
2458253.78391 19.275 0.048 4.34 311.0
2458254.67378 19.264 0.046 4.15 285.0
2458254.82339 19.340 0.043 3.28 313.0
2458254.94319 19.331 0.083 3.55 1207.0
2458255.74886 19.300 0.053 4.32 291.0
2458255.89091 19.308 0.062 4.29 431.0
2458256.66972 19.291 0.059 5.24 301.0
2458256.79250 19.166 0.063 5.64 342.0
2458256.91900 19.276 0.063 4.77 439.0
2458257.72903 19.173 0.046 4.66 266.0
2458257.84396 19.264 0.050 4.19 318.0
2458258.70990 19.450 0.060 4.88 268.0
2458258.83513 19.320 0.050 3.87 305.0
2458259.63861 19.236 0.055 4.78 388.0
2458259.80144 19.299 0.050 4.01 357.0
2458259.92436 19.163 0.061 5.01 447.0
2458260.83724 19.379 0.048 3.33 454.0
2458261.87296 19.246 0.049 3.76 341.0
2458262.69332 19.393 0.053 4.54 289.0
2458262.83245 19.353 0.045 3.67 240.0
2458262.93286 19.507 0.078 4.56 456.0
2458263.73563 19.320 0.046 3.90 308.0
2458263.86994 19.284 0.039 3.22 266.0
2458264.86777 19.138 0.053 4.49 425.0
2458265.64546 19.347 0.082 5.17 569.0
2458265.76648 19.367 0.060 4.17 487.0
2458266.60971 19.285 0.109 5.91 1014.0
2458266.77025 19.351 0.091 5.51 662.0
2458271.63998 19.445 0.093 5.83 506.0
2458271.80846 19.306 0.084 5.59 521.0
2458271.89139 19.373 0.106 6.05 672.0
2458272.75484 19.341 0.064 4.80 386.0
2458272.87124 19.407 0.075 4.77 480.0
2458273.60740 19.330 0.064 5.22 364.0
2458273.74148 19.366 0.051 4.30 294.0
2458274.58803 19.334 0.073 6.39 314.0
2458274.70067 19.097 0.068 7.34 314.0
2458274.83210 19.273 0.056 4.38 424.0
2458275.58190 19.289 0.065 5.10 422.0
2458275.72174 19.283 0.043 3.58 322.0
2458275.84017 19.312 0.062 4.70 419.0
2458276.58919 19.601 0.117 7.08 387.0
2458276.70272 19.205 0.042 4.21 274.0
2458276.82904 19.280 0.052 4.12 380.0
2458277.63587 19.228 0.051 4.96 286.0
2458277.76867 19.365 0.058 5.00 273.0
2458277.88554 19.380 0.068 4.92 433.0
2458278.58294 19.330 0.058 5.07 335.0
2458278.74994 19.322 0.053 4.46 376.0
2458282.60069 19.339 0.051 4.60 278.0
2458282.73710 19.348 0.051 5.39 227.0
2458282.86566 19.444 0.060 4.31 339.0
2458283.56497 19.320 0.066 6.07 289.0
2458283.68250 19.483 0.055 4.43 260.0
2458283.80928 19.313 0.050 4.14 337.0
2458284.53438 19.388 0.069 5.29 397.0
2458284.64405 19.365 0.056 4.94 291.0
2458284.77864 19.209 0.046 4.70 255.0
2458284.89062 19.394 0.072 5.19 398.0
2458285.78688 19.193 0.050 4.61 294.0
2458286.61100 19.371 0.053 5.16 220.0
2458286.74868 19.351 0.048 4.17 225.0
2458286.88709 19.465 0.065 4.47 363.0
2458287.59885 19.347 0.048 4.48 248.0
2458287.73955 19.333 0.046 4.56 233.0
2458287.87916 19.352 0.050 3.77 325.0
2458288.57405 19.314 0.054 4.92 287.0
2458288.71390 19.246 0.045 4.79 222.0
2458288.85230 19.317 0.072 5.65 366.0
2458289.57165 19.352 0.055 4.75 310.0
2458289.71058 19.357 0.049 4.18 282.0
2458289.84410 19.432 0.067 4.86 334.0
2458290.56892 19.337 0.059 4.70 349.0
2458290.70819 19.323 0.062 5.04 348.0
2458290.84070 19.121 0.057 5.20 409.0
2458291.61273 19.279 0.065 4.39 600.0
2458291.75531 19.189 0.058 4.56 422.0
2458291.88564 19.431 0.080 5.22 461.0
2458292.61887 19.361 0.076 5.87 377.0
2458292.76050 19.249 0.058 4.43 395.0
2458292.88780 19.143 0.068 5.40 490.0
2458293.62897 19.314 0.075 5.38 432.0
2458293.77169 19.293 0.083 6.04 524.0
2458294.65147 19.382 0.088 5.57 534.0
2458294.80930 19.266 0.116 7.11 844.0
2458299.56299 19.100 0.113 6.05 1462.0
2458301.62056 19.154 0.079 6.53 475.0
2458301.73997 19.252 0.076 6.58 398.0
2458302.59391 19.331 0.058 4.72 468.0
2458304.53833 19.359 0.088 6.71 383.0
2458304.64642 19.367 0.093 7.83 333.0
2458305.52341 19.269 0.087 7.19 397.0
2458305.67134 19.164 0.067 7.32 283.0
2458305.79645 19.359 0.087 6.79 345.0
2458306.65507 19.282 0.074 7.21 294.0
2458306.78473 19.283 0.089 7.70 348.0
2458307.50152 19.337 0.066 5.32 391.0
2458307.62378 19.274 0.046 4.67 259.0
2458307.74653 19.348 0.051 4.16 292.0
2458308.46909 19.227 0.080 6.47 470.0
2458308.57950 19.319 0.051 4.94 224.0
2458308.71029 19.301 0.063 5.79 263.0
2458308.81625 19.426 0.087 6.11 399.0
2458309.55575 19.315 0.049 4.60 263.0
2458309.68872 19.313 0.045 4.18 228.0
2458309.79910 19.296 0.052 4.22 355.0
2458310.52042 19.256 0.061 6.09 286.0
2458310.60630 19.198 0.043 4.28 247.0
2458310.69325 19.246 0.047 4.51 287.0
2458310.80423 19.212 0.064 5.87 352.0
2458311.53260 19.348 0.095 7.89 300.0
2458311.65614 19.442 0.062 5.42 245.0
2458311.77650 19.257 0.059 4.78 369.0
2458312.50219 19.309 0.065 5.46 347.0
2458312.61667 19.307 0.045 4.42 227.0
2458312.76578 19.351 0.045 4.00 248.0
2458313.50313 19.360 0.066 5.99 349.0
2458313.61926 19.322 0.043 4.20 233.0
2458313.73618 19.446 0.056 3.61 322.0
2458314.47025 19.332 0.076 5.54 473.0
2458314.58176 19.472 0.070 5.29 310.0
2458314.71227 19.145 0.051 4.71 321.0
2458316.46745 19.479 0.108 6.17 547.0
2458316.58240 19.353 0.070 6.00 318.0
2458316.71106 19.233 0.063 5.84 290.0
2458320.52013 19.181 0.064 6.25 378.0
2458320.65107 19.209 0.048 4.74 313.0
2458320.76126 19.314 0.050 4.12 320.0
2458321.55319 19.448 0.085 5.44 451.0
2458328.52014 19.543 0.098 5.32 538.0
2458328.63203 19.367 0.085 5.88 484.0
2458328.74293 19.391 0.123 6.76 724.0
2458329.54195 19.140 0.061 4.98 471.0
2458329.65396 19.291 0.066 4.82 463.0
2458329.76160 19.293 0.072 4.57 611.0
2458330.58355 19.311 0.090 5.79 821.0
2458331.55912 19.348 0.053 4.71 255.0
2458331.68156 19.302 0.061 5.00 361.0
2458332.55998 19.298 0.061 5.44 323.0
2458332.68335 19.341 0.079 6.10 403.0
2458333.54078 19.423 0.059 4.42 336.0
2458333.67486 19.253 0.049 4.51 293.0
2458334.58514 19.244 0.061 5.75 347.0
2458335.53942 19.305 0.068 5.06 433.0
2458336.47351 19.354 0.089 6.72 383.0
2458336.61583 19.188 0.045 4.73 219.0
2458338.48923 19.318 0.084 6.76 377.0
2458338.61713 19.316 0.062 5.71 287.0
2458339.50557 19.395 0.053 4.12 318.0
2458339.64539 19.346 0.048 4.34 230.0
2458340.59909 19.225 0.054 5.02 295.0
2458341.49842 19.227 0.053 4.62 328.0
2458341.62054 19.458 0.048 3.77 229.0
2458342.52978 19.344 0.061 5.19 278.0
2458343.51129 19.294 0.062 4.98 331.0
2458344.54083 19.321 0.058 4.85 313.0
2458344.71569 19.437 0.072 5.21 347.0
2458345.57239 19.313 0.058 4.54 350.0
2458346.48037 19.294 0.072 6.15 308.0
2458346.61941 19.280 0.051 4.65 223.0
2458347.52501 19.299 0.048 4.41 245.0
2458347.70802 19.304 0.054 4.92 289.0
2458348.59165 19.241 0.061 5.17 321.0
2458355.56169 19.404 0.070 4.73 446.0
2458356.49688 19.383 0.078 4.63 525.0
2458356.69126 19.489 0.084 4.44 649.0
2458357.67348 19.514 0.080 3.96 551.0
2458358.58655 19.148 0.055 4.31 441.0
2458359.50223 19.387 0.071 5.71 313.0
2458359.66624 19.428 0.090 5.52 494.0
2458360.57862 19.169 0.069 5.73 416.0
2458361.48225 19.364 0.091 6.40 433.0
2458363.58344 19.316 0.057 5.43 289.0
2458364.52968 19.320 0.057 4.78 355.0
2458364.67665 19.152 0.050 5.46 284.0
2458366.66248 19.341 0.062 4.75 344.0
2458367.64421 19.202 0.054 5.13 325.0
2458368.59222 19.239 0.045 3.40 357.0
2458369.51777 19.354 0.058 4.34 326.0
2458370.49112 19.269 0.058 4.25 396.0
2458371.48373 19.290 0.055 4.06 399.0
2458371.65162 19.203 0.064 5.50 393.0
2458372.63448 19.390 0.077 5.49 382.0
2458373.62753 19.302 0.092 7.20 360.0
2458375.60183 19.342 0.072 6.23 295.0
2458376.53266 19.383 0.095 7.49 357.0
2458381.53428 19.373 0.102 5.18 823.0
2458382.55227 19.317 0.063 3.94 524.0
2458383.58881 19.294 0.083 4.85 638.0
2458385.56303 19.342 0.051 3.31 520.0
2458392.48331 19.563 0.155 7.64 641.0
2458394.51340 19.399 0.084 5.72 375.0
2458397.55918 19.329 0.070 5.97 317.0
2458407.49540 19.207 0.153 7.34 1141.0
2458519.87561 19.196 0.070 5.97 495.0
2458522.89285 19.246 0.116 4.99 1989.0
2458526.89090 19.271 0.133 6.91 1133.0
2458528.87322 19.175 0.067 5.96 416.0
2458528.88468 19.445 0.086 5.75 483.0
2458535.84984 19.476 0.109 6.60 538.0
2458535.88940 19.366 0.093 6.21 556.0
2458536.87833 19.328 0.073 5.11 498.0
2458537.86779 19.194 0.067 6.17 391.0
2458539.83572 19.176 0.079 6.65 467.0
2458539.87770 19.250 0.059 5.05 408.0
2458540.85950 19.223 0.081 4.42 984.0
2458544.81794 19.386 0.050 4.38 297.0
2458544.86088 19.353 0.053 5.37 269.0
2458546.82746 19.225 0.048 4.44 303.0
2458546.87794 19.169 0.047 5.15 280.0
2458547.82503 19.331 0.066 6.06 310.0
2458547.88713 19.394 0.054 4.54 286.0
2458548.83551 19.341 0.056 4.31 379.0
2458548.89100 19.556 0.072 5.25 393.0
2458549.82913 19.314 0.065 6.23 292.0
2458549.88002 19.414 0.068 5.78 293.0
2458550.84234 19.217 0.042 4.20 282.0
2458550.89129 19.292 0.059 5.97 298.0
2458551.85246 19.377 0.064 5.65 269.0
2458551.90115 19.424 0.078 6.08 310.0
2458552.87352 19.219 0.066 6.94 271.0
2458553.79880 19.316 0.072 6.76 275.0
2458553.85133 19.334 0.072 6.47 302.0
2458554.78787 19.438 0.088 6.85 326.0
2458554.82767 19.515 0.074 5.48 319.0
2458554.87764 19.386 0.059 5.52 275.0
2458555.78917 19.329 0.062 5.42 350.0
2458555.83847 19.396 0.061 5.66 301.0
2458555.88620 19.303 0.047 4.49 280.0
2458556.80971 19.306 0.060 5.26 337.0
2458556.85037 19.278 0.059 6.15 283.0
2458556.90016 19.286 0.058 5.80 311.0
2458557.81760 19.415 0.062 5.12 285.0
2458557.86716 19.324 0.055 5.20 280.0
2458557.90935 19.260 0.077 5.51 553.0
2458558.82013 19.420 0.066 5.49 292.0
2458558.85970 19.302 0.054 4.94 296.0
2458558.91107 19.337 0.066 5.21 417.0
2458559.80388 19.352 0.055 4.50 314.0
2458559.85377 19.298 0.041 3.60 273.0
2458559.89416 19.415 0.055 4.72 281.0
2458560.81394 19.272 0.047 3.85 378.0
2458561.80741 19.338 0.062 4.68 438.0
2458561.85979 19.372 0.063 4.64 383.0
2458562.80496 19.320 0.088 6.21 563.0
2458562.84579 19.326 0.075 5.46 527.0
2458562.90245 19.406 0.085 5.63 475.0
2458563.78362 19.290 0.082 5.72 681.0
2458563.84173 19.301 0.062 4.08 570.0
2458563.88173 19.440 0.068 4.01 539.0
2458564.78001 19.266 0.067 5.04 541.0
2458565.77329 19.447 0.079 4.70 603.0
2458565.83840 19.288 0.068 4.85 527.0
2458565.88276 19.348 0.057 3.78 470.0
2458566.78987 19.357 0.066 4.20 550.0
2458566.83809 19.266 0.057 4.04 516.0
2458566.88912 19.544 0.078 4.60 457.0
2458567.85200 19.240 0.086 4.40 1164.0
2458567.89889 19.488 0.141 5.08 1351.0
2458573.87466 19.332 0.079 6.87 315.0
2458573.92498 19.057 0.082 5.75 803.0
2458574.81284 19.438 0.095 7.89 254.0
2458574.87450 19.332 0.062 5.97 257.0
2458574.91804 19.292 0.062 5.87 333.0
2458575.76869 19.271 0.058 5.87 286.0
2458575.80798 19.242 0.059 5.93 273.0
2458575.85612 19.149 0.051 5.23 282.0
2458575.89562 19.219 0.061 6.00 295.0
2458576.78387 19.349 0.069 6.76 281.0
2458576.82119 19.395 0.061 5.86 274.0
2458576.86928 19.269 0.060 6.51 249.0
2458576.91133 19.420 0.082 7.19 266.0
2458577.77333 19.149 0.069 6.82 333.0
2458577.83177 19.247 0.068 6.17 340.0
2458577.90441 19.362 0.089 6.97 375.0
2458578.72928 19.411 0.070 5.48 328.0
2458578.77627 19.338 0.053 4.63 301.0
2458578.81572 19.329 0.059 5.13 326.0
2458578.88317 19.355 0.061 5.42 329.0
2458578.92565 19.272 0.078 5.66 590.0
2458579.75416 19.420 0.067 5.14 352.0
2458579.79207 19.257 0.076 6.54 372.0
2458579.83900 19.189 0.065 5.78 419.0
2458579.89282 19.336 0.067 5.27 405.0
2458580.72642 19.332 0.076 6.55 373.0
2458580.76524 19.346 0.062 5.72 318.0
2458580.82214 19.284 0.058 5.47 303.0
2458580.85778 19.287 0.066 5.81 342.0
2458580.92551 19.386 0.112 4.63 1464.0
2458581.75678 19.242 0.054 5.48 300.0
2458581.87064 19.240 0.051 4.49 298.0
2458582.73181 19.289 0.064 6.30 281.0
2458582.82295 19.383 0.061 5.12 302.0
2458583.69942 19.432 0.082 6.27 366.0
2458583.77295 19.342 0.055 5.48 295.0
2458583.90077 19.251 0.053 4.58 330.0
2458584.73799 19.382 0.057 5.18 299.0
2458584.85115 19.271 0.045 4.63 258.0
2458585.72683 19.149 0.053 5.84 308.0
2458585.81534 19.317 0.046 4.19 289.0
2458586.69009 19.326 0.080 7.23 357.0
2458586.75188 19.370 0.053 4.81 270.0
2458586.88021 19.286 0.055 5.22 264.0
2458587.70731 19.238 0.074 6.44 398.0
2458587.79279 19.363 0.064 5.68 293.0
2458588.68974 19.141 0.057 5.86 429.0
2458588.74846 19.401 0.059 5.20 331.0
2458588.88434 19.266 0.044 3.96 296.0
2458589.71903 19.309 0.068 5.06 470.0
2458589.80868 19.300 0.056 4.35 379.0
2458590.69253 19.258 0.070 5.15 586.0
2458590.74674 19.246 0.054 4.25 489.0
2458590.87355 19.279 0.042 3.20 400.0
2458591.71645 19.408 0.077 5.20 615.0
2458591.80872 19.343 0.060 4.42 517.0
2458592.73114 19.251 0.098 5.32 1055.0
2458592.85455 19.256 0.072 5.26 626.0
2458593.72332 19.369 0.116 5.97 963.0
2458593.86131 19.363 0.092 4.59 1175.0
2458594.69387 19.176 0.073 4.84 775.0
2458594.76423 19.176 0.070 5.34 621.0
2458594.88047 19.121 0.066 4.88 696.0
2458595.71246 19.211 0.144 7.11 1415.0
2458599.69143 19.565 0.134 7.76 531.0
2458599.74516 19.344 0.085 7.06 364.0
2458599.80270 19.555 0.074 5.69 331.0
2458599.88436 19.279 0.048 4.30 344.0
2458599.93475 19.275 0.087 4.75 972.0
2458600.70233 19.353 0.064 5.63 307.0
2458600.85970 19.348 0.054 4.30 399.0
2458601.68296 19.317 0.052 4.91 302.0
2458601.78489 19.349 0.051 4.33 325.0
2458602.68007 19.386 0.050 4.43 280.0
2458602.76914 19.259 0.044 4.11 281.0
2458602.93504 19.292 0.090 3.61 1458.0
2458603.71755 19.292 0.051 4.74 269.0
2458603.87682 19.271 0.050 4.10 334.0
2458604.75249 19.470 0.078 6.27 275.0
2458604.87070 19.389 0.073 5.83 317.0
2458605.69484 19.281 0.057 5.55 302.0
2458605.81159 19.322 0.069 5.59 320.0
2458606.67248 19.289 0.049 4.13 314.0
2458606.76148 19.317 0.043 3.65 270.0
2458606.90996 19.244 0.045 3.89 344.0
2458607.69885 19.424 0.059 5.03 303.0
2458607.84132 19.346 0.055 4.44 337.0
2458608.65558 19.375 0.077 5.16 576.0
2458608.80081 19.202 0.046 3.99 357.0
2458609.66470 19.298 0.061 5.26 385.0
2458612.77074 19.248 0.066 6.52 260.0
2458612.91713 19.191 0.066 5.56 388.0
2458613.67620 19.401 0.067 5.57 302.0
2458613.81589 19.628 0.073 4.51 339.0
2458614.63869 19.224 0.071 5.65 439.0
2458614.71145 19.490 0.079 5.36 353.0
2458614.86968 19.393 0.068 4.19 473.0
2458615.66857 19.300 0.070 6.28 328.0
2458615.81343 19.340 0.050 4.25 272.0
2458616.63936 19.112 0.050 5.06 398.0
2458616.72885 19.323 0.047 3.84 344.0
2458616.87718 19.310 0.051 3.80 390.0
2458617.66647 19.466 0.068 4.88 374.0
2458618.62865 19.183 0.065 5.87 467.0
2458618.72281 19.227 0.059 4.97 438.0
2458618.87461 19.190 0.065 5.01 540.0
2458619.65643 19.177 0.083 7.10 456.0
2458619.76177 19.390 0.071 5.05 418.0
2458620.62924 19.163 0.091 7.00 550.0
2458620.71206 19.157 0.074 6.18 451.0
2458620.88409 19.307 0.064 4.58 481.0
2458621.70372 19.164 0.092 6.05 766.0
2458621.86732 19.547 0.114 4.88 796.0
2458626.62078 19.481 0.132 7.59 524.0
2458626.67019 19.272 0.087 6.56 488.0
2458626.72050 19.218 0.077 6.32 454.0
2458626.77817 19.457 0.074 4.62 467.0
2458626.83579 19.352 0.082 5.23 566.0
2458626.88595 19.494 0.086 4.67 622.0
2458626.93567 19.299 0.086 5.27 737.0
2458627.66292 19.352 0.076 4.85 859.0
2458627.72533 19.308 0.061 4.25 565.0
2458635.65608 19.442 0.060 5.02 270.0
2458635.75424 19.200 0.050 4.78 293.0
2458635.88971 19.339 0.090 6.91 425.0
2458636.59506 19.219 0.053 4.91 315.0
2458636.71094 19.454 0.049 3.74 268.0
2458636.84684 19.447 0.054 4.16 301.0
2458637.57941 19.238 0.056 5.28 344.0
2458637.66093 19.336 0.050 5.19 226.0
2458637.80901 19.252 0.046 3.80 361.0
2458638.63050 19.170 0.049 5.77 288.0
2458638.71280 19.304 0.043 4.34 241.0
2458638.90511 19.252 0.059 4.50 498.0
2458639.74668 19.425 0.054 4.66 299.0
2458640.57857 19.416 0.072 6.27 334.0
2458640.66512 19.359 0.052 4.49 274.0
2458640.81899 19.482 0.073 4.93 339.0
2458641.58881 19.142 0.063 6.37 393.0
2458641.71682 19.288 0.046 4.13 322.0
2458642.65032 19.328 0.060 5.44 303.0
2458642.86902 19.299 0.074 5.07 452.0
2458643.56870 19.411 0.065 5.74 358.0
2458643.67561 19.384 0.048 3.87 306.0
2458643.80111 19.298 0.045 3.94 288.0
2458643.90198 19.336 0.071 5.53 403.0
2458644.58584 19.423 0.080 6.07 384.0
2458644.71303 19.261 0.047 4.27 285.0
2458644.82837 19.442 0.079 5.56 372.0
2458646.58323 19.369 0.087 6.89 368.0
2458646.63846 19.393 0.068 5.68 310.0
2458646.75047 19.332 0.071 5.76 360.0
2458647.61883 19.269 0.063 5.04 434.0
2458647.70973 19.321 0.063 4.91 398.0
2458647.83021 19.210 0.066 5.81 408.0
2458648.62308 19.355 0.080 5.53 546.0
2458648.71696 19.508 0.109 6.47 488.0
2458648.83608 19.158 0.072 5.95 524.0
2458649.59171 19.203 0.099 6.56 721.0
2458649.67352 19.504 0.139 7.02 672.0
2458655.52918 19.405 0.066 5.84 433.0
2458655.70262 19.166 0.067 5.74 512.0
2458656.61433 19.442 0.070 4.78 564.0
2458656.67655 19.248 0.060 5.01 483.0
2458656.81577 19.216 0.056 4.96 402.0
2458657.54556 19.134 0.050 5.31 318.0
2458657.63853 19.342 0.056 4.70 280.0
2458657.75732 19.210 0.044 4.33 272.0
2458657.86780 19.236 0.063 5.27 391.0
2458660.50374 19.463 0.093 6.94 354.0
2458660.70723 19.319 0.048 4.56 237.0
2458661.54737 19.394 0.064 5.46 321.0
2458662.59322 19.548 0.108 7.65 333.0
2458664.56955 19.319 0.045 4.56 214.0
2458664.81771 19.345 0.059 5.73 366.0
2458666.54454 19.301 0.074 6.01 392.0
2458666.81838 19.227 0.077 8.23 274.0
2458667.66896 19.338 0.060 4.73 326.0
2458668.49302 19.393 0.094 7.78 356.0
2458668.76578 19.135 0.045 5.33 217.0
2458669.55193 19.315 0.074 6.01 395.0
2458669.81304 19.200 0.053 5.01 366.0
2458670.62164 19.385 0.045 4.08 234.0
2458671.67600 19.251 0.076 7.58 246.0
2458673.74501 19.263 0.058 5.57 307.0
2458674.73867 19.342 0.058 5.09 284.0
2458676.74345 19.339 0.071 4.93 491.0
2458676.81968 19.403 0.119 7.51 545.0
2458681.50287 19.174 0.106 6.48 908.0
2458681.65968 19.409 0.091 4.73 722.0
2458682.52873 19.354 0.081 5.54 531.0
2458683.52365 19.204 0.071 6.15 441.0
2458683.78355 19.415 0.089 5.69 478.0
2458684.52755 19.422 0.072 5.64 320.0
2458684.74089 19.327 0.055 4.09 354.0
2458685.57088 19.255 0.055 5.02 351.0
2458688.61280 19.464 0.092 7.57 257.0
2458689.54066 19.199 0.058 5.39 307.0
2458689.78557 19.343 0.088 6.81 394.0
2458690.52746 19.188 0.069 6.59 324.0
2458691.49475 19.414 0.051 4.20 324.0
2458691.75703 19.423 0.084 6.53 330.0
2458692.49735 19.354 0.068 5.20 384.0
2458692.69664 19.284 0.049 4.32 277.0
2458693.49652 19.283 0.074 6.74 290.0
2458694.53426 19.357 0.054 4.48 309.0
2458694.74225 19.340 0.046 3.82 269.0
2458695.53081 19.468 0.061 5.20 274.0
2458698.52250 19.416 0.056 4.97 255.0
2458698.75709 19.259 0.048 4.19 305.0
2458699.50197 19.331 0.062 5.24 334.0
2458700.50008 19.315 0.045 3.89 290.0
2458701.65378 19.378 0.058 4.55 306.0
2458702.49763 19.444 0.070 5.43 313.0
2458702.66014 19.270 0.048 4.39 281.0
2458704.72229 19.564 0.139 7.62 674.0
2458712.63356 19.335 0.091 6.80 413.0
2458713.62506 19.385 0.087 6.48 365.0
2458715.51526 19.290 0.067 6.31 276.0
2458717.63673 19.259 0.062 6.01 280.0
2458718.65290 19.243 0.052 4.72 304.0
2458719.61986 19.258 0.066 6.47 314.0
2458721.69412 19.386 0.074 6.30 314.0
2458723.65197 19.162 0.052 4.97 328.0
2458724.65204 19.405 0.057 4.89 261.0
2458725.60237 19.352 0.061 5.59 265.0
2458726.64375 19.301 0.048 4.64 225.0
2458727.62566 19.338 0.069 5.16 364.0
2458728.64694 19.258 0.053 4.36 304.0
2458729.64416 19.241 0.062 5.47 317.0
2458730.63112 19.377 0.064 5.40 283.0
2458731.61570 19.388 0.092 7.31 341.0
2458736.65142 19.402 0.126 7.40 657.0
2458737.63071 19.211 0.102 7.30 617.0
2458738.59965 19.273 0.088 5.73 608.0
2458739.51506 19.259 0.073 5.96 470.0
2458740.55763 19.238 0.081 6.06 487.0
2458741.61157 19.337 0.079 5.50 500.0
2458742.61049 19.477 0.095 5.70 503.0
2458746.60227 19.383 0.077 6.45 309.0
2458748.59729 19.361 0.083 6.29 392.0
2458754.59325 19.477 0.091 6.17 396.0
2458759.59146 19.284 0.097 6.87 485.0
2458783.52698 19.370 0.084 5.35 483.0
2458886.87041 19.480 0.087 6.44 354.0
2458887.86807 19.498 0.105 5.73 674.0
2458888.86801 19.266 0.105 6.35 781.0
2458889.86435 19.319 0.084 5.45 659.0
2458890.86275 19.268 0.068 5.10 536.0
2458892.86610 19.633 0.109 4.71 856.0
2458893.85399 19.457 0.083 5.28 533.0
2458909.84231 19.293 0.050 5.30 256.0
2458909.87775 19.333 0.043 4.32 243.0
2458910.83342 19.565 0.089 6.91 288.0
2458911.80625 19.338 0.067 5.97 327.0
2458911.85468 19.271 0.056 5.63 284.0
2458911.88899 19.229 0.064 6.62 293.0
2458912.82680 19.432 0.067 5.41 312.0
2458912.86146 19.404 0.056 5.48 253.0
2458913.78896 19.290 0.087 7.21 383.0
2458913.83228 19.353 0.061 5.74 300.0
2458913.87502 19.284 0.059 6.13 263.0
2458914.83949 19.377 0.061 5.32 309.0
2458914.88168 19.413 0.058 4.68 309.0
2458915.81944 19.372 0.075 5.71 396.0
2458915.86230 19.639 0.067 5.09 258.0
2458915.89684 19.328 0.054 5.50 286.0
2458916.82190 19.420 0.072 4.93 490.0
2458916.85641 19.506 0.072 4.48 423.0
2458917.78625 19.359 0.094 5.55 779.0
2458917.82544 19.291 0.075 5.52 632.0
2458917.87013 19.250 0.068 5.32 538.0
2458918.79497 19.198 0.080 5.41 732.0
2458918.84412 19.345 0.071 4.77 571.0
2458918.87958 19.340 0.067 5.09 478.0
2458919.79024 19.439 0.096 5.39 677.0
2458919.82888 19.411 0.076 4.76 556.0
2458919.87186 19.379 0.069 4.99 468.0
2458919.90656 19.235 0.065 4.95 557.0
2458920.82798 19.413 0.073 4.90 550.0
2458920.86693 19.378 0.063 4.50 481.0
2458920.90957 19.243 0.064 4.50 564.0
2458921.80810 19.405 0.075 4.74 552.0
2458921.85322 19.349 0.061 4.43 500.0
2458921.88817 19.183 0.053 4.36 486.0
2458922.82554 19.435 0.087 5.30 660.0
2459804.50634 19.313 0.067 4.49 530.0
2459804.54225 19.449 0.088 5.76 500.0
2459804.58715 19.231 0.076 5.95 495.0
2459804.62196 19.591 0.109 5.98 518.0
2459804.66603 19.314 0.087 5.94 585.0
2459804.70574 19.460 0.101 5.44 647.0
2459805.53074 19.500 0.106 6.14 491.0
2459805.56697 19.338 0.070 4.96 439.0
2459805.61018 19.391 0.073 4.84 467.0
2459805.64468 19.394 0.081 5.41 471.0
2459805.68741 19.575 0.095 5.07 527.0
2459805.72196 19.375 0.087 5.28 576.0
2459806.57568 19.413 0.103 7.06 441.0
2459806.62784 19.346 0.086 6.47 429.0
2459806.67387 19.430 0.099 6.30 433.0
2459807.49177 19.458 0.074 5.88 306.0
2459807.54522 19.222 0.053 5.24 289.0
2459807.59273 19.241 0.056 5.79 276.0
2459807.64831 19.237 0.054 5.21 307.0
2459807.71423 19.350 0.071 5.66 387.0
2459807.74759 19.351 0.070 5.33 411.0
2459808.52032 19.424 0.063 5.31 269.0
2459808.58113 19.246 0.059 5.98 252.0
2459808.66830 19.185 0.059 5.45 330.0
2459808.70577 19.214 0.072 5.95 420.0
2459809.56848 19.252 0.071 7.09 258.0
2459809.60411 19.388 0.067 5.58 261.0
2459809.64941 19.438 0.072 5.77 262.0
2459810.47721 19.394 0.073 4.84 479.0
2459810.54209 19.421 0.051 4.30 261.0
2459810.67081 19.351 0.047 4.26 268.0
2459811.48416 19.275 0.078 6.68 315.0
2459811.51883 19.222 0.059 6.39 243.0
2459811.66929 19.315 0.051 4.20 255.0
2459811.70416 19.425 0.058 4.30 301.0
2459812.49105 19.457 0.093 7.09 288.0
2459812.52768 19.306 0.066 6.09 236.0
2459812.68893 19.394 0.054 4.08 249.0
2459813.66307 19.300 0.064 5.73 260.0
2459813.69793 19.330 0.064 5.78 252.0
2459814.49229 19.375 0.070 5.80 306.0
2459814.54794 19.325 0.059 5.22 284.0
2459814.59086 19.095 0.051 6.10 280.0
2459814.68183 19.546 0.090 6.57 332.0
2459815.47877 19.260 0.069 4.78 589.0
2459815.53461 19.218 0.061 5.91 289.0
2459815.57736 19.373 0.066 5.54 299.0
2459815.69688 19.253 0.056 4.91 331.0
2459816.49875 19.323 0.077 6.67 285.0
2459816.53575 19.275 0.075 7.32 286.0
2459816.58035 19.326 0.055 4.66 277.0
2459816.68848 19.393 0.058 4.24 291.0
2459817.48469 19.310 0.068 5.36 386.0
2459817.52448 19.339 0.052 4.18 332.0
2459817.59473 19.222 0.055 5.29 311.0
2459817.64529 19.604 0.070 4.46 324.0
2459818.51787 19.349 0.097 7.78 339.0
2459818.57393 19.191 0.074 6.85 376.0
2459819.49616 19.390 0.054 4.18 384.0
2459819.56686 19.316 0.052 4.41 341.0
2459819.67141 19.348 0.054 4.23 430.0
2459820.52107 19.329 0.071 6.23 322.0
2459820.65852 19.528 0.069 4.70 302.0
2459821.49479 19.411 0.077 6.33 347.0
2459821.54474 19.269 0.052 5.57 248.0
2459821.68036 19.285 0.060 5.01 342.0
2459822.52132 19.240 0.054 5.28 305.0
2459822.58084 19.379 0.065 5.67 306.0
2459823.58235 19.353 0.084 6.79 359.0
2459823.66753 19.363 0.088 7.22 374.0
2459824.54739 19.548 0.122 7.31 443.0
2459824.59446 19.253 0.077 5.79 476.0
2459825.63233 19.382 0.110 7.02 542.0
2459829.56421 19.358 0.110 6.41 700.0
2459830.48567 19.219 0.123 7.77 773.0
2459831.48968 19.488 0.126 7.13 653.0
2459831.53907 19.366 0.091 6.23 568.0
2459831.60743 19.268 0.090 6.19 660.0
2459832.49905 19.161 0.087 6.81 614.0
2459832.54879 19.280 0.089 6.15 617.0
2459834.48924 19.646 0.097 5.37 490.0
2459834.54527 19.162 0.068 5.47 520.0
2459834.59273 19.307 0.085 5.91 575.0
2459834.64336 19.296 0.078 5.06 654.0
2459835.57350 19.474 0.105 6.57 463.0
2459835.62099 19.382 0.082 5.65 414.0
2459836.49091 19.258 0.112 7.95 548.0
2459837.62771 19.231 0.055 4.51 429.0
2459838.51840 19.157 0.061 5.78 357.0
2459838.57855 19.450 0.071 5.16 370.0
2459838.62619 19.174 0.058 5.24 408.0
2459840.52161 19.148 0.066 7.19 306.0
2459840.56921 19.368 0.083 6.93 332.0
2459840.63316 19.206 0.075 6.69 383.0
2459841.53385 19.274 0.061 5.55 368.0
2459841.58078 19.237 0.060 5.34 409.0
2459841.62503 19.474 0.094 6.35 439.0
2459843.58631 19.439 0.085 5.84 361.0
2459844.51645 19.324 0.061 5.33 348.0
2459844.56897 19.313 0.067 5.53 379.0
2459844.61641 19.405 0.087 6.39 430.0
2459845.52809 19.554 0.082 6.28 317.0
2459845.57704 19.323 0.057 4.82 329.0
2459846.56769 19.221 0.086 7.67 358.0
2459846.61646 19.543 0.108 6.54 454.0
2459848.55369 19.446 0.094 6.26 425.0
2459848.60038 19.333 0.080 5.93 443.0
2459849.60951 19.322 0.074 5.88 375.0
2459850.57954 19.250 0.078 6.70 387.0
2459852.49981 19.438 0.105 7.27 398.0
2459852.54427 19.387 0.084 6.33 405.0
2459852.59783 19.245 0.064 4.99 444.0
2459856.52509 19.386 0.111 6.53 699.0
2459857.54852 19.542 0.122 6.12 700.0
2459859.50735 19.348 0.070 4.81 606.0
2459859.55653 19.304 0.070 4.65 680.0
2459860.49600 19.224 0.121 7.03 869.0
2459860.54028 19.266 0.103 6.50 741.0
2459861.55729 19.241 0.102 5.94 830.0
2459862.53982 19.312 0.110 6.14 775.0
2459863.52187 19.237 0.075 5.21 604.0
2459864.51249 19.323 0.121 7.69 560.0
2459864.56182 19.270 0.086 4.58 833.0
2459866.50260 19.456 0.096 4.73 742.0
2459866.55178 19.320 0.072 4.33 634.0
2459868.50226 19.550 0.137 5.84 776.0
2459869.51337 19.369 0.078 4.89 477.0
2459877.51374 19.300 0.091 5.84 591.0
2459984.87191 19.292 0.076 5.91 542.0
2459995.86220 19.356 0.055 4.41 394.0
2460000.84577 19.482 0.074 5.15 450.0
2460004.81460 19.249 0.048 4.54 359.0
2460007.81078 19.292 0.070 5.28 544.0
2460010.89207 19.561 0.107 6.16 510.0
2460011.89007 19.274 0.054 4.25 479.0
2460015.79785 19.482 0.085 5.09 643.0
2460021.81911 19.237 0.052 5.11 298.0
2460024.81130 19.467 0.050 4.06 288.0
2460027.77104 19.624 0.080 5.75 316.0
2460029.79708 19.375 0.060 5.86 263.0
2460031.86649 19.253 0.056 5.37 318.0
2460034.75280 19.253 0.056 5.96 289.0
2460036.87731 19.380 0.057 6.22 289.0
2460036.88632 19.351 0.041 3.75 282.0
2460039.77417 19.504 0.086 5.78 473.0
2460041.80163 19.355 0.074 5.21 526.0
2460047.90042 19.474 0.060 4.24 419.0
2460050.80969 19.157 0.044 5.04 254.0
2460053.72387 19.175 0.043 4.78 288.0
2460056.84765 19.237 0.043 4.28 289.0
2460061.71115 19.462 0.057 4.60 311.0
2460063.70305 19.380 0.060 4.87 384.0
2460066.91510 19.354 0.045 3.91 308.0
2460068.89352 19.353 0.065 4.54 568.0
2460070.85343 19.325 0.100 4.49 1294.0
2460076.73931 19.652 0.076 4.48 455.0
2460086.62757 19.387 0.077 5.94 411.0
2460087.66659 19.254 0.050 4.37 328.0
2460088.61080 19.333 0.076 5.92 429.0
2460089.76779 19.446 0.074 5.50 333.0
2460093.89467 19.345 0.094 6.44 549.0
2460095.90479 19.453 0.087 5.57 465.0
2460097.59309 19.307 0.083 4.72 737.0
2460104.65503 19.429 0.067 4.59 399.0
2460105.78613 19.351 0.065 5.34 344.0
2460107.75141 19.217 0.079 7.63 285.0
2460111.53197 19.376 0.079 5.66 410.0
2460112.63565 19.390 0.064 4.72 321.0
2460113.77294 19.365 0.072 5.63 367.0
2460118.68948 19.291 0.067 5.89 316.0
2460122.49761 19.401 0.091 5.74 514.0
2460123.72466 19.352 0.060 4.52 400.0
2460125.49974 19.580 0.147 5.86 1015.0
2460130.51600 19.342 0.116 5.72 1036.0
2460131.78113 19.313 0.094 5.51 791.0
2460134.51965 19.379 0.078 5.77 433.0
2460139.71877 19.282 0.062 5.55 312.0
2460141.63741 19.433 0.071 5.64 279.0
2460143.64106 19.349 0.050 4.26 283.0
2460149.52466 19.337 0.061 4.88 367.0
2460157.66521 19.350 0.072 3.82 867.0
2460160.74735 19.210 0.076 5.08 611.0
2460167.53489 19.353 0.073 6.61 257.0
2460169.65177 19.410 0.070 6.06 253.0
2460171.66837 19.470 0.067 4.97 318.0
2460174.62625 19.350 0.075 6.35 293.0
2460179.58807 19.427 0.060 4.47 325.0
2460185.55612 19.427 0.109 6.10 641.0
2460188.58070 19.411 0.088 5.69 520.0
2460201.60036 19.235 0.060 5.38 339.0
2460204.50320 19.392 0.088 5.84 403.0
2460212.55840 19.395 0.082 4.98 626.0
2460218.54253 19.513 0.119 7.17 484.0
2460225.56464 19.379 0.102 6.85 501.0
2460230.52635 19.392 0.125 7.60 564.0
2460243.51758 19.331 0.109 5.86 775.0
2460353.87603 19.323 0.076 5.93 436.0
2460364.89241 19.460 0.111 6.00 655.0
2460370.83526 19.336 0.065 4.41 541.0
2460377.82370 19.305 0.064 5.13 420.0
2460380.82880 19.376 0.074 4.98 450.0
2460383.80083 19.471 0.072 5.08 358.0
2460385.89808 19.389 0.068 5.40 311.0
2460388.91189 19.298 0.059 4.41 473.0
2460392.77267 19.397 0.070 4.63 496.0
2460394.84515 19.243 0.063 4.38 589.0
2460396.86974 19.183 0.060 4.43 577.0
2460398.76361 19.288 0.072 4.79 694.0
2460403.87977 19.278 0.049 4.17 317.0
2460406.76416 19.280 0.079 6.45 354.0
2460409.74278 19.343 0.060 4.92 382.0
2460416.77892 19.534 0.101 7.24 322.0
2460419.74910 19.374 0.069 5.30 374.0
2460424.75301 19.375 0.086 5.41 659.0
2460432.72883 19.445 0.076 5.49 392.0
2460434.72584 19.287 0.065 5.53 386.0
2460436.69956 19.291 0.071 6.85 279.0
2460439.82190 19.462 0.071 5.30 378.0
2460449.61439 19.375 0.082 6.46 412.0
2460450.61499 19.346 0.079 5.69 516.0
2460458.58445 19.599 0.136 7.13 564.0
2460459.85657 19.420 0.074 4.37 790.0
2460462.74703 19.336 0.044 4.23 254.0
2460464.81808 19.274 0.051 4.62 342.0
2460467.84344 19.428 0.086 5.77 537.0
2460473.60060 19.229 0.063 5.69 376.0
2460477.60312 19.526 0.086 5.49 451.0
2460479.60702 19.378 0.093 6.43 480.0
2460485.64599 19.180 0.076 5.63 597.0
2460487.63384 19.266 0.069 6.13 385.0
2460495.55454 19.325 0.075 6.46 285.0
2460496.82081 19.501 0.110 6.54 524.0
2460505.79849 19.261 0.077 7.15 304.0
2460513.61676 19.440 0.154 8.13 698.0
2460516.66835 19.426 0.069 5.46 331.0
2460518.69722 19.292 0.067 5.78 364.0
2460521.66428 19.331 0.051 4.78 270.0
2460530.60708 19.537 0.096 7.15 302.0
2460533.69143 19.252 0.059 5.95 253.0
2460542.58139 19.280 0.086 5.60 672.0
2460548.48432 19.316 0.082 6.25 360.0
2460554.66527 19.177 0.074 6.28 431.0
2460558.54338 19.361 0.055 4.61 328.0
2460560.63008 19.332 0.081 6.27 380.0
2460567.53609 19.507 0.107 5.81 623.0
2460567.62316 19.266 0.097 5.64 784.0
2460570.63233 19.298 0.113 6.10 912.0
2460574.58070 19.333 0.097 7.16 429.0
2460580.55187 19.517 0.118 7.88 356.0
2460585.50250 19.333 0.072 5.58 370.0
2460596.54095 19.262 0.103 6.06 837.0
2460597.55235 19.290 0.092 5.82 778.0
2460598.52399 19.287 0.100 6.04 742.0
2460599.53898 19.334 0.077 4.47 723.0
2460600.52623 19.193 0.083 5.04 956.0
2460601.53891 19.129 0.080 5.12 922.0
2460610.52439 19.494 0.109 5.81 631.0
2460718.87180 19.405 0.113 6.40 661.0
2460721.86977 19.431 0.100 6.45 544.0
2460724.86574 19.327 0.076 5.81 428.0
2460735.83245 19.326 0.077 6.27 372.0
2460738.81973 19.311 0.064 5.32 366.0
2460740.89664 19.338 0.067 5.90 306.0
2460743.79906 19.321 0.066 5.21 407.0
2460745.79880 19.263 0.059 5.08 423.0
2460747.79144 19.286 0.068 4.83 560.0
2460749.78452 19.340 0.086 5.01 688.0
2460751.80694 19.130 0.056 4.53 518.0
2460753.75879 19.158 0.081 5.89 698.0
2460759.87216 19.115 0.050 5.11 344.0
2460762.84801 19.134 0.041 4.19 326.0
2460764.74667 19.167 0.055 4.92 410.0
2460766.73357 19.260 0.069 5.79 405.0
2460768.72970 19.178 0.060 6.04 358.0
2460770.72864 19.254 0.056 5.08 344.0
2460772.71949 19.162 0.069 6.48 412.0
2460773.89750 19.168 0.042 4.16 305.0
2460775.75717 19.218 0.070 5.66 462.0
2460778.70761 19.017 0.078 6.28 762.0
2460779.88377 19.051 0.055 4.51 613.0
2460786.72061 18.826 0.060 7.37 381.0
2460787.69049 18.837 0.040 5.42 313.0
2460788.84509 18.783 0.033 4.26 309.0
2460790.67562 18.843 0.040 5.16 347.0
2460791.81098 18.759 0.028 3.98 276.0
2460793.66276 18.714 0.044 6.02 449.0
2460797.66612 18.594 0.036 6.26 313.0
2460798.78603 18.505 0.031 5.64 294.0
2460799.87032 18.394 0.029 4.79 408.0
2460801.64555 18.507 0.039 6.79 404.0
2460805.65253 18.227 0.036 6.73 597.0
2460806.75376 18.159 0.025 5.02 530.0
2460807.85668 18.153 0.027 4.21 758.0
2460815.85867 18.063 0.018 4.09 350.0
2460817.62027 18.071 0.018 4.52 304.0
2460819.78624 18.205 0.022 5.11 296.0
2460820.90888 18.228 0.031 5.42 520.0
2460822.60815 18.295 0.033 6.40 385.0
2460824.58221 18.389 0.032 6.11 355.0
2460825.58681 18.433 0.029 4.99 332.0
2460826.65661 18.455 0.025 4.87 320.0
2460828.58089 18.547 0.028 5.10 327.0
2460830.78001 18.536 0.030 5.18 338.0
2460831.90682 18.592 0.048 6.73 495.0
2460833.72169 18.711 0.045 5.79 442.0
2460834.91144 18.799 0.057 7.03 447.0
2460835.55021 18.889 0.072 6.36 807.0
2460841.73062 18.878 0.056 5.43 607.0
2460843.56473 19.063 0.071 6.40 514.0
2460844.64234 18.887 0.051 6.34 327.0
2460845.82078 19.062 0.073 6.77 458.0
2460849.69144 18.959 0.059 7.18 284.0
2460853.50489 19.178 0.067 6.06 448.0
2460854.53310 19.254 0.075 6.43 390.0
2460855.53308 19.062 0.093 7.97 550.0
2460858.53256 19.414 0.078 5.84 404.0
2460859.71072 19.174 0.046 4.36 268.0
2460860.72971 19.126 0.040 4.36 287.0
2460862.53131 18.982 0.071 6.74 551.0
2460869.70668 19.509 0.088 5.76 444.0
2460871.49464 19.519 0.098 7.95 276.0
2460873.49881 19.308 0.064 5.81 351.0
2460874.62015 19.269 0.045 4.42 278.0
2460875.69927 19.248 0.055 5.21 290.0
2460877.53537 19.339 0.057 5.09 313.0
2460880.79336 19.370 0.091 6.57 471.0
2460882.71494 19.102 0.057 6.31 318.0
2460885.76313 19.463 0.070 5.90 285.0
2460895.64879 19.221 0.088 5.71 703.0
2460898.52928 19.172 0.066 6.01 364.0
2460899.66223 19.224 0.053 4.74 355.0
2460901.54821 19.400 0.079 5.75 349.0
2460904.55537 19.417 0.081 6.48 348.0
2460911.66078 19.391 0.099 7.44 379.0
2460913.68850 19.345 0.062 5.30 316.0
2460915.66861 19.332 0.057 5.22 277.0
2460923.61840 19.335 0.097 6.40 686.0
2460924.62658 19.499 0.105 6.07 670.0
2460925.50839 19.439 0.101 6.34 553.0
2460925.55570 19.334 0.117 7.62 578.0
2460925.60284 19.331 0.108 6.97 641.0
2460925.64976 19.531 0.139 6.82 772.0
2460926.50906 19.491 0.113 6.61 583.0
2460926.55622 19.185 0.083 6.29 625.0
2460926.60738 19.324 0.117 7.17 739.0
2460927.50507 19.383 0.063 4.62 495.0
2460927.55230 19.288 0.068 5.32 514.0
2460927.60004 19.439 0.108 6.99 556.0
2460928.50743 19.263 0.055 5.03 330.0
2460928.55440 19.315 0.067 5.60 418.0
2460928.60161 19.305 0.081 6.13 479.0
2460928.64864 19.361 0.095 6.29 572.0
2460929.53284 19.289 0.054 4.66 338.0
2460929.58008 19.319 0.060 5.02 374.0
2460929.62704 19.341 0.074 5.58 482.0
2460930.50992 19.325 0.054 4.64 364.0
2460930.55699 19.236 0.054 4.81 398.0
2460930.60393 19.380 0.082 6.12 485.0
2460930.65117 19.364 0.097 6.22 642.0
2460931.52138 19.257 0.070 6.84 323.0
2460931.57362 19.315 0.078 6.20 351.0
2460931.62454 19.409 0.074 5.73 331.0
2460932.54399 19.349 0.071 5.99 385.0
2460932.59125 19.426 0.085 6.60 383.0
2460933.53585 19.280 0.064 5.31 426.0
2460933.58329 19.314 0.081 6.04 501.0
2460934.53643 19.352 0.058 4.42 435.0
2460934.58499 19.157 0.058 4.84 457.0
2460937.49627 19.180 0.076 6.83 391.0
2460942.57309 19.357 0.070 6.03 315.0
2460950.50048 19.402 0.112 6.78 592.0
2460953.57450 19.505 0.139 7.13 674.0
2460957.55582 19.361 0.097 6.23 656.0
2460965.53769 19.414 0.105 6.52 514.0
