2459994.85515 19.886 0.089 4.63 362.0
2459999.84148 19.786 0.091 4.91 389.0
2460003.82951 19.571 0.071 4.44 406.0
2460007.82149 19.511 0.080 5.03 511.0
2460012.81614 19.661 0.080 3.96 560.0
2460015.81725 19.676 0.089 4.84 544.0
2460021.86816 19.847 0.088 4.43 287.0
2460024.84256 19.705 0.060 4.08 271.0
2460027.77850 19.726 0.100 6.38 317.0
2460029.80459 19.719 0.080 5.56 251.0
2460031.88082 19.913 0.111 5.72 342.0
2460034.78526 19.825 0.104 6.50 269.0
2460036.91737 19.891 0.134 4.32 1046.0
2460039.81414 19.809 0.088 4.70 398.0
2460041.83813 19.651 0.095 5.44 471.0
2460043.84803 19.637 0.076 4.40 510.0
2460049.76623 19.806 0.087 5.68 258.0
2460052.82274 19.674 0.070 4.83 294.0
2460056.73839 19.706 0.091 6.00 316.0
2460058.83177 19.782 0.082 5.15 284.0
2460060.82678 19.884 0.072 4.17 301.0
2460062.87855 19.686 0.072 4.80 307.0
2460066.76334 19.788 0.087 4.99 349.0
2460068.77585 19.823 0.103 5.27 455.0
2460070.76082 19.727 0.160 6.21 892.0
2460076.74910 19.780 0.077 4.51 350.0
2460086.63335 19.894 0.140 6.70 381.0
2460087.67239 19.740 0.084 5.13 304.0
2460088.61660 19.708 0.117 6.68 390.0
2460089.77902 19.794 0.092 5.14 316.0
2460091.86189 19.665 0.088 4.97 415.0
2460094.82631 19.804 0.073 4.17 266.0
2460096.75407 19.742 0.088 4.46 416.0
2460098.66974 19.593 0.121 5.22 809.0
2460104.86008 19.749 0.115 5.77 446.0
2460105.92475 19.780 0.115 5.75 485.0
2460107.89734 19.598 0.104 6.59 358.0
2460109.82866 19.740 0.106 5.83 390.0
2460110.92724 19.851 0.133 5.78 549.0
2460112.54867 19.776 0.109 6.04 351.0
2460113.68706 19.665 0.074 4.97 262.0
2460118.66753 19.738 0.109 6.53 276.0
2460119.89964 19.619 0.090 5.57 398.0
2460121.64079 19.601 0.101 6.59 326.0
2460122.89283 19.697 0.116 5.89 486.0
2460124.73894 19.717 0.092 4.84 441.0
2460125.85164 19.772 0.130 4.72 835.0
2460130.70861 19.645 0.117 5.69 621.0
2460132.69829 19.768 0.146 6.69 539.0
2460134.76812 19.877 0.104 5.12 377.0
2460140.55964 19.762 0.081 5.25 215.0
2460141.83240 19.725 0.115 6.27 399.0
2460144.59190 19.750 0.074 4.95 253.0
2460149.75118 19.702 0.097 6.18 271.0
2460153.54880 19.664 0.098 5.26 449.0
2460158.54649 19.619 0.111 5.16 745.0
2460159.78337 19.909 0.144 5.49 651.0
2460161.73197 19.729 0.105 5.69 364.0
2460168.65465 19.777 0.078 4.91 228.0
2460169.75936 19.677 0.113 7.36 290.0
2460171.74553 19.806 0.130 7.05 331.0
2460175.53219 19.751 0.135 7.33 345.0
2460179.66883 19.569 0.088 5.97 316.0
2460185.63913 19.532 0.126 6.03 733.0
2460188.69452 19.730 0.165 6.84 679.0
2460201.65824 19.828 0.115 6.12 350.0
2460204.54702 19.776 0.134 7.31 317.0
2460213.55990 19.778 0.157 6.59 550.0
2460218.61973 19.781 0.184 7.44 640.0
2460222.60297 19.649 0.123 6.76 434.0
2460228.59451 19.871 0.156 6.94 470.0
2460242.53158 19.607 0.135 6.25 667.0
2460254.51572 19.621 0.125 6.22 593.0
2460358.88066 19.769 0.099 5.39 362.0
2460369.85811 19.724 0.108 5.24 479.0
2460376.89842 19.685 0.092 4.65 518.0
2460380.84526 19.765 0.106 5.18 440.0
2460383.81877 19.780 0.093 5.28 308.0
2460386.83293 19.695 0.076 4.66 309.0
2460390.81736 19.696 0.074 4.38 363.0
2460392.89710 19.705 0.077 4.63 330.0
2460395.78153 19.800 0.097 3.94 602.0
2460397.79411 19.605 0.114 5.84 548.0
2460404.77958 19.712 0.089 5.32 326.0
2460406.90891 19.855 0.104 5.40 352.0
2460411.75094 19.723 0.092 5.40 332.0
2460418.73407 19.679 0.088 5.40 374.0
2460423.73135 19.794 0.135 6.20 541.0
2460425.83092 19.740 0.106 5.04 543.0
2460433.74752 19.817 0.113 6.04 338.0
2460436.70963 19.698 0.107 7.15 263.0
2460440.79981 19.727 0.119 6.56 391.0
2460443.84174 19.879 0.114 5.72 346.0
2460449.68530 19.749 0.095 5.80 318.0
2460458.66930 19.714 0.098 5.32 422.0
2460460.79942 19.601 0.083 5.21 381.0
2460463.64456 19.767 0.081 5.56 219.0
2460467.75019 19.810 0.088 4.76 412.0
2460469.92917 19.722 0.113 6.01 434.0
2460477.62145 19.627 0.097 5.64 447.0
2460479.65701 19.853 0.124 5.85 410.0
2460486.58561 19.718 0.133 6.32 514.0
2460488.71681 19.536 0.074 5.18 295.0
2460491.70251 19.733 0.082 5.37 235.0
2460493.54813 19.715 0.087 5.55 313.0
2460494.83988 20.040 0.154 6.23 402.0
2460496.73579 19.678 0.106 5.66 455.0
2460498.55636 19.693 0.082 5.41 281.0
2460500.50721 19.604 0.087 5.67 306.0
2460502.49653 19.726 0.136 7.08 413.0
2460503.78593 19.756 0.115 7.03 279.0
2460505.73800 19.601 0.061 4.48 228.0
2460506.84166 19.771 0.106 6.22 298.0
2460508.56935 19.789 0.114 5.66 462.0
2460513.80185 19.451 0.151 6.77 1020.0
2460516.78451 19.862 0.140 6.92 369.0
2460518.77955 19.716 0.099 5.93 334.0
2460521.73049 19.808 0.082 4.86 309.0
2460530.70587 19.747 0.120 7.39 273.0
2460534.56601 19.674 0.069 4.42 266.0
2460542.69897 19.637 0.156 6.89 744.0
2460549.51328 19.801 0.116 6.52 333.0
2460555.63783 19.755 0.076 4.64 263.0
2460558.68295 19.689 0.080 5.19 281.0
2460560.66603 19.631 0.092 6.00 310.0
2460562.65193 19.749 0.085 4.97 338.0
2460568.63395 19.777 0.155 5.86 761.0
2460571.56122 19.792 0.171 6.51 731.0
2460575.57069 19.666 0.106 6.18 330.0
2460580.61457 19.744 0.110 6.45 304.0
2460585.56746 19.860 0.117 5.85 335.0
2460586.59674 19.751 0.128 6.63 379.0
2460605.51593 19.707 0.148 7.62 432.0
2460611.54063 19.640 0.090 4.74 515.0
2460623.50808 19.605 0.158 6.39 986.0
2460722.88689 19.644 0.101 5.21 521.0
2460733.85644 19.741 0.103 6.00 368.0
2460736.85136 19.646 0.078 5.24 312.0
2460739.84946 19.842 0.120 6.26 373.0
2460742.83344 19.721 0.084 5.17 310.0
2460744.84595 20.078 0.139 5.90 347.0
2460747.83768 19.856 0.101 4.64 481.0
2460749.85402 19.576 0.095 5.14 544.0
2460751.88316 19.644 0.074 4.00 418.0
2460753.87105 19.713 0.093 4.51 476.0
2460761.83585 19.913 0.105 5.12 348.0
2460763.82462 19.812 0.099 5.54 321.0
2460765.82589 19.710 0.078 4.95 267.0
2460767.83921 19.700 0.083 5.10 317.0
2460769.83687 19.752 0.089 4.75 385.0
2460771.87627 19.647 0.083 5.77 275.0
2460773.81837 19.757 0.094 5.45 323.0
2460775.88022 19.631 0.092 6.02 302.0
2460778.81295 19.710 0.118 5.60 605.0
2460780.79365 19.715 0.124 5.88 536.0
2460781.68906 19.967 0.180 6.33 745.0
2460781.83273 19.586 0.082 4.57 537.0
2460787.72393 19.672 0.080 5.20 289.0
2460788.88356 19.739 0.078 4.12 317.0
2460790.73997 19.735 0.083 5.26 286.0
2460791.87037 19.982 0.096 4.62 318.0
2460793.74228 19.832 0.087 5.17 270.0
2460794.88554 19.705 0.070 4.59 258.0
2460797.82336 19.767 0.081 4.55 453.0
2460799.67925 19.784 0.099 6.12 281.0
2460800.79171 19.681 0.072 4.75 278.0
2460801.90833 19.630 0.085 5.09 378.0
2460803.87601 19.652 0.078 4.76 347.0
2460806.67335 19.905 0.125 4.98 582.0
2460807.77544 19.831 0.117 4.91 640.0
2460808.74583 19.711 0.123 5.18 844.0
2460813.84632 19.537 0.090 5.07 544.0
2460815.72695 19.739 0.070 4.52 289.0
2460816.83178 19.757 0.084 4.84 312.0
2460818.68032 19.774 0.074 4.89 235.0
2460819.74958 19.787 0.082 5.32 270.0
2460820.87522 19.747 0.113 5.61 429.0
2460822.81467 19.621 0.089 5.50 362.0
2460824.62401 19.877 0.117 6.28 314.0
2460825.66824 19.676 0.072 5.29 250.0
2460827.68661 19.613 0.058 4.46 243.0
2460828.78330 19.705 0.062 4.20 242.0
2460831.67820 19.752 0.096 5.98 323.0
2460832.80594 19.972 0.164 7.22 390.0
2460833.93910 19.659 0.137 6.66 589.0
2460835.71491 19.790 0.108 4.61 674.0
2460841.84166 19.757 0.149 6.10 652.0
2460843.80281 19.536 0.087 5.44 435.0
2460844.87253 19.423 0.118 7.89 455.0
2460846.68497 19.658 0.069 4.92 272.0
2460847.69198 19.539 0.085 6.16 310.0
2460848.71222 19.839 0.102 5.90 271.0
2460850.63488 19.727 0.085 5.66 281.0
2460851.66304 19.601 0.086 6.36 263.0
2460853.83667 19.696 0.095 6.12 302.0
2460854.85351 19.634 0.098 6.33 306.0
2460856.58810 19.666 0.091 6.15 301.0
2460858.69166 19.599 0.066 5.08 222.0
2460859.75740 19.624 0.069 4.50 247.0
2460860.78321 19.475 0.056 4.72 232.0
2460862.58613 19.668 0.107 6.38 389.0
2460863.53459 19.635 0.143 6.88 658.0
2460868.75366 19.657 0.143 5.89 779.0
2460870.55111 19.393 0.074 6.32 305.0
2460872.55920 19.233 0.059 6.05 256.0
2460873.66351 19.337 0.072 6.51 251.0
2460874.76943 19.222 0.051 4.66 282.0
2460876.50010 19.027 0.045 5.47 284.0
2460878.53302 18.853 0.036 4.99 283.0
2460879.80428 18.765 0.043 6.01 327.0
2460881.59115 18.504 0.028 5.25 236.0
2460885.58701 17.883 0.016 4.79 234.0
2460895.76489 19.142 0.114 6.61 1085.0
2460897.63011 19.052 0.075 4.82 1114.0
2460899.62280 19.136 0.045 4.24 307.0
2460901.50574 19.358 0.082 6.30 365.0
2460904.51582 19.345 0.081 6.88 333.0
2460911.61436 19.393 0.082 6.49 339.0
2460912.73041 19.505 0.089 5.63 424.0
2460914.70158 19.563 0.072 5.30 246.0
2460935.51042 19.728 0.094 5.86 297.0
2460937.54695 19.684 0.094 6.09 303.0
2460942.62076 19.798 0.113 6.70 306.0
2460950.56387 19.897 0.130 5.05 617.0
2460951.61288 19.867 0.189 7.43 616.0
2460956.54493 19.776 0.134 6.38 558.0
2460961.57466 19.679 0.136 6.78 482.0
2460969.51091 19.725 0.105 5.95 414.0
