2457791.88744 16.272 0.009 4.74 2002.0
2457793.88164 16.269 0.006 5.00 580.0
2457794.88864 16.271 0.009 6.36 930.0
2457795.89267 16.265 0.009 5.48 1475.0
2457798.86256 16.264 0.006 5.51 524.0
2457800.85338 16.262 0.007 6.40 505.0
2457801.89227 16.271 0.008 5.24 926.0
2457803.87370 16.267 0.007 4.64 1144.0
2457807.85987 16.266 0.006 5.22 368.0
2457809.82237 16.278 0.007 6.25 427.0
2457810.82145 16.261 0.007 5.98 443.0
2457811.84105 16.263 0.006 5.39 387.0
2457812.87225 16.261 0.006 4.37 414.0
2457814.84127 16.279 0.006 4.96 381.0
2457815.87022 16.269 0.006 5.05 375.0
2457816.86002 16.267 0.006 4.80 367.0
2457817.85653 16.251 0.006 4.25 426.0
2457818.84275 16.257 0.006 4.71 397.0
2457819.82251 16.267 0.006 5.37 377.0
2457820.83117 16.262 0.006 5.11 426.0
2457821.83035 16.271 0.007 5.85 430.0
2457822.82577 16.265 0.007 6.03 613.0
2457823.81141 16.259 0.007 4.84 669.0
2457823.90037 16.267 0.006 4.03 470.0
2457824.89638 16.270 0.008 6.09 525.0
2457825.88789 16.271 0.006 4.44 517.0
2457826.84709 16.260 0.006 4.69 584.0
2457827.82242 16.256 0.006 5.04 525.0
2457827.91164 16.244 0.006 4.49 716.0
2457828.88083 16.246 0.006 4.43 465.0
2457830.78348 16.252 0.007 4.87 979.0
2457830.87072 16.257 0.006 4.68 503.0
2457834.83629 16.250 0.006 4.69 365.0
2457835.77290 16.273 0.007 6.66 333.0
2457835.91350 16.258 0.007 5.22 576.0
2457836.86821 16.268 0.007 6.49 311.0
2457837.80230 16.253 0.006 5.50 291.0
2457837.91191 16.262 0.007 6.15 426.0
2457838.85752 16.255 0.005 4.18 343.0
2457839.80608 16.259 0.005 3.91 279.0
2457839.91982 16.260 0.007 3.51 1182.0
2457840.85018 16.273 0.006 5.08 309.0
2457841.79008 16.239 0.008 7.86 316.0
2457841.90030 16.269 0.006 5.76 322.0
2457842.81477 16.253 0.006 5.06 307.0
2457843.73920 16.266 0.007 6.21 323.0
2457843.85616 16.252 0.006 5.47 283.0
2457844.76634 16.274 0.006 5.02 298.0
2457844.88305 16.267 0.007 6.22 301.0
2457845.79960 16.257 0.005 4.41 309.0
2457845.90937 16.253 0.006 5.05 297.0
2457846.83766 16.254 0.005 4.71 291.0
2457847.74099 16.264 0.006 5.91 333.0
2457848.75479 16.277 0.006 5.86 325.0
2457848.87290 16.249 0.005 4.79 283.0
2457849.76748 16.264 0.006 4.70 373.0
2457849.88664 16.256 0.005 3.60 290.0
2457850.78076 16.284 0.007 6.29 406.0
2457850.90038 16.244 0.006 5.04 307.0
2457851.79749 16.265 0.006 5.42 423.0
2457851.92051 16.252 0.006 5.26 400.0
2457853.87462 16.259 0.007 6.42 415.0
2457854.72061 16.259 0.007 5.84 663.0
2457854.83781 16.266 0.006 5.13 490.0
2457855.75021 16.263 0.006 4.39 645.0
2457855.86110 16.254 0.006 4.50 537.0
2457856.75914 16.273 0.008 6.28 567.0
2457856.87301 16.262 0.009 7.27 510.0
2457858.84722 16.245 0.006 5.34 548.0
2457862.71962 16.256 0.007 6.29 417.0
2457862.82958 16.259 0.006 5.30 383.0
2457863.77539 16.264 0.007 6.41 366.0
2457863.92334 16.260 0.006 4.39 417.0
2457864.73397 16.266 0.005 4.60 301.0
2457864.88495 16.254 0.005 4.02 349.0
2457865.73729 16.269 0.006 4.87 338.0
2457865.87546 16.265 0.006 4.19 398.0
2457866.73371 16.259 0.006 4.55 334.0
2457866.86628 16.262 0.005 3.48 337.0
2457867.73708 16.264 0.005 3.92 306.0
2457867.86807 16.261 0.006 4.51 313.0
2457868.79409 16.246 0.007 5.88 333.0
2457869.67614 16.267 0.006 6.56 329.0
2457869.79253 16.253 0.005 4.15 314.0
2457869.92457 16.248 0.005 3.90 432.0
2457870.81394 16.268 0.006 4.58 298.0
2457871.70962 16.265 0.005 4.40 342.0
2457871.84415 16.259 0.005 3.88 321.0
2457872.68869 16.269 0.005 4.32 358.0
2457872.84264 16.258 0.005 3.73 332.0
2457873.68997 16.260 0.006 4.66 353.0
2457873.79805 16.275 0.006 4.55 297.0
2457873.93237 16.273 0.006 4.14 711.0
2457874.76645 16.270 0.007 6.25 365.0
2457874.88989 16.263 0.006 4.24 396.0
2457875.84489 16.264 0.005 4.25 378.0
2457876.66115 16.280 0.008 7.08 513.0
2457876.78161 16.258 0.006 4.54 378.0
2457876.90851 16.257 0.006 4.66 392.0
2457877.74182 16.249 0.005 3.41 351.0
2457877.86521 16.264 0.006 3.90 439.0
2457878.78032 16.246 0.005 3.64 359.0
2457878.90463 16.250 0.005 3.69 406.0
2457879.72902 16.254 0.008 7.33 479.0
2457879.88201 16.262 0.008 6.48 410.0
2457880.75750 16.264 0.007 5.37 433.0
2457880.88788 16.246 0.008 6.76 450.0
2457881.83816 16.272 0.007 5.26 494.0
2457882.71478 16.258 0.007 6.52 504.0
2457882.84573 16.264 0.007 4.92 556.0
2457883.86527 16.250 0.009 7.14 680.0
2457890.72976 16.267 0.007 5.34 503.0
2457890.88749 16.265 0.008 6.24 590.0
2457893.70668 16.258 0.007 6.16 369.0
2457893.83635 16.266 0.006 5.06 360.0
2457893.94216 16.252 0.010 6.10 1254.0
2457894.69064 16.270 0.006 4.60 337.0
2457894.81875 16.266 0.006 4.70 333.0
2457894.92741 16.262 0.007 6.06 461.0
2457895.79105 16.255 0.006 4.79 392.0
2457897.73355 16.258 0.006 6.07 396.0
2457900.93213 16.234 0.008 7.52 414.0
2457901.66755 16.255 0.006 5.78 328.0
2457901.82457 16.273 0.006 5.02 364.0
2457902.65959 16.284 0.007 5.76 345.0
2457902.79095 16.265 0.006 5.02 371.0
2457902.94085 16.236 0.009 7.30 688.0
2457903.82786 16.258 0.006 5.16 354.0
2457903.94427 16.249 0.009 7.53 659.0
2457904.68449 16.258 0.006 4.93 301.0
2457904.81687 16.257 0.005 4.20 300.0
2457904.93415 16.256 0.007 6.01 452.0
2457905.65347 16.262 0.005 4.35 332.0
2457905.78311 16.254 0.005 4.06 339.0
2457905.89350 16.250 0.006 4.45 439.0
2457906.60152 16.279 0.007 6.11 414.0
2457906.71976 16.257 0.005 3.98 365.0
2457906.84262 16.263 0.006 4.50 454.0
2457906.94197 16.263 0.007 4.85 948.0
2457907.71439 16.273 0.006 5.24 609.0
2457908.56966 16.281 0.008 6.91 673.0
2457908.66586 16.268 0.006 5.01 474.0
2457908.79561 16.254 0.006 4.79 445.0
2457908.90460 16.273 0.007 5.33 523.0
2457909.59598 16.264 0.007 5.87 630.0
2457909.71637 16.258 0.006 4.64 462.0
2457909.82817 16.258 0.006 4.00 492.0
2457909.92513 16.246 0.006 4.83 687.0
2457910.61334 16.274 0.007 5.62 532.0
2457910.74485 16.269 0.006 4.57 426.0
2457910.86199 16.254 0.006 4.06 705.0
2457911.58637 16.267 0.009 7.32 758.0
2457911.68981 16.258 0.007 5.19 527.0
2457911.90566 16.242 0.008 7.02 622.0
2457916.63807 16.267 0.006 3.96 794.0
2457916.73794 16.255 0.006 4.49 648.0
2457917.56126 16.256 0.008 6.31 594.0
2457917.67368 16.255 0.007 5.54 464.0
2457917.78783 16.266 0.006 4.55 501.0
2457917.89546 16.259 0.007 5.08 765.0
2457918.67296 16.260 0.006 4.85 816.0
2457922.64969 16.261 0.006 5.53 363.0
2457923.54241 16.284 0.007 6.59 478.0
2457923.64907 16.268 0.006 5.87 355.0
2457923.78817 16.258 0.007 5.43 400.0
2457923.89459 16.232 0.007 6.34 491.0
2457924.57165 16.269 0.006 5.04 389.0
2457924.68664 16.260 0.005 4.29 343.0
2457924.80602 16.262 0.006 3.88 377.0
2457925.59559 16.265 0.006 5.95 340.0
2457925.72175 16.273 0.006 5.46 313.0
2457925.84668 16.259 0.006 5.38 386.0
2457926.61494 16.256 0.007 7.06 373.0
2457926.76113 16.265 0.006 5.66 355.0
2457928.60925 16.272 0.006 5.69 380.0
2457932.63920 16.277 0.008 7.11 357.0
2457932.77295 16.245 0.006 6.02 321.0
2457933.62993 16.256 0.007 6.31 304.0
2457933.76200 16.279 0.007 6.43 284.0
2457934.56489 16.257 0.006 5.20 361.0
2457934.70172 16.265 0.005 4.48 309.0
2457934.79541 16.253 0.007 5.86 344.0
2457935.53517 16.262 0.006 5.95 396.0
2457935.66499 16.252 0.006 4.97 319.0
2457935.77623 16.271 0.005 3.98 284.0
2457935.87676 16.250 0.006 5.19 353.0
2457936.52744 16.269 0.007 6.29 401.0
2457936.65243 16.253 0.006 5.68 304.0
2457936.78294 16.274 0.006 5.66 275.0
2457936.87614 16.251 0.007 6.86 352.0
2457937.57963 16.262 0.006 5.46 406.0
2457937.70102 16.261 0.006 4.71 344.0
2457937.82139 16.247 0.007 6.89 345.0
2457938.60351 16.276 0.008 6.61 417.0
2457944.48397 16.260 0.008 6.17 782.0
2457944.53462 16.265 0.007 5.19 727.0
2457944.57638 16.260 0.006 4.76 659.0
2457944.62656 16.271 0.007 5.02 625.0
2457944.67640 16.275 0.007 5.18 566.0
2457944.74527 16.241 0.007 5.10 614.0
2457944.78671 16.239 0.007 5.48 711.0
2457944.82991 16.224 0.009 6.36 992.0
2457945.50034 16.276 0.007 5.61 605.0
2457945.61089 16.252 0.006 4.13 454.0
2457945.72325 16.264 0.006 4.33 448.0
2457945.83259 16.265 0.007 5.42 657.0
2457946.55460 16.263 0.006 5.31 462.0
2457946.68401 16.248 0.006 4.59 390.0
2457946.79648 16.257 0.007 5.99 414.0
2457947.53722 16.266 0.007 6.47 311.0
2457947.65287 16.266 0.007 6.04 344.0
2457947.80007 16.271 0.010 8.98 455.0
2457948.54925 16.278 0.006 5.32 324.0
2457948.67450 16.260 0.006 4.51 611.0
2457948.80693 16.253 0.006 5.46 472.0
2457949.59566 16.269 0.006 5.17 499.0
2457949.72917 16.260 0.008 6.73 616.0
2457952.74294 16.259 0.006 5.65 293.0
2457953.50804 16.264 0.006 5.26 370.0
2457953.64856 16.270 0.006 5.90 284.0
2457953.76788 16.246 0.006 5.67 320.0
2457954.52481 16.264 0.005 4.86 462.0
2457954.67137 16.266 0.005 4.05 265.0
2457955.72078 16.268 0.005 4.22 348.0
2457956.51084 16.261 0.006 5.11 412.0
2457956.65352 16.254 0.006 4.46 285.0
2457956.76926 16.255 0.006 5.24 344.0
2457957.69489 16.255 0.006 5.83 333.0
2457958.60716 16.271 0.007 6.40 340.0
2457958.70126 16.258 0.006 5.80 321.0
2457958.80609 16.258 0.007 6.81 373.0
2457959.56563 16.255 0.006 4.74 317.0
2457959.68246 16.261 0.005 4.42 272.0
2457959.79327 16.245 0.007 6.76 353.0
2457960.55203 16.264 0.005 4.79 286.0
2457960.68747 16.272 0.006 5.52 276.0
2457960.79450 16.256 0.006 6.04 319.0
2457961.62615 16.259 0.006 5.24 350.0
2457961.75013 16.257 0.006 6.25 427.0
2457962.56099 16.263 0.005 4.09 336.0
2457964.52825 16.264 0.006 5.67 523.0
2457964.62821 16.260 0.006 5.12 348.0
2457964.78636 16.254 0.007 6.17 486.0
2457965.69783 16.247 0.006 4.49 490.0
2457966.57165 16.258 0.007 5.84 350.0
2457966.68194 16.262 0.007 5.99 322.0
2457967.61324 16.261 0.007 6.03 409.0
2457967.70301 16.267 0.008 7.25 424.0
2457971.47485 16.264 0.009 6.94 847.0
2457971.52758 16.264 0.007 5.41 697.0
2457971.56930 16.256 0.007 4.94 696.0
2457971.61606 16.261 0.007 5.04 800.0
2457971.65640 16.255 0.006 4.26 631.0
2457971.70691 16.258 0.012 6.29 2165.0
2457972.47547 16.262 0.010 6.85 789.0
2457972.57831 16.276 0.008 6.04 616.0
2457972.63222 16.260 0.007 5.36 609.0
2457972.68008 16.225 0.008 5.68 656.0
2457972.73594 16.246 0.009 6.59 805.0
2457973.57694 16.257 0.007 5.75 572.0
2457973.70903 16.261 0.008 6.69 716.0
2457974.56455 16.251 0.007 5.80 464.0
2457974.68032 16.241 0.008 6.25 496.0
2457975.62854 16.268 0.007 5.98 534.0
2457979.56081 16.270 0.006 4.50 343.0
2457980.47841 16.261 0.008 6.64 522.0
2457980.61199 16.265 0.007 5.82 426.0
2457981.51973 16.271 0.007 5.56 423.0
2457981.66463 16.231 0.007 5.42 422.0
2457982.57409 16.258 0.006 4.82 331.0
2457983.50076 16.264 0.007 6.75 371.0
2457983.61203 16.253 0.006 4.67 333.0
2457984.52507 16.262 0.007 5.79 337.0
2457984.63884 16.255 0.006 4.75 321.0
2457985.57512 16.263 0.007 6.20 365.0
2457986.53686 16.249 0.005 4.43 337.0
2457986.66534 16.257 0.006 4.78 319.0
2457987.59598 16.256 0.005 4.03 375.0
2457990.51104 16.261 0.007 5.89 376.0
2457990.64181 16.245 0.008 7.13 354.0
2457991.57184 16.248 0.007 6.56 362.0
2457992.49590 16.268 0.006 4.69 384.0
2457992.61655 16.250 0.006 5.11 349.0
2457993.54589 16.259 0.006 4.77 387.0
2457993.65488 16.264 0.007 5.84 345.0
2457994.58905 16.259 0.006 5.37 407.0
2457998.49506 16.254 0.006 4.65 583.0
2457998.53578 16.251 0.008 4.59 1340.0
2457998.58468 16.258 0.007 4.60 850.0
2457998.62816 16.245 0.009 4.95 1852.0
2458000.50909 16.260 0.008 6.19 505.0
2458000.56228 16.255 0.007 5.65 524.0
2458000.60899 16.258 0.008 6.66 617.0
2458001.51358 16.269 0.006 4.66 484.0
2458001.62251 16.274 0.006 5.15 539.0
2458002.63551 16.267 0.009 5.69 1304.0
2458004.49737 16.260 0.007 5.94 418.0
2458005.48050 16.264 0.010 7.78 571.0
2458007.59358 16.257 0.007 6.68 385.0
2458010.50607 16.271 0.008 6.26 451.0
2458011.57253 16.265 0.008 7.41 397.0
2458012.57329 16.256 0.006 4.57 457.0
2458013.57757 16.253 0.006 5.03 415.0
2458014.58663 16.255 0.006 5.22 409.0
2458016.48291 16.287 0.008 6.45 571.0
2458017.49838 16.256 0.006 5.13 415.0
2458018.53427 16.263 0.006 5.39 386.0
2458019.56122 16.263 0.006 4.88 358.0
2458021.50572 16.270 0.007 5.56 502.0
2458026.54015 16.253 0.007 4.11 1030.0
2458029.52719 16.231 0.008 5.90 777.0
2458032.56506 16.243 0.008 5.82 693.0
2458036.52472 16.266 0.008 6.70 445.0
2458037.56683 16.267 0.008 6.65 512.0
2458040.53232 16.246 0.008 6.10 554.0
2458046.52696 16.257 0.009 7.09 687.0
2458053.53072 16.260 0.009 5.03 1206.0
2458057.51196 16.247 0.008 6.41 680.0
2458156.87503 16.250 0.006 4.93 623.0
2458161.87877 16.285 0.007 6.00 504.0
2458162.87940 16.270 0.005 4.41 436.0
2458164.86425 16.263 0.006 6.13 424.0
2458165.85151 16.268 0.006 5.29 451.0
2458166.84294 16.284 0.008 7.58 418.0
2458166.88354 16.257 0.007 6.37 428.0
2458167.86853 16.268 0.006 4.84 388.0
2458168.83988 16.256 0.006 5.47 395.0
2458168.88897 16.277 0.006 5.80 406.0
2458169.86341 16.280 0.006 5.81 403.0
2458170.84642 16.271 0.005 4.29 401.0
2458170.88545 16.254 0.006 4.25 399.0
2458171.85555 16.255 0.006 4.60 407.0
2458171.89458 16.276 0.006 4.13 747.0
2458172.86600 16.274 0.006 5.31 425.0
2458173.82549 16.272 0.006 5.38 529.0
2458173.87553 16.276 0.006 4.57 458.0
2458174.83820 16.271 0.006 4.80 534.0
2458174.88641 16.253 0.005 3.77 440.0
2458175.83634 16.266 0.006 4.87 405.0
2458175.88525 16.275 0.006 5.24 399.0
2458176.82987 16.266 0.006 5.01 456.0
2458176.87889 16.272 0.006 4.63 414.0
2458181.81898 16.276 0.007 5.29 670.0
2458181.87378 16.273 0.006 4.73 570.0
2458182.85048 16.278 0.006 5.06 531.0
2458183.85590 16.253 0.007 5.97 512.0
2458184.84633 16.264 0.006 4.85 586.0
2458184.89665 16.278 0.007 5.09 545.0
2458185.85410 16.258 0.007 5.74 629.0
2458185.90614 16.243 0.007 5.04 971.0
2458189.86876 16.266 0.006 4.72 382.0
2458190.84152 16.268 0.005 4.45 299.0
2458191.82890 16.261 0.007 6.70 381.0
2458192.81782 16.262 0.006 5.49 404.0
2458193.80416 16.264 0.006 5.42 319.0
2458193.91461 16.256 0.009 5.29 1483.0
2458194.88518 16.252 0.005 4.22 309.0
2458195.85011 16.265 0.006 5.10 336.0
2458196.81825 16.259 0.006 4.53 324.0
2458197.77224 16.270 0.007 6.58 380.0
2458197.88831 16.256 0.005 3.35 332.0
2458198.83528 16.274 0.006 5.06 343.0
2458199.78103 16.270 0.006 4.87 330.0
2458200.77051 16.274 0.006 5.93 412.0
2458200.88723 16.254 0.005 4.28 385.0
2458201.81221 16.285 0.007 6.49 340.0
2458202.74894 16.290 0.007 6.36 458.0
2458202.86434 16.257 0.005 4.10 355.0
2458203.79741 16.267 0.005 4.43 326.0
2458203.91403 16.255 0.005 3.61 515.0
2458204.83608 16.255 0.006 4.86 341.0
2458205.77650 16.291 0.007 6.25 446.0
2458205.90452 16.265 0.006 4.80 326.0
2458206.81729 16.257 0.005 3.80 426.0
2458207.73717 16.258 0.008 6.97 672.0
2458207.84404 16.259 0.006 4.95 449.0
2458208.76403 16.265 0.006 4.59 717.0
2458208.87045 16.243 0.006 3.71 530.0
2458209.79161 16.277 0.006 4.35 570.0
2458209.89883 16.252 0.005 3.74 506.0
2458210.80455 16.266 0.006 4.58 546.0
2458210.91218 16.273 0.006 4.23 531.0
2458211.81840 16.267 0.006 4.96 530.0
2458212.71650 16.249 0.007 5.72 796.0
2458212.81101 16.265 0.006 3.82 596.0
2458212.91971 16.270 0.006 3.63 876.0
2458217.87802 16.259 0.006 5.28 379.0
2458220.77850 16.285 0.007 7.03 302.0
2458220.91301 16.266 0.005 4.68 347.0
2458221.80324 16.256 0.005 4.11 292.0
2458222.70295 16.266 0.006 5.72 371.0
2458222.82748 16.255 0.005 4.26 301.0
2458223.80758 16.275 0.006 5.34 325.0
2458224.69688 16.263 0.007 6.66 434.0
2458224.83128 16.273 0.006 4.58 381.0
2458225.81682 16.266 0.006 5.92 335.0
2458226.88777 16.278 0.006 5.81 326.0
2458227.77295 16.264 0.006 5.14 293.0
2458227.90330 16.271 0.006 4.43 328.0
2458228.81503 16.267 0.006 5.28 310.0
2458229.71303 16.271 0.006 5.62 341.0
2458229.84527 16.259 0.005 4.70 295.0
2458230.71529 16.259 0.006 5.97 344.0
2458230.84797 16.260 0.005 4.42 319.0
2458232.82982 16.268 0.005 3.89 334.0
2458233.74706 16.284 0.006 4.85 396.0
2458235.83267 16.251 0.005 3.43 430.0
2458236.80790 16.277 0.006 4.83 545.0
2458238.77556 16.256 0.006 4.04 663.0
2458238.90118 16.267 0.006 4.56 634.0
2458244.74967 16.281 0.007 5.43 445.0
2458244.87171 16.267 0.006 4.41 733.0
2458245.80375 16.267 0.009 7.38 498.0
2458245.93987 16.246 0.009 5.24 1698.0
2458246.77527 16.263 0.006 5.69 419.0
2458246.89799 16.281 0.007 6.25 534.0
2458247.69515 16.266 0.006 5.10 392.0
2458247.81661 16.272 0.006 4.66 438.0
2458247.93697 16.247 0.009 7.10 646.0
2458249.66260 16.249 0.007 7.04 419.0
2458249.77140 16.254 0.006 5.62 310.0
2458249.90214 16.263 0.006 5.15 468.0
2458250.71672 16.269 0.005 4.46 298.0
2458250.84644 16.271 0.005 4.41 320.0
2458251.64143 16.291 0.007 6.51 309.0
2458251.74943 16.260 0.008 7.79 340.0
2458251.88571 16.266 0.004 4.55 369.0
2458252.91137 16.267 0.006 5.36 436.0
2458253.69820 16.268 0.005 4.73 327.0
2458253.83883 16.252 0.005 4.65 352.0
2458254.70451 16.258 0.005 3.81 316.0
2458254.85420 16.262 0.005 3.81 362.0
2458255.64386 16.255 0.006 4.97 343.0
2458255.79175 16.267 0.005 4.00 341.0
2458255.92131 16.260 0.006 4.79 421.0
2458256.69985 16.282 0.007 6.70 326.0
2458256.82413 16.268 0.006 5.30 404.0
2458257.61891 16.279 0.007 6.74 441.0
2458257.76168 16.290 0.006 5.54 303.0
2458257.87651 16.260 0.005 4.79 390.0
2458258.74171 16.262 0.005 4.12 296.0
2458258.87700 16.255 0.005 4.24 336.0
2458259.70560 16.264 0.005 4.58 405.0
2458259.83531 16.257 0.005 4.39 426.0
2458260.61784 16.293 0.007 5.45 483.0
2458260.91667 16.248 0.006 4.04 548.0
2458261.74925 16.258 0.005 3.81 326.0
2458261.90348 16.253 0.005 3.82 397.0
2458262.72670 16.262 0.005 4.45 324.0
2458262.86297 16.263 0.006 4.77 299.0
2458263.64673 16.250 0.005 4.29 431.0
2458263.78119 16.252 0.005 4.19 346.0
2458263.91464 16.245 0.005 3.95 303.0
2458264.78720 16.255 0.006 4.95 487.0
2458264.90794 16.263 0.006 4.79 513.0
2458265.67816 16.253 0.007 5.44 543.0
2458265.80103 16.260 0.006 4.41 495.0
2458266.68154 16.257 0.008 6.77 634.0
2458271.82501 16.267 0.007 5.37 600.0
2458272.66435 16.252 0.005 4.09 443.0
2458272.78789 16.269 0.006 4.45 450.0
2458272.90403 16.258 0.006 4.59 506.0
2458273.63960 16.268 0.006 4.60 400.0
2458273.77758 16.261 0.006 4.97 347.0
2458273.87860 16.263 0.006 5.01 406.0
2458274.62085 16.258 0.006 5.44 329.0
2458274.73768 16.275 0.007 6.52 370.0
2458274.86491 16.277 0.007 5.53 501.0
2458275.61509 16.287 0.006 5.76 393.0
2458275.75546 16.257 0.006 5.50 378.0
2458275.87614 16.266 0.007 5.65 459.0
2458276.62125 16.262 0.007 6.14 372.0
2458276.74595 16.276 0.006 5.05 343.0
2458276.86187 16.272 0.008 6.76 439.0
2458277.67897 16.253 0.005 4.62 283.0
2458277.80063 16.247 0.006 4.46 339.0
2458277.91829 16.253 0.006 4.31 491.0
2458278.61358 16.265 0.005 4.78 351.0
2458278.84634 16.250 0.005 4.37 487.0
2458282.63153 16.251 0.005 4.16 289.0
2458282.77695 16.252 0.005 5.19 297.0
2458282.89684 16.265 0.006 4.68 402.0
2458283.59579 16.269 0.006 5.11 299.0
2458283.72733 16.270 0.006 6.07 290.0
2458283.84250 16.258 0.005 4.15 377.0
2458284.56481 16.283 0.006 5.38 376.0
2458284.68438 16.263 0.005 4.26 286.0
2458284.81034 16.266 0.005 4.16 299.0
2458284.92206 16.256 0.006 5.67 435.0
2458286.53307 16.268 0.006 5.56 331.0
2458286.64306 16.260 0.005 5.07 248.0
2458286.79453 16.247 0.006 5.05 281.0
2458286.91555 16.259 0.006 5.05 405.0
2458287.63760 16.253 0.005 4.34 275.0
2458287.78645 16.242 0.005 4.14 245.0
2458287.90383 16.260 0.005 4.04 369.0
2458288.61341 16.268 0.006 4.90 291.0
2458288.75960 16.263 0.006 4.80 290.0
2458288.88346 16.249 0.007 6.02 516.0
2458289.60428 16.255 0.005 4.31 339.0
2458289.75480 16.259 0.005 4.67 307.0
2458289.87488 16.258 0.006 4.88 392.0
2458290.60134 16.274 0.006 5.57 365.0
2458290.75033 16.265 0.006 4.73 308.0
2458290.87237 16.244 0.006 4.97 430.0
2458291.64451 16.263 0.006 4.57 429.0
2458291.79728 16.246 0.005 4.18 383.0
2458292.54664 16.254 0.006 5.19 514.0
2458292.65049 16.259 0.007 5.69 482.0
2458292.80444 16.275 0.006 5.04 404.0
2458293.54248 16.270 0.008 6.33 554.0
2458293.67631 16.255 0.006 4.78 428.0
2458293.83792 16.277 0.009 7.19 651.0
2458294.70640 16.258 0.010 7.61 897.0
2458294.84165 16.258 0.009 6.87 799.0
2458299.65507 16.265 0.008 5.22 1445.0
2458301.65140 16.272 0.008 7.51 471.0
2458301.77191 16.267 0.007 5.88 457.0
2458302.68199 16.251 0.009 7.80 776.0
2458304.57181 16.294 0.008 7.45 402.0
2458304.68730 16.266 0.007 7.00 441.0
2458305.57649 16.284 0.008 7.33 348.0
2458305.70222 16.274 0.006 5.88 307.0
2458305.83201 16.263 0.007 6.80 426.0
2458306.71438 16.278 0.008 7.14 382.0
2458306.81491 16.267 0.008 7.63 410.0
2458307.53317 16.271 0.006 5.03 428.0
2458307.66728 16.261 0.005 4.91 285.0
2458307.78780 16.255 0.006 4.65 367.0
2458308.50147 16.249 0.007 6.81 358.0
2458308.61125 16.252 0.005 4.91 270.0
2458308.74291 16.233 0.007 5.98 344.0
2458309.46640 16.275 0.007 6.02 595.0
2458309.59704 16.266 0.005 4.70 288.0
2458309.72104 16.262 0.005 3.73 291.0
2458309.82985 16.269 0.006 5.34 397.0
2458310.54850 16.279 0.006 6.10 323.0
2458310.62900 16.258 0.005 4.36 324.0
2458310.71553 16.255 0.005 4.66 340.0
2458310.82982 16.252 0.007 6.56 395.0
2458311.56624 16.264 0.006 6.17 304.0
2458311.69825 16.261 0.005 4.55 289.0
2458311.80740 16.255 0.006 4.71 423.0
2458312.53363 16.260 0.006 5.35 349.0
2458312.65955 16.262 0.005 4.58 279.0
2458312.79963 16.252 0.005 4.13 300.0
2458313.53482 16.280 0.006 4.99 337.0
2458313.64994 16.258 0.005 4.09 274.0
2458313.76778 16.251 0.006 4.45 365.0
2458314.50146 16.261 0.006 5.86 370.0
2458314.61409 16.250 0.006 5.15 312.0
2458314.74345 16.249 0.005 4.05 322.0
2458316.50152 16.280 0.007 6.06 369.0
2458316.61508 16.264 0.006 6.06 348.0
2458316.74423 16.274 0.007 6.76 389.0
2458320.55162 16.252 0.006 6.15 389.0
2458320.68444 16.265 0.005 4.87 300.0
2458320.79249 16.261 0.006 5.26 345.0
2458321.77399 16.245 0.009 7.10 978.0
2458328.55160 16.260 0.006 5.10 529.0
2458328.66460 16.256 0.009 7.23 823.0
2458328.77448 16.267 0.008 6.07 817.0
2458329.57368 16.273 0.006 5.35 504.0
2458329.68522 16.257 0.006 4.35 504.0
2458330.49532 16.253 0.005 5.08 516.0
2458331.47173 16.258 0.007 5.67 516.0
2458331.60255 16.273 0.006 5.41 347.0
2458332.47276 16.275 0.007 5.81 510.0
2458332.60478 16.268 0.007 6.92 376.0
2458332.76052 16.263 0.007 6.47 508.0
2458333.58359 16.251 0.005 4.96 332.0
2458334.49552 16.267 0.006 4.86 544.0
2458334.62842 16.265 0.005 4.66 370.0
2458335.57239 16.261 0.007 6.36 451.0
2458336.50740 16.258 0.006 5.31 359.0
2458336.64962 16.253 0.005 4.60 264.0
2458338.52424 16.251 0.007 6.38 391.0
2458338.64950 16.266 0.005 4.96 320.0
2458339.55498 16.253 0.005 3.51 299.0
2458339.74587 16.250 0.005 4.22 297.0
2458340.63098 16.256 0.005 4.11 321.0
2458341.52963 16.265 0.006 5.11 357.0
2458341.72289 16.253 0.005 4.25 264.0
2458342.58892 16.261 0.006 5.87 353.0
2458343.55648 16.269 0.006 5.59 291.0
2458344.58791 16.258 0.006 5.10 350.0
2458345.47503 16.253 0.007 5.85 466.0
2458345.61861 16.266 0.006 4.35 294.0
2458346.51974 16.274 0.006 4.60 294.0
2458346.72455 16.257 0.005 4.17 275.0
2458347.57177 16.262 0.006 5.06 280.0
2458348.47774 16.226 0.009 7.72 507.0
2458348.62793 16.250 0.006 4.85 568.0
2458349.59576 16.248 0.008 5.76 852.0
2458353.54833 16.262 0.007 5.05 555.0
2458355.47712 16.285 0.007 5.66 696.0
2458355.64512 16.248 0.006 3.87 540.0
2458356.53976 16.255 0.006 5.45 549.0
2458357.49825 16.267 0.007 5.61 500.0
2458358.48703 16.263 0.007 5.87 439.0
2458358.64622 16.264 0.006 5.07 462.0
2458359.53610 16.271 0.006 5.29 390.0
2458359.69891 16.224 0.007 6.12 573.0
2458360.61064 16.249 0.008 6.82 465.0
2458361.64432 16.264 0.007 6.62 353.0
2458363.65249 16.246 0.006 6.21 284.0
2458364.57112 16.251 0.005 4.49 369.0
2458366.49990 16.262 0.005 4.81 300.0
2458367.50531 16.260 0.006 5.02 367.0
2458367.67614 16.247 0.005 3.88 335.0
2458368.64154 16.264 0.005 4.28 375.0
2458369.59533 16.255 0.005 4.04 328.0
2458370.53558 16.262 0.006 4.33 369.0
2458371.53049 16.262 0.005 3.95 319.0
2458372.50184 16.267 0.006 4.84 364.0
2458373.48240 16.252 0.007 6.18 452.0
2458375.50245 16.268 0.007 6.09 378.0
2458375.63419 16.268 0.007 6.57 368.0
2458376.58227 16.257 0.006 5.89 227.0
2458377.52029 16.275 0.007 6.22 690.0
2458377.61737 16.261 0.008 5.77 846.0
2458381.57080 16.237 0.006 4.13 1111.0
2458382.58433 16.249 0.006 3.45 648.0
2458383.51735 16.268 0.007 4.85 570.0
2458383.61112 16.236 0.007 5.41 688.0
2458384.56460 16.254 0.006 3.89 572.0
2458384.63077 16.247 0.006 4.35 665.0
2458386.51759 16.247 0.006 4.38 572.0
2458390.55498 16.266 0.006 5.75 403.0
2458392.59995 16.245 0.007 6.99 384.0
2458393.55130 16.244 0.007 5.95 361.0
2458397.54809 16.252 0.005 4.74 342.0
2458399.50781 16.281 0.007 6.29 374.0
2458401.57136 16.244 0.006 4.81 453.0
2458409.52552 16.294 0.008 7.18 638.0
2458410.56330 16.240 0.007 5.60 646.0
2458412.55802 16.257 0.007 5.27 649.0
2458414.54397 16.246 0.008 5.46 711.0
2458419.51492 16.268 0.006 4.92 534.0
2458424.52071 16.239 0.008 6.13 578.0
2458528.89191 16.272 0.009 6.19 1266.0
2458531.87404 16.259 0.006 5.38 386.0
2458533.88594 16.262 0.006 5.24 629.0
2458535.86369 16.266 0.007 6.28 561.0
2458536.83981 16.276 0.006 5.06 580.0
2458536.89033 16.283 0.007 5.30 593.0
2458537.88600 16.278 0.007 6.66 455.0
2458539.84979 16.259 0.006 5.09 487.0
2458539.89000 16.277 0.006 5.40 449.0
2458540.87268 16.275 0.009 5.18 1475.0
2458544.87317 16.266 0.005 5.25 310.0
2458546.84089 16.262 0.005 4.76 334.0
2458546.89013 16.261 0.005 5.01 337.0
2458547.84299 16.276 0.006 5.70 335.0
2458547.89914 16.282 0.006 4.94 381.0
2458548.84775 16.263 0.005 3.66 384.0
2458549.80435 16.271 0.007 7.22 358.0
2458549.84153 16.282 0.006 5.39 327.0
2458549.89920 16.280 0.006 4.81 409.0
2458550.85432 16.266 0.005 4.76 334.0
2458550.90313 16.254 0.005 5.05 359.0
2458551.86454 16.282 0.006 6.02 319.0
2458552.84804 16.256 0.007 7.17 330.0
2458552.88555 16.253 0.006 6.81 310.0
2458553.81686 16.258 0.007 7.08 343.0
2458553.86333 16.281 0.007 6.60 345.0
2458554.79823 16.249 0.006 6.17 355.0
2458554.84033 16.267 0.006 5.35 360.0
2458554.88972 16.260 0.005 5.48 315.0
2458555.80118 16.268 0.006 5.37 389.0
2458555.85076 16.261 0.005 5.13 324.0
2458555.89850 16.276 0.005 4.41 334.0
2458556.82246 16.268 0.006 5.36 350.0
2458556.86246 16.264 0.005 5.29 336.0
2458557.78025 16.253 0.007 6.96 355.0
2458557.82957 16.279 0.005 4.77 323.0
2458557.87946 16.260 0.005 5.12 320.0
2458558.77821 16.281 0.006 5.43 358.0
2458558.83247 16.264 0.005 4.89 331.0
2458558.87202 16.270 0.006 5.48 323.0
2458559.77669 16.276 0.006 5.80 412.0
2458559.81615 16.280 0.005 4.66 340.0
2458559.86643 16.249 0.005 3.84 309.0
2458559.90645 16.261 0.005 4.89 358.0
2458560.82602 16.266 0.005 4.21 377.0
2458560.86573 16.259 0.005 4.11 335.0
2458561.78040 16.268 0.006 4.84 538.0
2458561.81970 16.266 0.005 4.45 470.0
2458561.87180 16.262 0.005 4.43 385.0
2458562.76817 16.273 0.007 6.19 655.0
2458562.81727 16.259 0.007 6.46 601.0
2458562.86471 16.248 0.006 5.15 531.0
2458562.91449 16.262 0.007 5.63 925.0
2458563.79625 16.257 0.007 5.69 668.0
2458563.85404 16.268 0.006 4.47 574.0
2458563.89387 16.277 0.006 4.81 710.0
2458564.80153 16.267 0.006 5.32 536.0
2458564.84341 16.269 0.005 4.40 506.0
2458564.89364 16.281 0.006 4.41 502.0
2458565.78559 16.275 0.006 5.21 601.0
2458565.85054 16.273 0.006 5.98 534.0
2458565.89502 16.276 0.006 4.65 489.0
2458566.81076 16.273 0.006 4.03 537.0
2458566.85069 16.257 0.005 4.03 506.0
2458566.90140 16.272 0.006 4.79 463.0
2458567.79040 16.271 0.006 4.72 584.0
2458567.82398 16.265 0.006 4.37 549.0
2458567.86482 16.267 0.006 4.80 564.0
2458567.91177 16.276 0.006 5.13 552.0
2458573.88676 16.269 0.007 6.35 353.0
2458574.73020 16.276 0.007 7.03 333.0
2458574.83785 16.277 0.007 7.34 306.0
2458574.88684 16.262 0.006 5.68 296.0
2458575.73200 16.275 0.006 5.92 326.0
2458575.78090 16.294 0.006 5.92 321.0
2458575.81983 16.276 0.006 6.21 325.0
2458575.86824 16.252 0.006 5.98 314.0
2458575.90814 16.254 0.006 5.73 340.0
2458576.79428 16.256 0.006 6.54 309.0
2458576.83309 16.274 0.006 6.59 326.0
2458576.88159 16.262 0.007 7.79 305.0
2458576.92474 16.265 0.011 6.67 1642.0
2458577.79967 16.276 0.007 6.37 388.0
2458577.84416 16.266 0.007 6.50 377.0
2458577.91623 16.264 0.007 7.09 481.0
2458578.73974 16.267 0.006 5.46 369.0
2458578.78823 16.271 0.005 4.39 338.0
2458578.82830 16.263 0.006 5.36 379.0
2458578.89560 16.273 0.006 5.64 329.0
2458579.71711 16.276 0.007 6.30 439.0
2458579.76625 16.267 0.006 5.68 435.0
2458579.80249 16.280 0.006 5.75 406.0
2458579.85989 16.272 0.006 5.75 429.0
2458579.90528 16.265 0.006 4.67 441.0
2458580.73850 16.288 0.006 6.33 382.0
2458580.77725 16.267 0.006 5.86 361.0
2458580.83392 16.285 0.006 5.96 357.0
2458580.87004 16.280 0.006 4.68 364.0
2458581.71675 16.275 0.006 5.61 383.0
2458581.78656 16.284 0.005 4.79 330.0
2458581.91453 16.278 0.006 4.46 474.0
2458582.74215 16.271 0.006 6.49 323.0
2458582.86271 16.276 0.006 5.64 368.0
2458583.71900 16.285 0.006 6.24 372.0
2458583.80341 16.269 0.005 5.18 327.0
2458584.69831 16.273 0.006 6.02 399.0
2458584.76613 16.273 0.005 4.89 306.0
2458584.91760 16.253 0.005 3.93 330.0
2458585.73766 16.284 0.006 6.37 345.0
2458585.84746 16.259 0.005 4.15 315.0
2458586.70511 16.269 0.006 6.14 344.0
2458586.78321 16.270 0.005 4.58 292.0
2458586.91170 16.274 0.005 4.64 304.0
2458587.71989 16.268 0.006 5.64 416.0
2458587.82544 16.256 0.006 5.43 347.0
2458588.70610 16.275 0.007 6.59 439.0
2458588.78598 16.256 0.005 4.15 315.0
2458588.91817 16.271 0.005 4.40 363.0
2458589.73444 16.279 0.006 4.68 521.0
2458589.84978 16.281 0.006 4.56 344.0
2458590.70459 16.275 0.006 4.91 599.0
2458590.77682 16.259 0.005 4.34 481.0
2458590.90655 16.261 0.005 4.34 391.0
2458591.72866 16.268 0.006 4.87 607.0
2458591.84374 16.258 0.005 3.79 500.0
2458592.79659 16.267 0.007 5.96 652.0
2458592.88078 16.263 0.007 4.99 694.0
2458593.75369 16.264 0.008 5.52 1472.0
2458593.89843 16.269 0.006 4.78 716.0
2458594.70426 16.269 0.007 5.47 741.0
2458594.79627 16.260 0.006 5.12 545.0
2458594.91558 16.254 0.006 4.14 675.0
2458595.72100 16.250 0.008 6.60 735.0
2458599.70488 16.289 0.008 7.09 507.0
2458599.76152 16.276 0.006 6.15 485.0
2458599.81617 16.260 0.005 4.87 365.0
2458599.89677 16.273 0.005 4.74 388.0
2458600.66410 16.271 0.008 7.95 372.0
2458600.73243 16.278 0.005 4.56 358.0
2458600.89121 16.266 0.005 4.18 411.0
2458601.69352 16.259 0.005 4.84 339.0
2458601.84729 16.261 0.005 4.19 370.0
2458602.69202 16.264 0.005 4.37 306.0
2458602.80590 16.267 0.005 4.30 331.0
2458603.66367 16.270 0.006 6.10 345.0
2458603.75791 16.268 0.005 4.04 289.0
2458603.90969 16.268 0.005 4.11 396.0
2458604.76474 16.268 0.006 5.10 320.0
2458604.91285 16.273 0.006 6.06 364.0
2458605.70683 16.271 0.006 5.76 344.0
2458605.87286 16.280 0.006 4.91 360.0
2458606.68511 16.276 0.005 4.51 335.0
2458606.80253 16.252 0.005 3.44 316.0
2458607.66057 16.245 0.006 6.23 368.0
2458607.73118 16.266 0.005 5.01 311.0
2458607.87231 16.258 0.006 4.78 391.0
2458608.66765 16.270 0.006 5.37 530.0
2458608.85026 16.270 0.005 3.95 380.0
2458612.73254 16.264 0.006 6.10 284.0
2458612.80949 16.275 0.007 6.67 343.0
2458613.63440 16.233 0.007 7.22 437.0
2458613.70660 16.264 0.006 5.56 335.0
2458613.85912 16.247 0.005 4.03 404.0
2458614.65596 16.270 0.007 6.03 450.0
2458614.74238 16.269 0.007 6.08 395.0
2458614.90027 16.249 0.006 5.25 493.0
2458615.70904 16.273 0.006 5.99 390.0
2458615.85720 16.251 0.005 4.34 322.0
2458616.65156 16.260 0.005 4.74 418.0
2458616.77054 16.260 0.005 3.62 351.0
2458616.91918 16.265 0.005 3.89 476.0
2458617.67881 16.266 0.006 4.91 421.0
2458617.82044 16.262 0.005 4.05 368.0
2458618.64168 16.275 0.006 5.71 482.0
2458618.75400 16.253 0.006 5.04 450.0
2458618.90557 16.254 0.007 5.77 548.0
2458619.66860 16.264 0.006 5.76 462.0
2458619.80437 16.259 0.006 4.98 640.0
2458620.64131 16.282 0.007 6.54 536.0
2458620.74250 16.260 0.005 4.38 447.0
2458620.91436 16.263 0.006 5.18 452.0
2458621.76687 16.253 0.007 5.98 688.0
2458621.89764 16.253 0.007 4.88 764.0
2458626.63284 16.275 0.008 6.31 588.0
2458626.68232 16.272 0.008 6.88 548.0
2458626.73274 16.267 0.007 6.01 513.0
2458626.79312 16.260 0.006 4.46 546.0
2458626.84789 16.256 0.007 5.50 583.0
2458626.89807 16.265 0.006 4.64 631.0
2458627.60693 16.269 0.006 5.41 537.0
2458627.68671 16.258 0.005 4.87 338.0
2458627.75963 16.242 0.005 4.43 510.0
2458635.66824 16.261 0.005 4.77 296.0
2458635.78719 16.250 0.006 5.20 333.0
2458635.92008 16.261 0.007 6.86 438.0
2458636.60749 16.247 0.006 5.97 349.0
2458636.74189 16.242 0.005 4.40 289.0
2458636.87703 16.250 0.005 4.28 361.0
2458637.59172 16.265 0.005 5.47 350.0
2458637.70047 16.262 0.005 4.60 306.0
2458637.83990 16.261 0.005 4.21 386.0
2458638.64526 16.256 0.005 5.28 309.0
2458638.81069 16.263 0.005 4.26 313.0
2458639.65781 16.251 0.005 4.28 384.0
2458639.80290 16.265 0.004 4.32 392.0
2458640.59092 16.283 0.006 6.55 381.0
2458640.70580 16.260 0.005 4.28 330.0
2458640.85008 16.269 0.006 5.62 374.0
2458641.61412 16.273 0.006 5.41 418.0
2458642.56797 16.271 0.008 7.16 543.0
2458642.78779 16.255 0.006 4.38 474.0
2458642.89983 16.272 0.006 4.66 519.0
2458643.58929 16.276 0.005 4.85 370.0
2458643.70747 16.257 0.005 4.13 339.0
2458643.83220 16.248 0.005 4.37 336.0
2458644.54845 16.272 0.007 6.99 492.0
2458644.61612 16.279 0.006 5.82 359.0
2458644.74827 16.263 0.005 4.56 350.0
2458644.85969 16.260 0.005 4.22 387.0
2458645.64208 16.258 0.005 4.97 387.0
2458646.59561 16.278 0.007 6.49 437.0
2458646.66920 16.255 0.006 5.39 345.0
2458646.77752 16.255 0.005 4.74 330.0
2458646.88381 16.257 0.008 7.40 473.0
2458647.63104 16.258 0.006 5.71 448.0
2458647.74609 16.267 0.006 5.19 427.0
2458647.84982 16.265 0.007 6.60 407.0
2458648.63588 16.277 0.007 5.94 509.0
2458648.75367 16.258 0.007 5.62 512.0
2458648.86665 16.255 0.006 5.77 491.0
2458649.60414 16.269 0.008 6.09 693.0
2458649.70456 16.250 0.008 6.59 586.0
2458655.61841 16.253 0.005 4.42 607.0
2458655.75169 16.266 0.007 5.58 819.0
2458656.62922 16.258 0.005 5.10 445.0
2458656.71562 16.264 0.006 5.98 411.0
2458656.85190 16.262 0.007 6.43 479.0
2458657.55826 16.258 0.005 5.19 361.0
2458657.66930 16.247 0.005 4.31 329.0
2458657.79098 16.265 0.005 4.51 306.0
2458657.89327 16.267 0.005 4.75 424.0
2458658.67026 16.266 0.004 4.38 361.0
2458660.56331 16.263 0.006 5.56 309.0
2458660.71331 16.255 0.005 5.06 283.0
2458660.85072 16.267 0.006 5.32 454.0
2458661.55509 16.267 0.006 6.02 347.0
2458662.55665 16.270 0.008 7.58 398.0
2458662.63539 16.271 0.006 5.72 314.0
2458664.52092 16.268 0.006 6.14 341.0
2458664.61375 16.261 0.005 5.00 236.0
2458664.74644 16.255 0.005 4.37 321.0
2458665.57237 16.253 0.006 6.12 411.0
2458666.52440 16.253 0.007 6.58 490.0
2458666.64407 16.278 0.006 5.51 312.0
2458666.80882 16.253 0.007 7.02 296.0
2458667.54821 16.283 0.007 6.65 475.0
2458667.67509 16.269 0.006 5.36 336.0
2458667.80389 16.264 0.005 5.02 321.0
2458668.52908 16.281 0.007 7.62 343.0
2458668.67352 16.275 0.005 5.22 262.0
2458668.80256 16.279 0.005 4.52 272.0
2458669.51292 16.247 0.007 7.36 443.0
2458669.62106 16.267 0.006 4.98 373.0
2458669.77199 16.264 0.005 4.54 317.0
2458670.48830 16.269 0.007 6.97 432.0
2458670.57150 16.266 0.005 4.32 333.0
2458670.72198 16.271 0.005 4.17 248.0
2458671.66175 16.251 0.007 7.40 286.0
2458673.58856 16.258 0.006 4.85 399.0
2458673.71779 16.264 0.005 4.40 300.0
2458674.56955 16.263 0.006 6.13 330.0
2458674.64170 16.259 0.006 5.52 294.0
2458674.77679 16.257 0.006 6.04 368.0
2458675.61789 16.275 0.006 4.68 591.0
2458675.82148 16.260 0.006 5.29 361.0
2458676.48553 16.280 0.007 6.14 637.0
2458676.56290 16.262 0.006 4.79 490.0
2458676.73606 16.270 0.006 4.81 461.0
2458676.81230 16.263 0.006 5.58 542.0
2458677.61599 16.273 0.006 4.77 558.0
2458681.49098 16.283 0.009 6.82 1028.0
2458681.56760 16.243 0.008 5.72 898.0
2458681.64906 16.267 0.007 5.25 813.0
2458682.48547 16.252 0.007 6.05 734.0
2458682.56220 16.271 0.007 5.42 596.0
2458682.77549 16.259 0.006 5.07 625.0
2458683.48654 16.269 0.007 7.04 403.0
2458683.57121 16.284 0.007 6.06 472.0
2458683.74677 16.260 0.006 5.45 469.0
2458684.49302 16.292 0.007 6.34 404.0
2458684.57290 16.294 0.007 5.63 621.0
2458684.72851 16.256 0.005 4.82 383.0
2458685.49757 16.291 0.007 6.76 387.0
2458685.64238 16.269 0.006 4.93 415.0
2458688.55082 16.276 0.008 7.39 346.0
2458688.64723 16.268 0.006 5.51 261.0
2458689.49811 16.270 0.007 6.83 382.0
2458689.58379 16.264 0.006 6.05 308.0
2458689.69536 16.256 0.006 5.86 269.0
2458690.48665 16.268 0.007 5.94 402.0
2458690.58072 16.253 0.006 5.67 336.0
2458690.72192 16.264 0.005 4.53 288.0
2458691.48450 16.250 0.005 4.18 397.0
2458691.56062 16.271 0.005 4.42 264.0
2458691.74826 16.253 0.006 5.28 351.0
2458692.48667 16.240 0.006 5.65 443.0
2458692.57399 16.254 0.005 5.38 435.0
2458692.68705 16.249 0.005 4.59 341.0
2458693.48591 16.274 0.007 7.33 354.0
2458693.62062 16.259 0.006 6.49 287.0
2458693.76851 16.258 0.007 6.54 366.0
2458694.48933 16.266 0.006 5.10 360.0
2458694.56833 16.255 0.005 4.60 321.0
2458694.64784 16.240 0.005 4.57 273.0
2458695.48920 16.264 0.005 5.03 360.0
2458695.72496 16.264 0.005 4.15 292.0
2458695.77808 16.249 0.005 4.85 341.0
2458697.55767 16.247 0.007 7.40 323.0
2458698.48878 16.276 0.006 5.42 301.0
2458698.71882 16.239 0.005 3.93 288.0
2458698.76490 16.250 0.005 4.17 318.0
2458699.49172 16.277 0.006 5.60 366.0
2458699.71825 16.237 0.005 4.17 313.0
2458699.76426 16.252 0.006 5.32 330.0
2458700.49130 16.246 0.005 4.35 341.0
2458700.72858 16.251 0.006 4.85 344.0
2458700.76548 16.262 0.006 4.88 395.0
2458701.49143 16.259 0.006 5.84 366.0
2458701.64806 16.254 0.005 4.74 342.0
2458702.49166 16.274 0.006 5.71 347.0
2458702.60508 16.278 0.006 5.55 296.0
2458702.75855 16.252 0.005 4.98 328.0
2458703.49185 16.254 0.007 5.91 424.0
2458704.54881 16.257 0.007 6.36 530.0
2458704.68079 16.271 0.007 6.10 500.0
2458708.59851 16.263 0.005 4.04 577.0
2458709.55161 16.277 0.007 4.15 1951.0
2458710.49222 16.248 0.006 4.89 612.0
2458711.49034 16.268 0.008 5.40 1271.0
2458711.60313 16.262 0.007 5.33 918.0
2458711.72994 16.260 0.010 6.84 1092.0
2458712.50702 16.261 0.007 6.54 475.0
2458712.62484 16.268 0.007 6.64 423.0
2458713.49149 16.263 0.006 6.04 342.0
2458713.61788 16.276 0.006 5.54 400.0
2458713.73305 16.256 0.007 6.10 473.0
2458714.49373 16.273 0.007 6.72 347.0
2458714.64450 16.259 0.006 5.07 595.0
2458715.50942 16.256 0.006 6.24 325.0
2458715.64896 16.251 0.005 4.17 307.0
2458716.50721 16.267 0.005 4.25 301.0
2458716.72666 16.275 0.006 5.25 429.0
2458717.49260 16.275 0.007 6.79 326.0
2458717.62948 16.266 0.006 6.26 305.0
2458718.50804 16.266 0.005 4.05 327.0
2458718.64420 16.265 0.005 4.41 305.0
2458719.48981 16.291 0.008 7.30 352.0
2458719.58092 16.257 0.005 4.96 332.0
2458719.69051 16.269 0.006 6.98 362.0
2458721.49983 16.267 0.006 5.98 306.0
2458721.68698 16.259 0.006 5.42 322.0
2458722.49460 16.266 0.005 4.79 345.0
2458722.69585 16.256 0.006 6.16 298.0
2458723.60012 16.261 0.005 4.97 380.0
2458723.64030 16.259 0.005 4.93 369.0
2458724.50404 16.272 0.005 4.73 321.0
2458724.64122 16.268 0.005 4.24 300.0
2458725.50823 16.268 0.006 5.24 393.0
2458725.59374 16.267 0.006 5.50 296.0
2458726.58212 16.255 0.006 5.37 287.0
2458726.63515 16.255 0.005 4.39 255.0
2458727.53229 16.273 0.007 6.21 342.0
2458727.61704 16.239 0.006 5.74 382.0
2458728.59719 16.249 0.005 4.77 334.0
2458728.63684 16.249 0.006 4.69 324.0
2458729.49795 16.240 0.006 5.83 316.0
2458729.63527 16.277 0.006 4.97 333.0
2458730.58233 16.255 0.006 5.92 314.0
2458730.62251 16.259 0.006 5.45 308.0
2458731.53378 16.261 0.007 7.39 331.0
2458731.60011 16.261 0.007 6.92 356.0
2458736.60909 16.248 0.008 6.75 574.0
2458737.62058 16.274 0.008 7.09 599.0
2458738.58958 16.249 0.007 6.00 598.0
2458739.50424 16.279 0.007 6.41 484.0
2458740.54755 16.254 0.007 6.47 505.0
2458741.60148 16.248 0.006 5.55 478.0
2458742.60037 16.249 0.006 4.70 487.0
2458746.58715 16.266 0.007 7.22 329.0
2458747.54428 16.249 0.006 6.69 296.0
2458748.58721 16.255 0.007 6.15 392.0
2458750.58580 16.256 0.006 5.34 355.0
2458752.58751 16.262 0.006 6.24 362.0
2458754.58617 16.235 0.006 5.80 407.0
2458755.58899 16.253 0.005 4.32 358.0
2458757.57662 16.253 0.006 6.06 338.0
2458759.60098 16.266 0.008 7.66 432.0
2458763.56184 16.268 0.006 5.01 587.0
2458766.58460 16.273 0.009 6.98 800.0
2458783.51835 16.276 0.006 4.69 446.0
2458783.55350 16.276 0.007 5.87 440.0
2458899.89021 16.267 0.006 5.75 539.0
2458901.83716 16.268 0.005 5.69 338.0
2458902.83273 16.259 0.006 5.62 346.0
2458903.83409 16.262 0.006 6.55 413.0
2458903.89801 16.253 0.006 4.98 776.0
2458904.88863 16.256 0.005 5.06 307.0
2458905.88086 16.262 0.006 5.21 314.0
2458906.89511 16.273 0.007 5.37 537.0
2458907.89142 16.267 0.005 4.27 390.0
2458908.88573 16.264 0.006 5.96 357.0
2458909.85342 16.250 0.005 4.71 293.0
2458909.88836 16.257 0.005 4.85 317.0
2458910.87430 16.265 0.007 7.28 384.0
2458911.82280 16.277 0.006 5.54 352.0
2458911.86510 16.263 0.006 6.22 330.0
2458911.89960 16.299 0.008 5.87 857.0
2458912.83742 16.273 0.005 5.17 346.0
2458912.87198 16.259 0.005 5.46 318.0
2458913.80822 16.289 0.008 7.78 395.0
2458913.84297 16.257 0.006 6.21 336.0
2458913.88544 16.247 0.006 6.89 330.0
2458914.84991 16.276 0.006 5.71 354.0
2458914.89205 16.261 0.005 5.61 360.0
2458915.83005 16.275 0.006 6.26 400.0
2458915.87287 16.259 0.005 5.14 304.0
2458915.90736 16.279 0.007 5.36 1089.0
2458916.83239 16.272 0.006 5.27 517.0
2458916.86798 16.246 0.005 4.52 438.0
2458917.80155 16.252 0.006 5.46 778.0
2458917.83600 16.254 0.006 4.88 651.0
2458917.88167 16.263 0.006 4.55 624.0
2458918.81226 16.255 0.006 5.23 719.0
2458918.85484 16.254 0.006 4.58 769.0
2458918.89004 16.281 0.006 4.96 508.0
2458919.80482 16.229 0.008 7.00 662.0
2458919.83930 16.260 0.006 5.02 560.0
2458919.88236 16.256 0.005 4.76 479.0
2458920.79551 16.243 0.007 6.12 652.0
2458920.83861 16.273 0.006 5.02 547.0
2458920.87774 16.251 0.005 4.38 492.0
2458921.78403 16.260 0.006 5.57 645.0
2458921.81908 16.272 0.006 4.92 550.0
2458921.86370 16.253 0.005 4.42 509.0
2458921.89993 16.251 0.005 4.14 553.0
2458923.78362 16.246 0.009 5.37 1912.0
2458923.80917 16.266 0.010 5.33 2049.0
2458923.82751 16.255 0.009 4.88 2106.0
2458923.83820 16.268 0.009 4.88 2160.0
2458923.85940 16.263 0.008 4.38 2321.0
2459795.59451 16.281 0.006 5.93 299.0
2459795.63275 16.273 0.005 5.04 286.0
2459795.67749 16.277 0.006 6.83 322.0
2459795.71434 16.264 0.006 6.63 354.0
2459795.75602 16.246 0.007 7.38 442.0
2459796.53359 16.235 0.006 6.54 358.0
2459796.65635 16.251 0.005 5.65 317.0
2459796.70134 16.254 0.006 5.95 308.0
2459796.73743 16.256 0.006 5.93 311.0
2459797.57746 16.257 0.008 7.25 413.0
2459797.61248 16.264 0.007 6.13 407.0
2459797.65609 16.228 0.006 5.96 370.0
2459797.70463 16.260 0.006 5.17 446.0
2459797.75527 16.263 0.006 5.47 368.0
2459798.50892 16.277 0.010 7.91 682.0
2459798.70312 16.265 0.009 7.61 832.0
2459798.73696 16.238 0.010 7.96 838.0
2459804.51775 16.251 0.006 4.74 560.0
2459804.55453 16.248 0.006 5.37 507.0
2459804.59852 16.285 0.006 5.85 533.0
2459804.63448 16.275 0.007 6.12 569.0
2459804.68185 16.266 0.007 5.93 741.0
2459804.71705 16.239 0.010 8.21 712.0
2459805.54192 16.269 0.007 5.57 592.0
2459805.57872 16.266 0.006 5.07 505.0
2459805.62163 16.270 0.006 4.98 463.0
2459805.65602 16.267 0.006 4.74 494.0
2459805.69863 16.249 0.006 5.47 519.0
2459805.73320 16.259 0.007 5.83 565.0
2459806.59615 16.276 0.007 6.46 522.0
2459806.63952 16.263 0.007 6.42 417.0
2459806.68509 16.242 0.007 5.83 458.0
2459806.74047 16.242 0.007 5.66 538.0
2459807.51272 16.260 0.006 5.78 327.0
2459807.55743 16.250 0.005 5.54 319.0
2459807.62549 16.251 0.006 5.74 349.0
2459807.68266 16.267 0.005 5.32 366.0
2459807.72577 16.255 0.006 6.13 404.0
2459808.48899 16.280 0.007 6.93 349.0
2459808.54280 16.255 0.006 6.08 307.0
2459808.63651 16.244 0.006 6.06 286.0
2459808.68154 16.229 0.006 5.88 369.0
2459808.71977 16.247 0.006 5.09 379.0
2459809.58066 16.271 0.007 6.72 299.0
2459809.61573 16.275 0.006 5.61 286.0
2459809.66178 16.257 0.006 5.41 301.0
2459810.48878 16.254 0.005 4.99 307.0
2459810.55390 16.251 0.005 4.40 291.0
2459810.68254 16.254 0.005 4.98 293.0
2459811.49561 16.273 0.007 6.42 310.0
2459811.53212 16.258 0.006 6.14 285.0
2459811.68087 16.247 0.005 4.17 300.0
2459811.71906 16.261 0.005 4.01 332.0
2459812.50244 16.270 0.006 6.04 307.0
2459812.54588 16.294 0.007 6.95 294.0
2459812.70389 16.238 0.005 4.60 298.0
2459813.49351 16.285 0.008 7.41 343.0
2459813.67456 16.226 0.006 6.06 300.0
2459813.71129 16.266 0.006 5.29 295.0
2459814.50364 16.263 0.005 5.43 326.0
2459814.55938 16.264 0.006 5.68 300.0
2459814.60227 16.268 0.006 5.77 308.0
2459814.69525 16.261 0.007 6.64 364.0
2459815.49004 16.265 0.005 4.79 342.0
2459815.54621 16.251 0.006 5.50 325.0
2459815.58909 16.267 0.006 5.62 326.0
2459815.70894 16.246 0.005 4.59 343.0
2459816.51016 16.242 0.006 5.64 332.0
2459816.54784 16.256 0.006 6.36 327.0
2459816.59170 16.271 0.005 5.33 313.0
2459817.49735 16.254 0.006 5.91 379.0
2459817.54649 16.276 0.005 4.86 357.0
2459817.61097 16.246 0.005 5.06 342.0
2459817.65770 16.270 0.005 5.56 369.0
2459818.53879 16.275 0.008 7.63 388.0
2459818.58626 16.234 0.007 7.16 402.0
2459819.50981 16.252 0.005 4.21 420.0
2459819.57899 16.260 0.005 4.94 357.0
2459820.48566 16.269 0.007 6.39 467.0
2459820.53340 16.270 0.006 6.73 363.0
2459820.67616 16.255 0.005 4.66 348.0
2459821.50952 16.274 0.006 6.00 329.0
2459821.55707 16.265 0.005 5.09 293.0
2459822.48484 16.262 0.007 5.88 535.0
2459822.59321 16.266 0.006 6.17 347.0
2459823.59452 16.270 0.007 6.71 394.0
2459823.68340 16.250 0.007 7.69 417.0
2459824.55958 16.263 0.008 7.37 476.0
2459824.67253 16.264 0.005 4.97 379.0
2459825.65067 16.267 0.007 6.77 508.0
2459829.62738 16.251 0.010 8.05 854.0
2459830.64182 16.227 0.008 6.59 784.0
2459831.50320 16.250 0.007 6.42 629.0
2459831.56349 16.259 0.007 6.15 618.0
2459831.61999 16.237 0.007 6.03 699.0
2459832.51377 16.253 0.008 6.97 634.0
2459832.56102 16.252 0.008 7.34 651.0
2459834.50515 16.256 0.006 5.33 456.0
2459834.55758 16.251 0.006 5.75 543.0
2459834.60615 16.249 0.006 5.71 580.0
2459834.65751 16.262 0.006 5.46 628.0
2459835.58578 16.245 0.007 6.12 488.0
2459835.63311 16.235 0.006 5.81 463.0
2459836.58668 16.242 0.008 8.08 428.0
2459837.64001 16.266 0.005 4.80 485.0
2459838.53078 16.279 0.006 5.41 378.0
2459838.59101 16.250 0.006 5.83 408.0
2459840.48683 16.271 0.007 6.11 629.0
2459840.53391 16.265 0.006 6.98 342.0
2459840.58136 16.269 0.007 6.90 371.0
2459841.49724 16.251 0.007 6.83 460.0
2459841.54593 16.270 0.006 5.64 400.0
2459841.59287 16.240 0.007 6.64 445.0
2459843.54940 16.246 0.007 7.54 394.0
2459843.59852 16.268 0.007 6.27 392.0
2459844.53381 16.281 0.007 6.53 391.0
2459844.58149 16.254 0.006 5.72 406.0
2459845.49225 16.267 0.008 7.04 459.0
2459845.54034 16.240 0.006 5.57 344.0
2459845.58969 16.252 0.005 5.27 366.0
2459846.58134 16.289 0.007 6.10 395.0
2459848.51888 16.277 0.007 6.91 421.0
2459848.56589 16.254 0.006 5.71 463.0
2459848.61465 16.256 0.006 5.26 446.0
2459850.54405 16.254 0.006 6.08 391.0
2459850.59177 16.232 0.005 4.88 391.0
2459851.59491 16.217 0.007 6.95 420.0
2459852.51215 16.264 0.007 7.38 407.0
2459852.56149 16.240 0.006 5.45 418.0
2459852.60985 16.263 0.006 5.16 464.0
2459856.58614 16.214 0.008 6.65 871.0
2459857.57329 16.268 0.009 7.00 797.0
2459859.51989 16.260 0.005 4.85 609.0
2459859.57397 16.260 0.006 4.91 695.0
2459860.50869 16.221 0.008 6.90 676.0
2459860.56070 16.234 0.007 5.58 758.0
2459860.59616 16.258 0.008 5.80 864.0
2459862.55180 16.270 0.008 6.04 772.0
2459863.53416 16.248 0.006 5.15 627.0
2459864.52995 16.227 0.006 5.38 566.0
2459865.50849 16.258 0.008 7.41 527.0
2459866.51557 16.242 0.006 4.72 569.0
2459867.50148 16.258 0.007 5.19 727.0
2459868.52337 16.239 0.007 5.39 519.0
2459869.53077 16.284 0.006 5.03 454.0
2459875.51408 16.242 0.007 5.80 541.0
2459993.85147 16.267 0.007 6.91 460.0
2459997.84636 16.275 0.006 5.85 462.0
2460001.85410 16.275 0.005 4.72 450.0
2460005.85186 16.261 0.005 4.89 457.0
2460009.82787 16.270 0.006 4.91 644.0
2460013.86625 16.269 0.005 3.80 455.0
2460016.81661 16.267 0.006 5.20 664.0
2460022.78848 16.258 0.005 5.15 333.0
2460024.91083 16.278 0.006 4.52 680.0
2460027.87199 16.288 0.006 5.77 347.0
2460030.76918 16.271 0.005 5.05 316.0
2460032.78662 16.295 0.005 4.45 340.0
2460034.81686 16.273 0.005 5.85 330.0
2460037.76779 16.283 0.005 4.95 441.0
2460039.88774 16.266 0.005 4.34 425.0
2460041.91490 16.275 0.006 5.45 609.0
2460043.88807 16.274 0.006 4.23 816.0
2460043.90107 16.258 0.006 4.70 616.0
2460049.86075 16.267 0.005 4.63 342.0
2460052.83856 16.272 0.005 4.88 357.0
2460056.73213 16.277 0.006 6.58 372.0
2460058.80710 16.258 0.005 5.27 363.0
2460060.79850 16.265 0.005 4.40 382.0
2460062.85768 16.263 0.005 4.76 358.0
2460066.74199 16.250 0.005 5.20 411.0
2460068.75601 16.246 0.006 5.18 528.0
2460070.72452 16.263 0.009 6.33 1096.0
2460076.66590 16.265 0.006 6.22 394.0
2460085.70295 16.275 0.007 5.74 356.0
2460089.67717 16.263 0.006 4.95 430.0
2460091.76074 16.273 0.006 4.50 440.0
2460093.90620 16.258 0.007 6.96 557.0
2460095.90916 16.246 0.007 6.49 472.0
2460097.60655 16.268 0.007 5.28 702.0
2460098.73396 16.267 0.008 5.21 1001.0
2460104.91418 16.267 0.008 6.28 709.0
2460106.74270 16.268 0.006 5.80 326.0
2460108.60632 16.277 0.006 5.40 331.0
2460110.53619 16.259 0.007 6.51 496.0
2460111.77119 16.270 0.006 4.84 357.0
2460113.53034 16.269 0.007 5.58 523.0
2460114.88662 16.260 0.009 7.27 603.0
2460120.51311 16.277 0.007 5.89 418.0
2460121.71665 16.268 0.007 5.66 418.0
2460123.62840 16.255 0.006 5.47 384.0
2460124.85280 16.261 0.006 4.78 573.0
2460130.49611 16.278 0.010 7.08 1142.0
2460131.76053 16.261 0.007 5.23 876.0
2460134.48093 16.267 0.007 6.29 615.0
2460139.69076 16.264 0.006 4.70 321.0
2460141.62521 16.273 0.007 5.89 319.0
2460143.65127 16.257 0.006 4.79 327.0
2460149.54514 16.268 0.006 4.91 394.0
2460153.48760 16.271 0.008 6.84 614.0
2460153.74944 16.268 0.007 5.24 844.0
2460158.71287 16.265 0.007 5.37 927.0
2460160.65477 16.243 0.007 5.35 469.0
2460165.65750 16.251 0.007 6.26 322.0
2460169.52746 16.258 0.007 6.42 312.0
2460171.54429 16.266 0.005 4.81 319.0
2460174.50153 16.252 0.008 7.03 401.0
2460178.66907 16.255 0.007 6.51 386.0
2460180.70537 16.253 0.008 6.77 530.0
2460186.64401 16.254 0.008 5.70 785.0
2460192.67210 16.237 0.008 7.71 565.0
2460202.55604 16.285 0.006 5.37 352.0
2460204.63022 16.250 0.007 5.30 424.0
2460213.60594 16.268 0.009 6.64 686.0
2460218.60436 16.265 0.010 7.74 695.0
2460226.56450 16.260 0.007 6.01 483.0
2460229.56366 16.244 0.008 6.48 538.0
2460243.52705 16.242 0.008 5.64 734.0
2460255.50695 16.276 0.011 6.86 1113.0
2460357.88249 16.274 0.007 6.46 498.0
2460368.86581 16.259 0.006 4.53 504.0
2460376.87093 16.255 0.007 5.53 511.0
2460379.85363 16.261 0.006 4.75 398.0
2460382.88581 16.262 0.006 5.56 391.0
2460385.82226 16.266 0.006 5.38 376.0
2460388.81541 16.261 0.007 6.29 397.0
2460391.84564 16.265 0.006 5.11 420.0
2460393.91417 16.266 0.007 4.92 890.0
2460396.76210 16.251 0.007 5.57 699.0
2460398.84389 16.274 0.006 4.62 579.0
2460404.80094 16.276 0.006 5.58 379.0
2460406.91989 16.273 0.007 5.87 614.0
2460411.73912 16.258 0.006 5.72 406.0
2460418.72521 16.272 0.007 6.16 441.0
2460423.71646 16.273 0.008 6.93 623.0
2460425.74976 16.258 0.007 5.59 616.0
2460432.92806 16.259 0.006 5.01 584.0
2460435.77705 16.265 0.006 5.71 358.0
2460440.73892 16.248 0.007 6.50 479.0
2460448.79695 16.269 0.006 5.41 410.0
2460450.69269 16.263 0.006 5.58 431.0
2460458.84153 16.254 0.006 4.29 428.0
2460461.68884 16.271 0.005 4.11 454.0
2460463.85412 16.269 0.006 4.72 388.0
2460466.76701 16.259 0.005 4.87 405.0
2460467.91982 16.266 0.008 6.44 739.0
2460473.65941 16.271 0.006 5.89 385.0
2460477.64732 16.261 0.006 5.42 511.0
2460479.64797 16.280 0.008 6.57 489.0
2460485.84971 16.273 0.009 6.64 823.0
2460488.59891 16.269 0.006 5.78 352.0
2460491.53638 16.282 0.006 4.87 336.0
2460492.83910 16.265 0.006 5.75 442.0
2460494.75932 16.268 0.006 5.31 323.0
2460496.66316 16.261 0.007 6.55 469.0
2460498.48978 16.273 0.006 5.98 442.0
2460499.83125 16.262 0.006 5.52 338.0
2460501.78852 16.257 0.006 5.80 377.0
2460504.51825 16.269 0.008 6.85 388.0
2460505.77240 16.250 0.007 7.05 340.0
2460513.58111 16.274 0.008 5.89 857.0
2460516.62459 16.272 0.007 6.94 364.0
2460518.62845 16.268 0.006 5.68 373.0
2460521.53511 16.264 0.006 5.34 328.0
2460530.58555 16.281 0.007 6.53 356.0
2460533.70376 16.257 0.006 5.85 299.0
2460542.62594 16.269 0.008 6.05 712.0
2460545.70062 16.262 0.008 6.70 493.0
2460550.64657 16.270 0.008 7.59 381.0
2460556.61970 16.277 0.008 7.07 416.0
2460560.49404 16.259 0.006 4.96 413.0
2460562.57484 16.258 0.007 5.48 486.0
2460569.55725 16.263 0.007 5.38 632.0
2460573.47906 16.289 0.010 6.68 1070.0
2460576.56591 16.249 0.007 6.70 409.0
2460581.55781 16.241 0.006 5.61 404.0
2460596.55398 16.269 0.008 5.66 879.0
2460597.56528 16.257 0.007 5.61 768.0
2460598.53631 16.259 0.008 5.99 733.0
2460599.55123 16.265 0.006 4.89 716.0
2460600.53834 16.246 0.007 5.29 923.0
2460601.55100 16.249 0.007 5.11 858.0
2460610.53560 16.251 0.007 5.25 592.0
2460718.88444 16.269 0.008 6.20 775.0
2460726.85253 16.264 0.006 5.74 512.0
2460735.85452 16.255 0.006 5.90 390.0
2460738.84555 16.274 0.006 6.08 391.0
2460741.84556 16.258 0.007 6.43 353.0
2460743.88833 16.270 0.005 5.14 352.0
2460746.89489 16.261 0.006 6.13 390.0
2460749.80616 16.249 0.006 5.27 665.0
2460751.83791 16.281 0.006 5.57 521.0
2460753.80447 16.254 0.006 5.02 634.0
2460761.78068 16.248 0.006 6.12 390.0
2460763.77775 16.243 0.006 5.58 406.0
2460765.78325 16.257 0.006 4.74 351.0
2460767.78540 16.239 0.006 5.40 365.0
2460769.78001 16.241 0.005 4.61 425.0
2460771.81058 16.235 0.006 6.11 351.0
2460773.75696 16.215 0.006 5.71 448.0
2460775.81795 16.244 0.007 5.74 442.0
2460778.75045 16.215 0.007 5.54 694.0
2460780.74863 16.221 0.008 6.87 686.0
2460786.80698 16.204 0.006 6.23 444.0
2460788.73971 16.202 0.006 5.71 356.0
2460789.87705 16.206 0.005 4.66 362.0
2460791.71315 16.184 0.005 5.23 363.0
2460792.87877 16.187 0.005 5.12 384.0
2460794.70430 16.189 0.006 6.18 335.0
2460795.90743 16.173 0.006 6.19 372.0
2460798.76284 16.130 0.005 5.35 331.0
2460799.88343 16.136 0.006 5.13 446.0
2460801.68879 16.114 0.006 5.96 401.0
2460805.69576 16.074 0.006 6.30 533.0
2460806.80471 16.051 0.006 5.60 531.0
2460807.90288 16.036 0.006 4.89 733.0
2460808.90876 16.012 0.006 4.67 1047.0
2460813.92603 15.870 0.005 4.94 699.0
2460815.76892 15.853 0.004 4.55 348.0
2460817.64038 15.931 0.004 5.63 332.0
2460818.75890 15.899 0.004 4.93 324.0
2460819.86937 15.971 0.005 4.82 412.0
2460821.64660 16.011 0.006 6.62 370.0
2460822.91599 16.024 0.006 6.66 483.0
2460824.61907 16.051 0.006 6.43 377.0
2460825.65184 16.059 0.005 4.98 323.0
2460827.67460 16.090 0.005 4.52 314.0
2460828.75755 16.110 0.005 4.52 304.0
2460831.64295 16.133 0.006 6.68 450.0
2460832.77236 16.130 0.006 6.06 454.0
2460833.90406 16.141 0.007 6.36 551.0
2460835.66298 16.156 0.006 5.45 617.0
2460841.79980 16.188 0.007 5.67 660.0
2460843.76382 16.196 0.005 4.68 442.0
2460844.83073 16.207 0.007 6.82 478.0
2460846.56195 16.208 0.006 5.55 439.0
2460847.57278 16.215 0.007 5.98 440.0
2460848.58202 16.235 0.006 5.13 372.0
2460850.56168 16.217 0.007 6.51 454.0
2460851.56813 16.217 0.006 6.12 334.0
2460853.77001 16.217 0.006 5.41 362.0
2460854.79239 16.223 0.006 5.53 341.0
2460856.53344 16.232 0.006 6.21 376.0
2460857.84296 16.212 0.006 5.42 392.0
2460859.63861 16.242 0.005 4.69 319.0
2460860.65043 16.232 0.005 4.83 340.0
2460861.79318 16.211 0.006 6.65 402.0
2460868.58227 16.235 0.008 6.39 781.0
2460869.66407 16.249 0.007 6.86 506.0
2460870.83020 16.249 0.008 7.13 531.0
2460872.83031 16.223 0.007 6.77 510.0
2460874.60507 16.248 0.005 5.25 319.0
2460875.70563 16.241 0.005 4.72 328.0
2460877.54597 16.254 0.006 5.78 352.0
2460879.59604 16.255 0.005 5.68 296.0
2460880.80468 16.241 0.007 6.84 513.0
2460882.78990 16.242 0.007 6.83 481.0
2460886.56651 16.252 0.005 5.50 375.0
2460895.75076 16.251 0.010 7.37 1088.0
2460897.58917 16.281 0.008 5.58 1069.0
2460899.61064 16.255 0.005 4.61 361.0
2460901.49660 16.262 0.007 6.63 409.0
2460903.70094 16.247 0.007 7.50 385.0
2460911.55685 16.253 0.006 5.97 372.0
2460913.60313 16.257 0.005 4.67 313.0
2460915.57872 16.259 0.005 4.71 331.0
2460924.63992 16.275 0.009 7.57 745.0
2460925.52078 16.261 0.008 6.58 586.0
2460925.56785 16.267 0.007 6.22 609.0
2460925.61490 16.257 0.008 6.66 695.0
2460926.52141 16.277 0.008 7.09 625.0
2460926.56834 16.258 0.009 7.04 686.0
2460926.61948 16.250 0.009 7.11 750.0
2460927.51736 16.264 0.006 5.08 496.0
2460927.56475 16.265 0.007 6.82 533.0
2460927.61211 16.249 0.006 5.83 569.0
2460928.51962 16.266 0.006 4.78 367.0
2460928.56656 16.253 0.006 5.57 455.0
2460928.61391 16.249 0.007 5.88 525.0
2460929.54538 16.260 0.005 4.69 363.0
2460929.59226 16.249 0.006 4.87 430.0
2460929.63915 16.260 0.006 5.21 505.0
2460930.52215 16.262 0.005 4.83 402.0
2460930.56915 16.260 0.006 5.20 435.0
2460930.61600 16.258 0.007 6.12 505.0
2460931.53369 16.244 0.006 5.80 365.0
2460931.58583 16.227 0.006 6.11 395.0
2460932.55636 16.261 0.006 6.29 383.0
2460932.60352 16.115 0.007 7.92 407.0
2460933.54814 16.258 0.006 5.33 467.0
2460933.59571 16.266 0.006 5.42 544.0
2460934.54894 16.269 0.006 4.69 470.0
2460934.59716 16.259 0.006 5.12 491.0
2460936.64301 16.253 0.006 5.84 423.0
2460942.52687 16.250 0.006 5.54 326.0
2460944.57012 16.227 0.007 6.75 407.0
2460952.53802 16.275 0.009 7.63 615.0
2460956.56425 16.261 0.008 6.60 695.0
2460962.50625 16.246 0.008 6.20 601.0
2460969.49798 16.266 0.006 5.11 563.0
