2457911.63300 18.870 0.117 6.63 123.0
2457935.70207 19.055 0.074 4.24 57.0
2457936.66013 19.161 0.089 5.37 54.0
2457937.59979 18.918 0.087 5.38 73.0
2457938.56190 19.229 0.141 6.21 93.0
2457945.67941 18.978 0.077 3.92 102.0
2457946.59290 19.422 0.138 5.44 89.0
2457947.55691 19.464 0.156 6.57 77.0
2457948.51380 19.241 0.121 6.08 74.0
2457948.85003 19.162 0.119 5.24 106.0
2457952.74851 19.053 0.087 5.34 49.0
2457953.69155 19.238 0.077 4.29 42.0
2457954.69186 18.994 0.064 4.22 53.0
2457956.69475 19.156 0.074 3.85 54.0
2457959.62006 19.022 0.069 4.57 53.0
2457960.64543 19.165 0.083 4.98 41.0
2457961.71748 19.158 0.082 4.56 91.0
2457964.63360 19.144 0.087 4.33 64.0
2457966.68990 19.065 0.093 5.60 53.0
2457974.55189 19.159 0.122 5.64 99.0
2457979.53074 19.180 0.086 4.65 63.0
2457980.66576 18.948 0.117 6.35 86.0
2457982.59731 19.283 0.115 5.15 65.0
2457984.51278 19.190 0.121 6.29 76.0
2457985.62847 19.216 0.124 6.35 61.0
2457987.63650 19.009 0.067 3.53 70.0
2457991.55347 19.239 0.128 6.31 65.0
2457993.51711 19.037 0.095 5.71 73.0
2457994.64412 18.934 0.085 5.15 74.0
2458008.52593 19.139 0.095 4.86 66.0
2458012.56545 19.210 0.096 4.16 90.0
2458018.55813 19.049 0.076 4.08 67.0
2458036.53008 19.362 0.149 6.16 79.0
2458037.57214 19.230 0.146 5.61 94.0
2458213.80693 18.892 0.098 4.48 170.0
2458301.75813 18.839 0.098 5.96 102.0
2458316.55484 19.242 0.135 6.26 79.0
2458320.55744 19.201 0.107 5.27 78.0
2458328.55750 19.157 0.125 5.24 124.0
2458329.56382 18.956 0.108 5.76 108.0
2458330.57015 19.102 0.102 5.22 158.0
2458331.56555 19.313 0.090 4.75 53.0
2458332.56643 19.061 0.109 6.16 72.0
2458333.57339 19.101 0.082 4.94 66.0
2458334.59141 19.252 0.101 4.89 70.0
2458335.69614 19.184 0.134 6.92 79.0
2458336.57832 19.135 0.079 4.74 49.0
2458338.56378 18.924 0.092 6.20 62.0
2458339.57766 19.291 0.072 3.55 48.0
2458340.62132 19.042 0.069 3.95 55.0
2458341.59307 19.053 0.066 3.78 50.0
2458342.59510 19.126 0.091 4.54 64.0
2458344.56762 19.176 0.087 4.36 60.0
2458345.57917 19.183 0.095 4.23 73.0
2458346.59431 19.210 0.080 3.93 46.0
2458347.57787 19.089 0.070 3.81 46.0
2458348.60247 19.204 0.113 5.16 60.0
2458349.60177 19.126 0.116 5.90 78.0
2458356.54796 19.252 0.125 4.32 127.0
2458358.56581 19.009 0.092 4.11 97.0
2458363.59186 19.351 0.103 4.90 54.0
2458366.56488 19.222 0.082 3.89 58.0
2458368.62660 19.038 0.068 3.30 70.0
2458370.64553 19.118 0.088 4.19 68.0
2458373.49361 19.077 0.107 6.02 60.0
2458376.52442 19.007 0.108 6.19 72.0
2458392.49507 19.191 0.140 6.87 68.0
2458399.52631 18.869 0.105 6.79 68.0
2458411.54301 19.003 0.137 6.06 138.0
2458419.54399 19.399 0.145 4.75 104.0
2458582.76019 19.165 0.116 6.48 70.0
2458583.88262 19.238 0.085 4.43 72.0
2458585.83674 18.943 0.068 5.00 64.0
2459819.71558 19.238 0.098 4.76 97.0
2459997.89508 19.157 0.164 4.89 1166.0
2460002.88564 18.985 0.101 4.82 554.0
2460006.87698 19.106 0.080 4.50 332.0
2460010.86663 19.092 0.147 6.20 616.0
2460011.86472 19.073 0.117 5.37 555.0
2460014.89444 19.121 0.121 5.50 521.0
2460021.83100 19.001 0.078 4.66 310.0
2460024.82317 19.173 0.076 4.10 281.0
2460027.81832 18.949 0.092 6.07 311.0
2460029.89393 19.048 0.091 5.58 285.0
2460032.82223 19.037 0.073 4.71 250.0
2460034.86860 19.107 0.084 5.23 257.0
2460037.80951 19.057 0.088 4.79 352.0
2460040.78449 19.065 0.109 5.02 618.0
2460042.82401 19.100 0.097 4.78 462.0
2460048.87660 19.085 0.073 4.23 319.0
2460053.78188 19.036 0.079 5.24 252.0
2460056.92304 19.162 0.112 5.85 371.0
2460059.75762 19.088 0.107 6.63 303.0
2460061.80402 19.064 0.084 5.16 299.0
2460063.80897 19.258 0.107 5.34 336.0
2460067.76107 19.136 0.108 5.41 421.0
2460069.73028 19.145 0.191 7.17 726.0
2460071.73501 18.924 0.148 6.11 968.0
2460076.91912 18.992 0.102 5.04 506.0
2460086.79451 19.121 0.137 7.21 315.0
2460087.87569 19.050 0.080 4.37 329.0
2460088.77746 19.126 0.094 5.68 264.0
2460090.83893 19.059 0.093 4.97 361.0
2460092.73493 19.094 0.087 4.92 301.0
2460095.85881 19.043 0.091 5.18 330.0
2460097.70771 19.150 0.112 4.79 447.0
2460098.78840 19.090 0.147 5.29 792.0
2460105.66170 19.117 0.102 5.79 249.0
2460106.89619 19.251 0.150 6.47 385.0
2460108.77059 19.197 0.125 6.39 271.0
2460110.65909 19.009 0.079 4.92 291.0
2460111.89198 19.017 0.131 5.51 624.0
2460113.62475 19.169 0.103 5.78 263.0
2460116.80221 19.148 0.099 5.52 265.0
2460119.77683 19.040 0.097 5.98 255.0
2460120.88743 19.145 0.135 6.57 359.0
2460122.85400 19.046 0.104 6.01 316.0
2460124.66658 19.116 0.105 5.31 411.0
2460125.79327 19.060 0.117 4.79 561.0
2460126.64496 19.194 0.140 4.65 714.0
2460130.85387 19.236 0.224 6.57 939.0
2460133.63807 19.049 0.152 7.87 362.0
2460138.79696 19.110 0.143 7.13 361.0
2460140.71437 19.092 0.093 5.46 253.0
2460142.60666 19.106 0.088 5.58 213.0
2460147.66813 19.226 0.127 6.39 292.0
2460150.62647 19.131 0.120 6.11 411.0
2460153.64731 19.115 0.099 4.97 370.0
2460158.65627 18.984 0.110 4.47 791.0
2460160.60421 19.142 0.114 5.47 370.0
2460162.56932 19.246 0.119 6.49 245.0
2460169.50587 19.110 0.106 6.40 243.0
2460170.73517 19.006 0.081 5.03 256.0
2460173.62461 19.135 0.090 5.10 232.0
2460178.60204 19.272 0.127 6.44 232.0
2460180.65595 19.143 0.109 5.45 344.0
2460181.58229 19.122 0.105 4.61 457.0
2460186.68414 19.053 0.172 6.31 888.0
2460193.62084 19.083 0.095 5.45 316.0
2460202.61485 19.135 0.114 5.81 300.0
2460206.48947 19.125 0.109 5.09 407.0
2460208.54201 19.060 0.135 6.67 371.0
2460215.54821 19.225 0.193 6.84 587.0
2460220.53604 19.204 0.154 7.24 322.0
2460227.56099 19.029 0.119 6.08 439.0
2460231.58634 19.135 0.134 6.22 427.0
2460244.55131 18.962 0.205 7.74 822.0
2460369.88093 18.996 0.089 4.15 482.0
2460372.86267 19.091 0.133 6.19 470.0
2460379.87629 19.077 0.084 4.28 357.0
2460383.84952 19.045 0.080 4.36 309.0
2460386.87036 19.085 0.087 4.83 298.0
2460389.87181 18.981 0.164 8.98 420.0
2460392.81193 19.106 0.117 5.06 506.0
2460394.91603 19.049 0.183 5.13 1452.0
2460397.81327 18.895 0.107 5.56 544.0
2460399.84455 19.029 0.093 4.14 527.0
2460405.90053 19.088 0.086 4.76 291.0
2460409.85923 19.018 0.074 4.36 314.0
2460417.76284 19.061 0.093 5.18 343.0
2460420.76873 19.218 0.109 4.69 360.0
2460420.80352 19.064 0.092 4.64 80.0
2460425.77485 18.994 0.107 5.44 526.0
2460434.76577 19.304 0.140 6.36 351.0
2460437.72684 19.041 0.135 7.47 307.0
2460440.91208 19.085 0.141 6.66 428.0
2460448.85764 19.121 0.102 5.23 320.0
2460450.73756 19.154 0.111 5.85 347.0
2460459.71709 19.116 0.105 5.41 490.0
2460461.80009 19.065 0.076 4.01 451.0
2460464.69472 19.106 0.074 4.40 369.0
2460466.90737 19.166 0.121 5.81 443.0
2460469.88230 19.186 0.118 5.46 375.0
2460476.86974 19.212 0.169 7.14 419.0
2460478.87978 19.234 0.168 7.45 341.0
2460481.76100 19.092 0.119 4.82 662.0
2460486.73351 19.198 0.159 6.25 494.0
2460488.86385 19.112 0.116 5.05 493.0
2460491.74855 19.044 0.104 6.31 229.0
2460493.73304 19.033 0.070 4.46 225.0
2460495.62147 19.063 0.140 8.45 230.0
2460497.69119 19.030 0.067 4.30 208.0
2460499.56220 19.139 0.107 6.37 229.0
2460500.70603 19.289 0.114 5.76 60.0
2460502.61332 19.015 0.113 6.99 267.0
2460504.61159 19.238 0.116 6.52 212.0
2460506.57458 19.123 0.083 4.81 303.0
2460507.83668 19.204 0.100 5.32 252.0
2460508.69896 19.027 0.117 6.30 375.0
2460508.75011 19.028 0.107 5.40 97.0
2460515.78397 19.122 0.168 7.40 500.0
2460517.75213 19.151 0.121 5.72 375.0
2460520.73484 19.056 0.077 4.79 256.0
2460530.50584 19.080 0.118 6.74 280.0
2460533.62655 19.008 0.080 5.42 214.0
2460535.67021 19.282 0.100 4.25 74.0
2460536.48658 19.104 0.114 5.80 387.0
2460544.72917 19.133 0.157 6.75 514.0
2460554.50976 19.137 0.105 5.67 297.0
2460556.65696 19.133 0.154 7.42 346.0
2460560.51287 19.134 0.115 6.14 322.0
2460562.59131 19.205 0.115 5.31 360.0
2460569.58282 19.106 0.149 6.41 618.0
2460573.55446 19.067 0.095 4.78 406.0
2460578.57259 19.117 0.141 7.40 316.0
2460582.51146 19.190 0.137 6.53 318.0
2460586.58505 19.102 0.141 6.93 354.0
2460604.55838 19.107 0.125 5.80 468.0
2460611.56128 19.173 0.156 6.11 598.0
2460619.51975 19.252 0.181 6.36 559.0
2460733.88033 19.194 0.102 5.12 351.0
2460736.88155 19.047 0.086 5.18 325.0
2460739.88010 19.170 0.112 5.37 373.0
2460742.86371 19.051 0.097 5.41 323.0
2460744.90568 19.267 0.236 5.64 1437.0
2460748.84992 19.092 0.096 4.64 456.0
2460750.87844 19.077 0.111 5.73 441.0
2460752.87383 19.081 0.117 5.41 462.0
2460754.79946 19.151 0.131 5.24 585.0
2460761.89018 19.011 0.119 6.67 345.0
2460763.86471 19.029 0.087 4.93 316.0
2460765.89889 18.927 0.059 4.12 238.0
2460767.90875 19.009 0.069 4.05 305.0
2460770.82109 19.091 0.087 4.78 314.0
2460772.84336 19.039 0.103 5.92 355.0
2460774.85276 19.047 0.086 5.31 266.0
2460777.85527 19.000 0.093 5.15 392.0
2460779.81975 19.043 0.104 4.93 510.0
2460781.76764 18.914 0.094 5.13 532.0
2460781.91290 19.110 0.100 4.38 536.0
2460787.83581 19.154 0.095 4.98 309.0
2460789.78733 18.976 0.080 5.14 261.0
2460790.92943 18.935 0.119 4.57 1002.0
2460792.80605 19.020 0.071 4.32 284.0
2460794.72673 18.979 0.092 5.90 268.0
2460797.72563 18.988 0.096 5.72 337.0
2460798.84400 18.923 0.074 4.69 327.0
2460800.70764 18.864 0.101 6.76 330.0
2460801.80716 18.924 0.079 5.21 293.0
2460802.93012 19.004 0.105 5.89 484.0
2460805.81636 18.894 0.086 5.09 432.0
2460806.86376 18.972 0.114 5.68 478.0
2460808.77818 18.858 0.089 4.69 603.0
2460814.86068 18.830 0.086 4.87 541.0
2460816.75735 18.840 0.068 5.12 229.0
2460817.89951 18.778 0.070 4.62 339.0
2460819.72628 18.695 0.056 4.80 237.0
2460820.88959 18.713 0.086 5.74 402.0
2460822.88629 18.718 0.078 5.53 374.0
2460824.65316 18.686 0.087 6.33 335.0
2460825.68953 18.661 0.050 4.26 237.0
2460827.72092 18.646 0.046 4.38 223.0
2460828.80643 18.608 0.044 4.00 224.0
2460831.73474 18.557 0.056 5.09 272.0
2460832.87434 18.473 0.083 7.87 318.0
2460834.79771 18.434 0.052 4.52 385.0
2460835.81411 18.404 0.070 4.18 1020.0
2460836.74746 18.434 0.069 4.94 652.0
2460843.63932 18.160 0.049 5.41 412.0
2460844.70653 18.072 0.047 6.39 286.0
2460845.87286 18.044 0.052 5.93 420.0
2460847.58036 17.894 0.043 5.68 435.0
2460848.58971 17.877 0.040 6.01 330.0
2460850.58916 17.739 0.038 6.16 374.0
2460851.59489 17.667 0.031 5.81 265.0
2460853.80731 17.558 0.032 6.10 314.0
2460854.83118 17.532 0.027 5.45 272.0
2460856.59779 17.456 0.025 5.67 274.0
2460858.71741 17.468 0.023 5.53 219.0
2460859.78088 17.493 0.025 4.82 244.0
2460860.80822 17.515 0.023 4.76 226.0
2460862.61946 17.641 0.040 8.05 311.0
2460863.65836 17.691 0.037 5.78 474.0
2460869.53788 18.058 0.079 8.07 629.0
2460870.69540 18.042 0.039 5.29 297.0
2460872.70675 18.159 0.043 5.05 250.0
2460873.81414 18.249 0.052 5.36 350.0
2460875.53907 18.286 0.042 4.72 308.0
2460876.69920 18.318 0.044 4.72 212.0
2460878.72092 18.374 0.042 4.56 205.0
2460880.63810 18.460 0.052 5.54 219.0
2460881.79449 18.496 0.061 5.38 343.0
2460885.61740 18.548 0.049 4.98 198.0
2460896.53718 18.924 0.135 5.85 759.0
2460898.62478 18.713 0.070 5.01 336.0
2460900.49416 18.790 0.075 5.24 333.0
2460901.64352 18.860 0.083 5.28 309.0
2460904.65331 18.956 0.122 7.71 248.0
2460912.54933 18.856 0.088 5.89 290.0
2460914.50217 18.940 0.091 5.72 314.0
2460915.71926 18.836 0.081 5.92 258.0
2460919.61895 18.937 0.133 6.69 543.0
2460936.57384 19.105 0.084 5.15 227.0
2460941.61644 18.986 0.098 6.90 319.0
2460944.51608 19.018 0.112 6.40 320.0
2460951.59214 18.980 0.139 7.07 572.0
2460956.55165 18.873 0.123 6.95 536.0
2460961.58136 19.168 0.185 8.11 472.0
2460969.52059 19.144 0.110 5.42 383.0
